# # t, EM energy in cavity (in meep units)
0.000000E+00 0.000000E+00
1.000000E-01 0.000000E+00
2.000000E-01 0.000000E+00
3.000000E-01 0.000000E+00
4.000000E-01 0.000000E+00
5.000000E-01 0.000000E+00
6.000000E-01 4.353058E-131
7.000000E-01 1.446140E-94
8.000000E-01 1.363170E-68
9.000000E-01 3.500585E-49
1.000000E+00 8.194504E-35
1.100000E+00 7.042593E-25
1.200000E+00 1.774440E-19
1.300000E+00 6.660991E-17
1.400000E+00 1.525276E-14
1.500000E+00 2.587146E-13
1.600000E+00 1.490209E-12
1.700000E+00 4.305901E-12
1.800000E+00 6.830404E-12
1.900000E+00 1.075872E-11
2.000000E+00 5.456150E-11
2.100000E+00 2.398747E-10
2.200000E+00 5.988704E-10
2.300000E+00 8.754392E-10
2.400000E+00 1.345002E-09
2.500000E+00 5.640533E-09
2.600000E+00 2.079201E-08
2.700000E+00 4.526550E-08
2.800000E+00 6.072176E-08
2.900000E+00 8.735528E-08
3.000000E+00 2.914377E-07
3.100000E+00 8.900407E-07
3.200000E+00 1.689120E-06
3.300000E+00 2.090583E-06
3.400000E+00 2.825600E-06
3.500000E+00 7.565341E-06
3.600000E+00 1.904284E-05
3.700000E+00 3.151052E-05
3.800000E+00 3.624269E-05
3.900000E+00 4.610010E-05
4.000000E+00 9.966382E-05
4.100000E+00 2.058487E-04
4.200000E+00 2.977719E-04
4.300000E+00 3.215539E-04
4.400000E+00 3.852065E-04
4.500000E+00 6.775367E-04
4.600000E+00 1.148199E-03
4.700000E+00 1.463470E-03
4.800000E+00 1.502626E-03
4.900000E+00 1.692177E-03
5.000000E+00 2.452449E-03
5.100000E+00 3.448457E-03
5.200000E+00 3.940419E-03
5.300000E+00 3.892161E-03
5.400000E+00 4.103578E-03
5.500000E+00 5.034800E-03
5.600000E+00 6.084602E-03
5.700000E+00 6.423001E-03
5.800000E+00 6.132461E-03
5.900000E+00 6.051560E-03
6.000000E+00 6.627494E-03
6.100000E+00 7.340093E-03
6.200000E+00 7.401018E-03
6.300000E+00 6.807566E-03
6.400000E+00 6.371769E-03
6.500000E+00 6.629292E-03
6.600000E+00 7.087130E-03
6.700000E+00 6.908067E-03
6.800000E+00 6.098737E-03
6.900000E+00 5.491167E-03
7.000000E+00 5.554763E-03
7.100000E+00 5.764298E-03
7.200000E+00 5.388956E-03
7.300000E+00 4.519701E-03
7.400000E+00 3.894098E-03
7.500000E+00 3.843701E-03
7.600000E+00 3.881938E-03
7.700000E+00 3.449523E-03
7.800000E+00 2.687879E-03
7.900000E+00 2.176751E-03
8.000000E+00 2.108482E-03
8.100000E+00 2.084531E-03
8.200000E+00 1.727877E-03
8.300000E+00 1.184863E-03
8.400000E+00 8.596889E-04
8.500000E+00 8.375655E-04
8.600000E+00 8.200506E-04
8.700000E+00 5.945818E-04
8.800000E+00 3.092070E-04
8.900000E+00 1.944943E-04
9.000000E+00 2.225325E-04
9.100000E+00 2.068879E-04
9.200000E+00 1.121089E-04
9.300000E+00 6.978470E-05
9.400000E+00 1.289338E-04
9.500000E+00 1.786762E-04
9.600000E+00 1.574707E-04
9.700000E+00 1.777438E-04
9.800000E+00 3.365946E-04
9.900000E+00 5.252635E-04
1.000000E+01 5.837814E-04
1.010000E+01 5.707719E-04
1.020000E+01 6.930147E-04
1.030000E+01 9.833959E-04
1.040000E+01 1.235911E-03
1.050000E+01 1.306366E-03
1.060000E+01 1.323780E-03
1.070000E+01 1.501875E-03
1.080000E+01 1.831339E-03
1.090000E+01 2.094831E-03
1.100000E+01 2.175107E-03
1.110000E+01 2.210018E-03
1.120000E+01 2.382148E-03
1.130000E+01 2.663713E-03
1.140000E+01 2.875905E-03
1.150000E+01 2.943222E-03
1.160000E+01 2.973384E-03
1.170000E+01 3.087915E-03
1.180000E+01 3.267186E-03
1.190000E+01 3.404301E-03
1.200000E+01 3.456767E-03
1.210000E+01 3.478080E-03
1.220000E+01 3.518043E-03
1.230000E+01 3.568774E-03
1.240000E+01 3.615049E-03
1.250000E+01 3.658652E-03
1.260000E+01 3.674637E-03
1.270000E+01 3.624245E-03
1.280000E+01 3.538859E-03
1.290000E+01 3.510467E-03
1.300000E+01 3.554667E-03
1.310000E+01 3.554643E-03
1.320000E+01 3.411854E-03
1.330000E+01 3.207362E-03
1.340000E+01 3.113819E-03
1.350000E+01 3.146332E-03
1.360000E+01 3.117525E-03
1.370000E+01 2.899202E-03
1.380000E+01 2.621172E-03
1.390000E+01 2.497498E-03
1.400000E+01 2.520761E-03
1.410000E+01 2.469783E-03
1.420000E+01 2.221468E-03
1.430000E+01 1.924593E-03
1.440000E+01 1.793445E-03
1.450000E+01 1.809948E-03
1.460000E+01 1.751755E-03
1.470000E+01 1.508581E-03
1.480000E+01 1.235901E-03
1.490000E+01 1.128064E-03
1.500000E+01 1.146031E-03
1.510000E+01 1.087578E-03
1.520000E+01 8.782211E-04
1.530000E+01 6.617133E-04
1.540000E+01 5.838700E-04
1.550000E+01 5.945632E-04
1.560000E+01 5.389359E-04
1.570000E+01 3.838753E-04
1.580000E+01 2.473727E-04
1.590000E+01 2.116493E-04
1.600000E+01 2.169131E-04
1.610000E+01 1.745667E-04
1.620000E+01 9.573499E-05
1.630000E+01 4.908230E-05
1.640000E+01 4.890591E-05
1.650000E+01 5.012497E-05
1.660000E+01 3.173160E-05
1.670000E+01 2.573879E-05
1.680000E+01 5.440597E-05
1.690000E+01 8.678897E-05
1.700000E+01 9.096293E-05
1.710000E+01 9.461783E-05
1.720000E+01 1.441595E-04
1.730000E+01 2.237936E-04
1.740000E+01 2.720504E-04
1.750000E+01 2.756655E-04
1.760000E+01 2.938581E-04
1.770000E+01 3.732318E-04
1.780000E+01 4.770033E-04
1.790000E+01 5.330714E-04
1.800000E+01 5.375549E-04
1.810000E+01 5.637205E-04
1.820000E+01 6.556306E-04
1.830000E+01 7.622600E-04
1.840000E+01 8.131933E-04
1.850000E+01 8.193312E-04
1.860000E+01 8.492468E-04
1.870000E+01 9.284983E-04
1.880000E+01 1.011888E-03
1.890000E+01 1.053245E-03
1.900000E+01 1.063802E-03
1.910000E+01 1.085927E-03
1.920000E+01 1.132351E-03
1.930000E+01 1.178335E-03
1.940000E+01 1.204671E-03
1.950000E+01 1.216858E-03
1.960000E+01 1.222758E-03
1.970000E+01 1.223014E-03
1.980000E+01 1.225328E-03
1.990000E+01 1.238628E-03
2.000000E+01 1.250442E-03
2.010000E+01 1.236085E-03
2.020000E+01 1.196050E-03
2.030000E+01 1.164276E-03
2.040000E+01 1.165825E-03
2.050000E+01 1.176109E-03
2.060000E+01 1.145751E-03
2.070000E+01 1.071424E-03
2.080000E+01 1.010943E-03
2.090000E+01 1.004856E-03
2.100000E+01 1.013079E-03
2.110000E+01 9.678168E-04
2.120000E+01 8.715904E-04
2.130000E+01 7.973983E-04
2.140000E+01 7.876445E-04
2.150000E+01 7.928047E-04
2.160000E+01 7.388589E-04
2.170000E+01 6.331930E-04
2.180000E+01 5.564477E-04
2.190000E+01 5.472484E-04
2.200000E+01 5.483142E-04
2.210000E+01 4.925945E-04
2.220000E+01 3.981089E-04
2.230000E+01 3.361337E-04
2.240000E+01 3.296912E-04
2.250000E+01 3.278270E-04
2.260000E+01 2.813176E-04
2.270000E+01 2.086639E-04
2.280000E+01 1.644107E-04
2.290000E+01 1.609304E-04
2.300000E+01 1.571004E-04
2.310000E+01 1.231322E-04
2.320000E+01 7.929434E-05
2.330000E+01 5.824496E-05
2.340000E+01 5.858168E-05
2.350000E+01 5.476957E-05
2.360000E+01 3.679982E-05
2.370000E+01 2.011035E-05
2.380000E+01 1.806932E-05
2.390000E+01 2.193685E-05
2.400000E+01 1.878086E-05
2.410000E+01 1.562231E-05
2.420000E+01 2.615134E-05
2.430000E+01 4.339680E-05
2.440000E+01 4.986542E-05
2.450000E+01 4.875306E-05
2.460000E+01 6.046047E-05
2.470000E+01 8.935402E-05
2.480000E+01 1.150466E-04
2.490000E+01 1.217981E-04
2.500000E+01 1.225742E-04
2.510000E+01 1.419050E-04
2.520000E+01 1.796202E-04
2.530000E+01 2.090807E-04
2.540000E+01 2.159035E-04
2.550000E+01 2.188131E-04
2.560000E+01 2.405121E-04
2.570000E+01 2.752505E-04
2.580000E+01 3.000380E-04
2.590000E+01 3.069394E-04
2.600000E+01 3.107819E-04
2.610000E+01 3.275449E-04
2.620000E+01 3.539340E-04
2.630000E+01 3.735550E-04
2.640000E+01 3.801310E-04
2.650000E+01 3.838898E-04
2.660000E+01 3.937512E-04
2.670000E+01 4.062690E-04
2.680000E+01 4.153965E-04
2.690000E+01 4.206650E-04
2.700000E+01 4.227327E-04
2.710000E+01 4.210099E-04
2.720000E+01 4.178529E-04
2.730000E+01 4.181893E-04
2.740000E+01 4.223105E-04
2.750000E+01 4.221063E-04
2.760000E+01 4.097452E-04
2.770000E+01 3.914284E-04
2.780000E+01 3.832599E-04
2.790000E+01 3.873154E-04
2.800000E+01 3.844344E-04
2.810000E+01 3.615670E-04
2.820000E+01 3.332638E-04
2.830000E+01 3.218715E-04
2.840000E+01 3.254304E-04
2.850000E+01 3.199994E-04
2.860000E+01 2.925892E-04
2.870000E+01 2.598536E-04
2.880000E+01 2.461110E-04
2.890000E+01 2.488192E-04
2.900000E+01 2.413583E-04
2.910000E+01 2.115890E-04
2.920000E+01 1.792312E-04
2.930000E+01 1.666684E-04
2.940000E+01 1.680882E-04
2.950000E+01 1.598682E-04
2.960000E+01 1.335803E-04
2.970000E+01 1.062643E-04
2.980000E+01 9.621171E-05
2.990000E+01 9.769334E-05
3.000000E+01 9.019420E-05
3.010000E+01 6.879197E-05
3.020000E+01 4.974312E-05
3.030000E+01 4.471136E-05
3.040000E+01 4.560160E-05
3.050000E+01 3.976876E-05
3.060000E+01 2.764909E-05
3.070000E+01 1.889675E-05
3.080000E+01 1.767325E-05
3.090000E+01 1.819858E-05
3.100000E+01 1.472034E-05
3.110000E+01 1.019139E-05
3.120000E+01 9.997108E-06
3.130000E+01 1.211698E-05
3.140000E+01 1.170563E-05
3.150000E+01 1.083976E-05
3.160000E+01 1.464397E-05
3.170000E+01 2.163956E-05
3.180000E+01 2.586643E-05
3.190000E+01 2.614408E-05
3.200000E+01 2.788220E-05
3.210000E+01 3.572558E-05
3.220000E+01 4.648735E-05
3.230000E+01 5.243385E-05
3.240000E+01 5.277848E-05
3.250000E+01 5.605513E-05
3.260000E+01 6.723159E-05
3.270000E+01 7.973100E-05
3.280000E+01 8.550004E-05
3.290000E+01 8.635375E-05
3.300000E+01 9.014584E-05
3.310000E+01 9.979174E-05
3.320000E+01 1.100291E-04
3.330000E+01 1.147059E-04
3.340000E+01 1.152101E-04
3.350000E+01 1.182747E-04
3.360000E+01 1.257822E-04
3.370000E+01 1.327513E-04
3.380000E+01 1.359032E-04
3.390000E+01 1.372754E-04
3.400000E+01 1.390410E-04
3.410000E+01 1.410461E-04
3.420000E+01 1.431048E-04
3.430000E+01 1.452447E-04
3.440000E+01 1.465547E-04
3.450000E+01 1.459888E-04
3.460000E+01 1.437826E-04
3.470000E+01 1.420082E-04
3.480000E+01 1.427819E-04
3.490000E+01 1.442498E-04
3.500000E+01 1.414192E-04
3.510000E+01 1.339073E-04
3.520000E+01 1.280644E-04
3.530000E+01 1.277819E-04
3.540000E+01 1.283761E-04
3.550000E+01 1.233065E-04
3.560000E+01 1.132918E-04
3.570000E+01 1.055808E-04
3.580000E+01 1.046084E-04
3.590000E+01 1.053202E-04
3.600000E+01 9.926253E-05
3.610000E+01 8.710808E-05
3.620000E+01 7.849782E-05
3.630000E+01 7.780324E-05
3.640000E+01 7.789869E-05
3.650000E+01 7.115217E-05
3.660000E+01 5.995703E-05
3.670000E+01 5.258344E-05
3.680000E+01 5.192692E-05
3.690000E+01 5.190380E-05
3.700000E+01 4.587039E-05
3.710000E+01 3.606983E-05
3.720000E+01 3.018646E-05
3.730000E+01 2.983149E-05
3.740000E+01 2.904543E-05
3.750000E+01 2.401104E-05
3.760000E+01 1.769685E-05
3.770000E+01 1.436787E-05
3.780000E+01 1.412723E-05
3.790000E+01 1.370387E-05
3.800000E+01 1.095404E-05
3.810000E+01 7.652842E-06
3.820000E+01 6.592359E-06
3.830000E+01 7.059631E-06
3.840000E+01 6.539205E-06
3.850000E+01 5.388630E-06
3.860000E+01 5.609658E-06
3.870000E+01 6.831451E-06
3.880000E+01 7.356046E-06
3.890000E+01 7.324939E-06
3.900000E+01 8.237643E-06
3.910000E+01 1.058784E-05
3.920000E+01 1.300412E-05
3.930000E+01 1.375638E-05
3.940000E+01 1.356966E-05
3.950000E+01 1.529339E-05
3.960000E+01 1.931435E-05
3.970000E+01 2.239695E-05
3.980000E+01 2.290824E-05
3.990000E+01 2.336282E-05
4.000000E+01 2.616145E-05
4.010000E+01 3.028892E-05
4.020000E+01 3.324249E-05
4.030000E+01 3.411768E-05
4.040000E+01 3.453354E-05
4.050000E+01 3.669781E-05
4.060000E+01 4.025007E-05
4.070000E+01 4.267563E-05
4.080000E+01 4.329386E-05
4.090000E+01 4.397131E-05
4.100000E+01 4.572197E-05
4.110000E+01 4.769072E-05
4.120000E+01 4.910158E-05
4.130000E+01 4.983138E-05
4.140000E+01 4.999018E-05
4.150000E+01 5.005500E-05
4.160000E+01 5.036580E-05
4.170000E+01 5.073162E-05
4.180000E+01 5.110002E-05
4.190000E+01 5.130397E-05
4.200000E+01 5.057285E-05
4.210000E+01 4.912156E-05
4.220000E+01 4.861937E-05
4.230000E+01 4.927887E-05
4.240000E+01 4.895035E-05
4.250000E+01 4.653555E-05
4.260000E+01 4.375992E-05
4.270000E+01 4.266930E-05
4.280000E+01 4.302935E-05
4.290000E+01 4.255844E-05
4.300000E+01 3.967014E-05
4.310000E+01 3.602476E-05
4.320000E+01 3.462638E-05
4.330000E+01 3.512033E-05
4.340000E+01 3.408001E-05
4.350000E+01 3.033831E-05
4.360000E+01 2.655727E-05
4.370000E+01 2.512999E-05
4.380000E+01 2.524128E-05
4.390000E+01 2.429927E-05
4.400000E+01 2.118183E-05
4.410000E+01 1.780932E-05
4.420000E+01 1.666906E-05
4.430000E+01 1.702039E-05
4.440000E+01 1.596203E-05
4.450000E+01 1.300240E-05
4.460000E+01 1.047604E-05
4.470000E+01 9.751144E-06
4.480000E+01 9.774393E-06
4.490000E+01 9.020421E-06
4.500000E+01 7.282263E-06
4.510000E+01 5.763584E-06
4.520000E+01 5.484076E-06
4.530000E+01 5.674126E-06
4.540000E+01 5.007071E-06
4.550000E+01 3.877426E-06
4.560000E+01 3.457105E-06
4.570000E+01 3.551919E-06
4.580000E+01 3.406785E-06
4.590000E+01 3.219554E-06
4.600000E+01 3.427461E-06
4.610000E+01 3.888467E-06
4.620000E+01 4.290612E-06
4.630000E+01 4.444261E-06
4.640000E+01 4.524810E-06
4.650000E+01 5.135464E-06
4.660000E+01 6.230142E-06
4.670000E+01 6.815724E-06
4.680000E+01 6.725979E-06
4.690000E+01 7.099148E-06
4.700000E+01 8.374155E-06
4.710000E+01 9.654632E-06
4.720000E+01 1.026760E-05
4.730000E+01 1.046164E-05
4.740000E+01 1.086680E-05
4.750000E+01 1.191395E-05
4.760000E+01 1.318400E-05
4.770000E+01 1.373694E-05
4.780000E+01 1.367992E-05
4.790000E+01 1.410575E-05
4.800000E+01 1.519026E-05
4.810000E+01 1.608656E-05
4.820000E+01 1.650198E-05
4.830000E+01 1.678035E-05
4.840000E+01 1.708421E-05
4.850000E+01 1.748430E-05
4.860000E+01 1.797879E-05
4.870000E+01 1.827642E-05
4.880000E+01 1.830483E-05
4.890000E+01 1.833179E-05
4.900000E+01 1.832743E-05
4.910000E+01 1.822249E-05
4.920000E+01 1.835342E-05
4.930000E+01 1.863460E-05
4.940000E+01 1.838198E-05
4.950000E+01 1.762661E-05
4.960000E+01 1.717726E-05
4.970000E+01 1.722747E-05
4.980000E+01 1.719376E-05
4.990000E+01 1.663201E-05
5.000000E+01 1.562346E-05
5.010000E+01 1.479306E-05
5.020000E+01 1.474373E-05
5.030000E+01 1.495148E-05
5.040000E+01 1.428176E-05
5.050000E+01 1.288837E-05
5.060000E+01 1.202114E-05
5.070000E+01 1.198784E-05
5.080000E+01 1.187879E-05
5.090000E+01 1.102333E-05
5.100000E+01 9.695896E-06
5.110000E+01 8.749768E-06
5.120000E+01 8.677113E-06
5.130000E+01 8.771162E-06
5.140000E+01 8.001804E-06
5.150000E+01 6.709280E-06
5.160000E+01 6.038031E-06
5.170000E+01 6.036026E-06
5.180000E+01 5.830224E-06
5.190000E+01 5.096437E-06
5.200000E+01 4.229724E-06
5.210000E+01 3.708499E-06
5.220000E+01 3.687146E-06
5.230000E+01 3.729486E-06
5.240000E+01 3.317977E-06
5.250000E+01 2.748513E-06
5.260000E+01 2.601022E-06
5.270000E+01 2.665423E-06
5.280000E+01 2.477827E-06
5.290000E+01 2.191577E-06
5.300000E+01 2.075713E-06
5.310000E+01 2.056671E-06
5.320000E+01 2.082692E-06
5.330000E+01 2.146910E-06
5.340000E+01 2.176618E-06
5.350000E+01 2.294206E-06
5.360000E+01 2.567320E-06
5.370000E+01 2.673697E-06
5.380000E+01 2.547446E-06
5.390000E+01 2.652378E-06
5.400000E+01 3.070924E-06
5.410000E+01 3.346956E-06
5.420000E+01 3.390091E-06
5.430000E+01 3.516930E-06
5.440000E+01 3.838225E-06
5.450000E+01 4.274597E-06
5.460000E+01 4.669866E-06
5.470000E+01 4.787305E-06
5.480000E+01 4.743771E-06
5.490000E+01 4.975982E-06
5.500000E+01 5.434939E-06
5.510000E+01 5.673640E-06
5.520000E+01 5.707540E-06
5.530000E+01 5.850923E-06
5.540000E+01 6.098432E-06
5.550000E+01 6.348513E-06
5.560000E+01 6.599018E-06
5.570000E+01 6.717068E-06
5.580000E+01 6.673086E-06
5.590000E+01 6.708611E-06
5.600000E+01 6.850430E-06
5.610000E+01 6.901201E-06
5.620000E+01 6.924612E-06
5.630000E+01 7.011292E-06
5.640000E+01 6.982101E-06
5.650000E+01 6.857661E-06
5.660000E+01 6.897485E-06
5.670000E+01 7.009918E-06
5.680000E+01 6.911980E-06
5.690000E+01 6.654899E-06
5.700000E+01 6.423121E-06
5.710000E+01 6.286802E-06
5.720000E+01 6.290371E-06
5.730000E+01 6.273132E-06
5.740000E+01 5.954782E-06
5.750000E+01 5.529655E-06
5.760000E+01 5.440760E-06
5.770000E+01 5.544156E-06
5.780000E+01 5.369281E-06
5.790000E+01 4.923937E-06
5.800000E+01 4.534132E-06
5.810000E+01 4.353241E-06
5.820000E+01 4.336396E-06
5.830000E+01 4.243288E-06
5.840000E+01 3.848714E-06
5.850000E+01 3.408510E-06
5.860000E+01 3.326973E-06
5.870000E+01 3.410702E-06
5.880000E+01 3.222386E-06
5.890000E+01 2.830014E-06
5.900000E+01 2.539896E-06
5.910000E+01 2.410405E-06
5.920000E+01 2.363946E-06
5.930000E+01 2.268646E-06
5.940000E+01 2.002180E-06
5.950000E+01 1.742822E-06
5.960000E+01 1.739197E-06
5.970000E+01 1.805202E-06
5.980000E+01 1.670054E-06
5.990000E+01 1.485005E-06
6.000000E+01 1.432457E-06
6.010000E+01 1.402650E-06
6.020000E+01 1.340087E-06
6.030000E+01 1.307313E-06
6.040000E+01 1.270606E-06
6.050000E+01 1.249947E-06
6.060000E+01 1.323937E-06
6.070000E+01 1.379513E-06
6.080000E+01 1.337741E-06
6.090000E+01 1.373560E-06
6.100000E+01 1.511573E-06
6.110000E+01 1.536124E-06
6.120000E+01 1.467522E-06
6.130000E+01 1.504291E-06
6.140000E+01 1.620781E-06
6.150000E+01 1.719279E-06
6.160000E+01 1.817182E-06
6.170000E+01 1.876677E-06
6.180000E+01 1.895791E-06
6.190000E+01 2.019430E-06
6.200000E+01 2.209385E-06
6.210000E+01 2.247914E-06
6.220000E+01 2.190486E-06
6.230000E+01 2.247717E-06
6.240000E+01 2.374225E-06
6.250000E+01 2.457895E-06
6.260000E+01 2.538614E-06
6.270000E+01 2.603444E-06
6.280000E+01 2.619999E-06
6.290000E+01 2.689298E-06
6.300000E+01 2.805150E-06
6.310000E+01 2.817322E-06
6.320000E+01 2.766760E-06
6.330000E+01 2.783009E-06
6.340000E+01 2.799256E-06
6.350000E+01 2.776222E-06
6.360000E+01 2.820003E-06
6.370000E+01 2.884036E-06
6.380000E+01 2.843714E-06
6.390000E+01 2.783918E-06
6.400000E+01 2.793233E-06
6.410000E+01 2.786469E-06
6.420000E+01 2.738105E-06
6.430000E+01 2.685760E-06
6.440000E+01 2.580942E-06
6.450000E+01 2.470375E-06
6.460000E+01 2.489238E-06
6.470000E+01 2.538775E-06
6.480000E+01 2.438720E-06
6.490000E+01 2.286726E-06
6.500000E+01 2.233518E-06
6.510000E+01 2.215147E-06
6.520000E+01 2.157529E-06
6.530000E+01 2.061379E-06
6.540000E+01 1.904507E-06
6.550000E+01 1.766167E-06
6.560000E+01 1.772111E-06
6.570000E+01 1.804022E-06
6.580000E+01 1.685401E-06
6.590000E+01 1.528625E-06
6.600000E+01 1.485652E-06
6.610000E+01 1.474961E-06
6.620000E+01 1.413317E-06
6.630000E+01 1.326004E-06
6.640000E+01 1.210680E-06
6.650000E+01 1.112592E-06
6.660000E+01 1.117512E-06
6.670000E+01 1.136175E-06
6.680000E+01 1.049615E-06
6.690000E+01 9.643043E-07
6.700000E+01 9.731596E-07
6.710000E+01 9.691076E-07
6.720000E+01 9.102675E-07
6.730000E+01 8.738274E-07
6.740000E+01 8.453565E-07
6.750000E+01 8.024581E-07
6.760000E+01 8.049288E-07
6.770000E+01 8.228765E-07
6.780000E+01 7.927313E-07
6.790000E+01 7.916071E-07
6.800000E+01 8.504794E-07
6.810000E+01 8.556076E-07
6.820000E+01 8.116097E-07
6.830000E+01 8.294842E-07
6.840000E+01 8.730024E-07
6.850000E+01 8.693360E-07
6.860000E+01 8.697629E-07
6.870000E+01 8.917825E-07
6.880000E+01 9.012637E-07
6.890000E+01 9.452078E-07
6.900000E+01 1.021694E-06
6.910000E+01 1.029200E-06
6.920000E+01 9.980323E-07
6.930000E+01 1.039622E-06
6.940000E+01 1.100571E-06
6.950000E+01 1.098427E-06
6.960000E+01 1.093981E-06
6.970000E+01 1.118236E-06
6.980000E+01 1.130157E-06
6.990000E+01 1.162976E-06
7.000000E+01 1.226595E-06
7.010000E+01 1.238083E-06
7.020000E+01 1.213763E-06
7.030000E+01 1.240386E-06
7.040000E+01 1.272467E-06
7.050000E+01 1.252933E-06
7.060000E+01 1.245922E-06
7.070000E+01 1.262398E-06
7.080000E+01 1.244512E-06
7.090000E+01 1.234845E-06
7.100000E+01 1.272977E-06
7.110000E+01 1.284627E-06
7.120000E+01 1.255082E-06
7.130000E+01 1.247134E-06
7.140000E+01 1.236378E-06
7.150000E+01 1.196018E-06
7.160000E+01 1.185486E-06
7.170000E+01 1.189456E-06
7.180000E+01 1.138499E-06
7.190000E+01 1.090831E-06
7.200000E+01 1.110453E-06
7.210000E+01 1.122925E-06
7.220000E+01 1.086600E-06
7.230000E+01 1.053100E-06
7.240000E+01 1.019397E-06
7.250000E+01 9.730519E-07
7.260000E+01 9.601010E-07
7.270000E+01 9.531236E-07
7.280000E+01 8.881442E-07
7.290000E+01 8.306817E-07
7.300000E+01 8.452769E-07
7.310000E+01 8.547146E-07
7.320000E+01 8.149798E-07
7.330000E+01 7.812516E-07
7.340000E+01 7.543476E-07
7.350000E+01 7.135230E-07
7.360000E+01 6.971547E-07
7.370000E+01 6.894667E-07
7.380000E+01 6.381616E-07
7.390000E+01 5.972588E-07
7.400000E+01 6.162040E-07
7.410000E+01 6.235142E-07
7.420000E+01 5.909408E-07
7.430000E+01 5.790625E-07
7.440000E+01 5.779273E-07
7.450000E+01 5.495253E-07
7.460000E+01 5.319718E-07
7.470000E+01 5.318384E-07
7.480000E+01 5.074612E-07
7.490000E+01 4.918372E-07
7.500000E+01 5.157954E-07
7.510000E+01 5.203856E-07
7.520000E+01 4.987709E-07
7.530000E+01 5.126576E-07
7.540000E+01 5.356169E-07
7.550000E+01 5.161965E-07
7.560000E+01 4.989572E-07
7.570000E+01 5.094567E-07
7.580000E+01 5.080170E-07
7.590000E+01 5.081075E-07
7.600000E+01 5.325104E-07
7.610000E+01 5.371307E-07
7.620000E+01 5.254753E-07
7.630000E+01 5.528341E-07
7.640000E+01 5.852180E-07
7.650000E+01 5.704014E-07
7.660000E+01 5.559478E-07
7.670000E+01 5.713962E-07
7.680000E+01 5.753151E-07
7.690000E+01 5.748047E-07
7.700000E+01 5.948496E-07
7.710000E+01 5.991525E-07
7.720000E+01 5.884831E-07
7.730000E+01 6.112144E-07
7.740000E+01 6.378563E-07
7.750000E+01 6.232006E-07
7.760000E+01 6.111705E-07
7.770000E+01 6.240976E-07
7.780000E+01 6.189067E-07
7.790000E+01 6.069765E-07
7.800000E+01 6.208919E-07
7.810000E+01 6.251112E-07
7.820000E+01 6.093497E-07
7.830000E+01 6.172606E-07
7.840000E+01 6.321042E-07
7.850000E+01 6.174315E-07
7.860000E+01 6.071264E-07
7.870000E+01 6.125237E-07
7.880000E+01 5.933026E-07
7.890000E+01 5.695067E-07
7.900000E+01 5.782632E-07
7.910000E+01 5.803936E-07
7.920000E+01 5.569400E-07
7.930000E+01 5.513926E-07
7.940000E+01 5.579675E-07
7.950000E+01 5.438677E-07
7.960000E+01 5.335980E-07
7.970000E+01 5.333732E-07
7.980000E+01 5.074095E-07
7.990000E+01 4.788354E-07
8.000000E+01 4.844397E-07
8.010000E+01 4.846779E-07
8.020000E+01 4.586362E-07
8.030000E+01 4.495310E-07
8.040000E+01 4.553765E-07
8.050000E+01 4.432188E-07
8.060000E+01 4.331711E-07
8.070000E+01 4.329452E-07
8.080000E+01 4.103834E-07
8.090000E+01 3.845961E-07
8.100000E+01 3.884990E-07
8.110000E+01 3.871724E-07
8.120000E+01 3.641124E-07
8.130000E+01 3.605319E-07
8.140000E+01 3.710055E-07
8.150000E+01 3.607182E-07
8.160000E+01 3.514933E-07
8.170000E+01 3.568552E-07
8.180000E+01 3.448603E-07
8.190000E+01 3.254837E-07
8.200000E+01 3.283844E-07
8.210000E+01 3.275533E-07
8.220000E+01 3.118035E-07
8.230000E+01 3.169644E-07
8.240000E+01 3.323637E-07
8.250000E+01 3.237324E-07
8.260000E+01 3.166252E-07
8.270000E+01 3.286692E-07
8.280000E+01 3.263117E-07
8.290000E+01 3.119689E-07
8.300000E+01 3.141194E-07
8.310000E+01 3.144415E-07
8.320000E+01 3.043589E-07
8.330000E+01 3.143524E-07
8.340000E+01 3.314839E-07
8.350000E+01 3.238749E-07
8.360000E+01 3.186849E-07
8.370000E+01 3.343447E-07
8.380000E+01 3.363540E-07
8.390000E+01 3.237878E-07
8.400000E+01 3.255141E-07
8.410000E+01 3.271279E-07
8.420000E+01 3.188465E-07
8.430000E+01 3.274670E-07
8.440000E+01 3.425971E-07
8.450000E+01 3.358332E-07
8.460000E+01 3.316981E-07
8.470000E+01 3.461180E-07
8.480000E+01 3.463693E-07
8.490000E+01 3.328901E-07
8.500000E+01 3.344786E-07
8.510000E+01 3.360351E-07
8.520000E+01 3.249931E-07
8.530000E+01 3.277458E-07
8.540000E+01 3.391689E-07
8.550000E+01 3.329512E-07
8.560000E+01 3.282906E-07
8.570000E+01 3.385455E-07
8.580000E+01 3.349480E-07
8.590000E+01 3.203148E-07
8.600000E+01 3.219697E-07
8.610000E+01 3.227777E-07
8.620000E+01 3.080769E-07
8.630000E+01 3.049556E-07
8.640000E+01 3.130793E-07
8.650000E+01 3.072125E-07
8.660000E+01 3.015234E-07
8.670000E+01 3.079385E-07
8.680000E+01 3.018146E-07
8.690000E+01 2.871252E-07
8.700000E+01 2.888006E-07
8.710000E+01 2.887379E-07
8.720000E+01 2.719835E-07
8.730000E+01 2.658342E-07
8.740000E+01 2.722336E-07
8.750000E+01 2.664078E-07
8.760000E+01 2.600119E-07
8.770000E+01 2.653500E-07
8.780000E+01 2.601906E-07
8.790000E+01 2.470159E-07
8.800000E+01 2.486769E-07
8.810000E+01 2.488648E-07
8.820000E+01 2.334652E-07
8.830000E+01 2.277612E-07
8.840000E+01 2.336561E-07
8.850000E+01 2.278054E-07
8.860000E+01 2.219073E-07
8.870000E+01 2.288837E-07
8.880000E+01 2.268610E-07
8.890000E+01 2.157449E-07
8.900000E+01 2.174312E-07
8.910000E+01 2.188540E-07
8.920000E+01 2.066804E-07
8.930000E+01 2.029274E-07
8.940000E+01 2.087571E-07
8.950000E+01 2.029892E-07
8.960000E+01 1.982661E-07
8.970000E+01 2.077677E-07
8.980000E+01 2.091592E-07
8.990000E+01 1.999701E-07
9.000000E+01 2.018831E-07
9.010000E+01 2.050145E-07
9.020000E+01 1.961319E-07
9.030000E+01 1.938852E-07
9.040000E+01 1.993813E-07
9.050000E+01 1.939462E-07
9.060000E+01 1.903498E-07
9.070000E+01 2.011358E-07
9.080000E+01 2.041918E-07
9.090000E+01 1.961723E-07
9.100000E+01 1.984389E-07
9.110000E+01 2.026443E-07
9.120000E+01 1.951714E-07
9.130000E+01 1.927778E-07
9.140000E+01 1.976247E-07
9.150000E+01 1.926568E-07
9.160000E+01 1.892245E-07
9.170000E+01 1.991741E-07
9.180000E+01 2.021111E-07
9.190000E+01 1.948000E-07
9.200000E+01 1.973923E-07
9.210000E+01 2.016992E-07
9.220000E+01 1.939196E-07
9.230000E+01 1.902560E-07
9.240000E+01 1.943456E-07
9.250000E+01 1.897948E-07
9.260000E+01 1.856213E-07
9.270000E+01 1.932273E-07
9.280000E+01 1.949316E-07
9.290000E+01 1.880124E-07
9.300000E+01 1.907060E-07
9.310000E+01 1.943436E-07
9.320000E+01 1.854348E-07
9.330000E+01 1.803467E-07
9.340000E+01 1.838803E-07
9.350000E+01 1.795945E-07
9.360000E+01 1.742736E-07
9.370000E+01 1.794400E-07
9.380000E+01 1.801349E-07
9.390000E+01 1.736682E-07
9.400000E+01 1.762473E-07
9.410000E+01 1.792591E-07
9.420000E+01 1.699226E-07
9.430000E+01 1.642672E-07
9.440000E+01 1.675028E-07
9.450000E+01 1.633818E-07
9.460000E+01 1.573429E-07
9.470000E+01 1.610633E-07
9.480000E+01 1.614223E-07
9.490000E+01 1.553736E-07
9.500000E+01 1.577450E-07
9.510000E+01 1.607178E-07
9.520000E+01 1.521113E-07
9.530000E+01 1.468070E-07
9.540000E+01 1.499584E-07
9.550000E+01 1.460781E-07
9.560000E+01 1.400563E-07
9.570000E+01 1.435035E-07
9.580000E+01 1.442292E-07
9.590000E+01 1.386295E-07
9.600000E+01 1.408756E-07
9.610000E+01 1.444902E-07
9.620000E+01 1.375807E-07
9.630000E+01 1.332111E-07
9.640000E+01 1.363613E-07
9.650000E+01 1.328725E-07
9.660000E+01 1.274411E-07
9.670000E+01 1.311763E-07
9.680000E+01 1.323557E-07
9.690000E+01 1.270877E-07
9.700000E+01 1.293144E-07
9.710000E+01 1.337770E-07
9.720000E+01 1.285869E-07
9.730000E+01 1.250762E-07
9.740000E+01 1.282662E-07
9.750000E+01 1.252965E-07
9.760000E+01 1.204554E-07
9.770000E+01 1.242566E-07
9.780000E+01 1.256544E-07
9.790000E+01 1.207030E-07
9.800000E+01 1.229257E-07
9.810000E+01 1.279069E-07
9.820000E+01 1.238721E-07
9.830000E+01 1.208961E-07
9.840000E+01 1.241362E-07
9.850000E+01 1.216364E-07
9.860000E+01 1.169762E-07
9.870000E+01 1.202274E-07
9.880000E+01 1.214316E-07
9.890000E+01 1.167266E-07
9.900000E+01 1.188032E-07
9.910000E+01 1.236861E-07
9.920000E+01 1.200183E-07
9.930000E+01 1.172102E-07
9.940000E+01 1.205158E-07
9.950000E+01 1.183466E-07
9.960000E+01 1.133931E-07
9.970000E+01 1.156283E-07
9.980000E+01 1.164791E-07
9.990000E+01 1.120306E-07
1.000000E+02 1.137744E-07
1.001000E+02 1.180981E-07
1.002000E+02 1.144050E-07
1.003000E+02 1.116688E-07
1.004000E+02 1.150188E-07
1.005000E+02 1.130190E-07
1.006000E+02 1.076156E-07
1.007000E+02 1.088298E-07
1.008000E+02 1.093570E-07
1.009000E+02 1.051008E-07
1.010000E+02 1.063891E-07
1.011000E+02 1.100710E-07
1.012000E+02 1.063656E-07
1.013000E+02 1.037445E-07
1.014000E+02 1.071031E-07
1.015000E+02 1.052568E-07
1.016000E+02 9.962719E-08
1.017000E+02 1.002013E-07
1.018000E+02 1.006167E-07
1.019000E+02 9.653834E-08
1.020000E+02 9.740406E-08
1.021000E+02 1.006921E-07
1.022000E+02 9.728917E-08
1.023000E+02 9.491804E-08
1.024000E+02 9.823697E-08
1.025000E+02 9.662845E-08
1.026000E+02 9.119510E-08
1.027000E+02 9.160554E-08
1.028000E+02 9.206436E-08
1.029000E+02 8.811730E-08
1.030000E+02 8.868052E-08
1.031000E+02 9.188498E-08
1.032000E+02 8.901665E-08
1.033000E+02 8.692779E-08
1.034000E+02 9.018735E-08
1.035000E+02 8.896124E-08
1.036000E+02 8.405567E-08
1.037000E+02 8.459450E-08
1.038000E+02 8.518716E-08
1.039000E+02 8.139540E-08
1.040000E+02 8.177575E-08
1.041000E+02 8.503308E-08
1.042000E+02 8.273292E-08
1.043000E+02 8.089766E-08
1.044000E+02 8.409317E-08
1.045000E+02 8.329548E-08
1.046000E+02 7.898980E-08
1.047000E+02 7.968893E-08
1.048000E+02 8.039407E-08
1.049000E+02 7.676039E-08
1.050000E+02 7.697019E-08
1.051000E+02 8.017503E-08
1.052000E+02 7.825002E-08
1.053000E+02 7.656805E-08
1.054000E+02 7.970236E-08
1.055000E+02 7.927858E-08
1.056000E+02 7.541952E-08
1.057000E+02 7.614470E-08
1.058000E+02 7.693485E-08
1.059000E+02 7.348654E-08
1.060000E+02 7.345497E-08
1.061000E+02 7.637652E-08
1.062000E+02 7.459912E-08
1.063000E+02 7.300247E-08
1.064000E+02 7.605421E-08
1.065000E+02 7.585499E-08
1.066000E+02 7.222471E-08
1.067000E+02 7.284531E-08
1.068000E+02 7.369040E-08
1.069000E+02 7.040534E-08
1.070000E+02 7.003507E-08
1.071000E+02 7.249650E-08
1.072000E+02 7.071569E-08
1.073000E+02 6.915468E-08
1.074000E+02 7.208542E-08
1.075000E+02 7.199415E-08
1.076000E+02 6.847626E-08
1.077000E+02 6.896179E-08
1.078000E+02 6.987096E-08
1.079000E+02 6.674026E-08
1.080000E+02 6.601166E-08
1.081000E+02 6.799746E-08
1.082000E+02 6.620895E-08
1.083000E+02 6.467726E-08
1.084000E+02 6.744222E-08
1.085000E+02 6.740845E-08
1.086000E+02 6.403116E-08
1.087000E+02 6.445256E-08
1.088000E+02 6.543118E-08
1.089000E+02 6.243383E-08
1.090000E+02 6.141673E-08
1.091000E+02 6.305828E-08
1.092000E+02 6.133578E-08
1.093000E+02 5.982293E-08
1.094000E+02 6.239712E-08
1.095000E+02 6.246167E-08
1.096000E+02 5.934233E-08
1.097000E+02 5.979663E-08
1.098000E+02 6.085396E-08
1.099000E+02 5.801024E-08
1.100000E+02 5.684065E-08
1.101000E+02 5.831101E-08
1.102000E+02 5.673659E-08
1.103000E+02 5.523933E-08
1.104000E+02 5.761827E-08
1.105000E+02 5.783008E-08
1.106000E+02 5.505953E-08
1.107000E+02 5.560347E-08
1.108000E+02 5.673023E-08
1.109000E+02 5.406009E-08
1.110000E+02 5.285319E-08
1.111000E+02 5.426868E-08
1.112000E+02 5.286931E-08
1.113000E+02 5.137306E-08
1.114000E+02 5.356335E-08
1.115000E+02 5.393907E-08
1.116000E+02 5.152246E-08
1.117000E+02 5.214744E-08
1.118000E+02 5.333678E-08
1.119000E+02 5.087082E-08
1.120000E+02 4.968457E-08
1.121000E+02 5.106469E-08
1.122000E+02 4.981835E-08
1.123000E+02 4.831833E-08
1.124000E+02 5.031786E-08
1.125000E+02 5.080127E-08
1.126000E+02 4.865536E-08
1.127000E+02 4.931247E-08
1.128000E+02 5.055176E-08
1.129000E+02 4.828944E-08
1.130000E+02 4.711317E-08
1.131000E+02 4.841724E-08
1.132000E+02 4.728099E-08
1.133000E+02 4.577091E-08
1.134000E+02 4.756402E-08
1.135000E+02 4.807082E-08
1.136000E+02 4.609079E-08
1.137000E+02 4.672908E-08
1.138000E+02 4.801044E-08
1.139000E+02 4.594272E-08
1.140000E+02 4.474909E-08
1.141000E+02 4.593493E-08
1.142000E+02 4.488063E-08
1.143000E+02 4.336168E-08
1.144000E+02 4.492783E-08
1.145000E+02 4.538104E-08
1.146000E+02 4.349130E-08
1.147000E+02 4.408311E-08
1.148000E+02 4.539204E-08
1.149000E+02 4.349587E-08
1.150000E+02 4.227540E-08
1.151000E+02 4.334424E-08
1.152000E+02 4.236831E-08
1.153000E+02 4.083797E-08
1.154000E+02 4.216894E-08
1.155000E+02 4.254584E-08
1.156000E+02 4.073097E-08
1.157000E+02 4.127261E-08
1.158000E+02 4.259458E-08
1.159000E+02 4.086372E-08
1.160000E+02 3.965017E-08
1.161000E+02 4.064415E-08
1.162000E+02 3.975904E-08
1.163000E+02 3.821957E-08
1.164000E+02 3.932929E-08
1.165000E+02 3.964901E-08
1.166000E+02 3.792839E-08
1.167000E+02 3.842552E-08
1.168000E+02 3.974263E-08
1.169000E+02 3.817732E-08
1.170000E+02 3.702283E-08
1.171000E+02 3.799759E-08
1.172000E+02 3.721591E-08
1.173000E+02 3.567100E-08
1.174000E+02 3.659111E-08
1.175000E+02 3.689546E-08
1.176000E+02 3.529549E-08
1.177000E+02 3.574998E-08
1.178000E+02 3.704882E-08
1.179000E+02 3.565825E-08
1.180000E+02 3.460819E-08
1.181000E+02 3.559896E-08
1.182000E+02 3.492352E-08
1.183000E+02 3.338479E-08
1.184000E+02 3.415078E-08
1.185000E+02 3.446423E-08
1.186000E+02 3.298672E-08
1.187000E+02 3.339139E-08
1.188000E+02 3.466005E-08
1.189000E+02 3.343934E-08
1.190000E+02 3.250402E-08
1.191000E+02 3.351493E-08
1.192000E+02 3.293995E-08
1.193000E+02 3.142090E-08
1.194000E+02 3.205874E-08
1.195000E+02 3.238228E-08
1.196000E+02 3.100860E-08
1.197000E+02 3.135208E-08
1.198000E+02 3.258111E-08
1.199000E+02 3.151320E-08
1.200000E+02 3.067408E-08
1.201000E+02 3.168608E-08
1.202000E+02 3.120204E-08
1.203000E+02 2.971755E-08
1.204000E+02 3.024113E-08
1.205000E+02 3.055498E-08
1.206000E+02 2.925509E-08
1.207000E+02 2.952696E-08
1.208000E+02 3.070483E-08
1.209000E+02 2.975848E-08
1.210000E+02 2.898212E-08
1.211000E+02 2.997310E-08
1.212000E+02 2.957277E-08
1.213000E+02 2.813364E-08
1.214000E+02 2.855131E-08
1.215000E+02 2.883987E-08
1.216000E+02 2.759418E-08
1.217000E+02 2.778926E-08
1.218000E+02 2.890418E-08
1.219000E+02 2.805141E-08
1.220000E+02 2.731447E-08
1.221000E+02 2.827218E-08
1.222000E+02 2.795052E-08
1.223000E+02 2.656558E-08
1.224000E+02 2.689032E-08
1.225000E+02 2.715183E-08
1.226000E+02 2.595355E-08
1.227000E+02 2.607062E-08
1.228000E+02 2.711165E-08
1.229000E+02 2.633272E-08
1.230000E+02 2.562765E-08
1.231000E+02 2.655235E-08
1.232000E+02 2.630603E-08
1.233000E+02 2.498243E-08
1.234000E+02 2.523581E-08
1.235000E+02 2.548662E-08
1.236000E+02 2.434197E-08
1.237000E+02 2.438286E-08
1.238000E+02 2.534391E-08
1.239000E+02 2.463288E-08
1.240000E+02 2.396638E-08
1.241000E+02 2.486341E-08
1.242000E+02 2.468770E-08
1.243000E+02 2.343346E-08
1.244000E+02 2.364228E-08
1.245000E+02 2.390280E-08
1.246000E+02 2.281823E-08
1.247000E+02 2.278583E-08
1.248000E+02 2.366587E-08
1.249000E+02 2.302138E-08
1.250000E+02 2.239963E-08
1.251000E+02 2.327164E-08
1.252000E+02 2.316092E-08
1.253000E+02 2.198336E-08
1.254000E+02 2.217085E-08
1.255000E+02 2.245625E-08
1.256000E+02 2.143517E-08
1.257000E+02 2.133425E-08
1.258000E+02 2.213637E-08
1.259000E+02 2.155642E-08
1.260000E+02 2.097854E-08
1.261000E+02 2.182165E-08
1.262000E+02 2.176882E-08
1.263000E+02 2.067283E-08
1.264000E+02 2.085243E-08
1.265000E+02 2.116471E-08
1.266000E+02 2.020363E-08
1.267000E+02 2.004043E-08
1.268000E+02 2.076886E-08
1.269000E+02 2.024466E-08
1.270000E+02 1.969947E-08
1.271000E+02 2.050530E-08
1.272000E+02 2.050325E-08
1.273000E+02 1.948909E-08
1.274000E+02 1.966360E-08
1.275000E+02 1.999650E-08
1.276000E+02 1.909088E-08
1.277000E+02 1.887375E-08
1.278000E+02 1.953255E-08
1.279000E+02 1.905231E-08
1.280000E+02 1.852601E-08
1.281000E+02 1.928574E-08
1.282000E+02 1.932655E-08
1.283000E+02 1.839020E-08
1.284000E+02 1.855679E-08
1.285000E+02 1.890138E-08
1.286000E+02 1.804713E-08
1.287000E+02 1.778509E-08
1.288000E+02 1.837832E-08
1.289000E+02 1.793110E-08
1.290000E+02 1.741249E-08
1.291000E+02 1.812004E-08
1.292000E+02 1.819574E-08
1.293000E+02 1.733089E-08
1.294000E+02 1.748702E-08
1.295000E+02 1.783888E-08
1.296000E+02 1.703586E-08
1.297000E+02 1.673851E-08
1.298000E+02 1.727182E-08
1.299000E+02 1.685294E-08
1.300000E+02 1.633823E-08
1.301000E+02 1.699080E-08
1.302000E+02 1.709278E-08
1.303000E+02 1.629328E-08
1.304000E+02 1.644010E-08
1.305000E+02 1.679933E-08
1.306000E+02 1.604875E-08
1.307000E+02 1.572527E-08
1.308000E+02 1.620668E-08
1.309000E+02 1.581701E-08
1.310000E+02 1.530719E-08
1.311000E+02 1.590400E-08
1.312000E+02 1.602440E-08
1.313000E+02 1.528550E-08
1.314000E+02 1.542686E-08
1.315000E+02 1.579620E-08
1.316000E+02 1.510020E-08
1.317000E+02 1.475980E-08
1.318000E+02 1.519911E-08
1.319000E+02 1.484266E-08
1.320000E+02 1.434074E-08
1.321000E+02 1.488162E-08
1.322000E+02 1.501331E-08
1.323000E+02 1.433107E-08
1.324000E+02 1.447032E-08
1.325000E+02 1.485073E-08
1.326000E+02 1.420970E-08
1.327000E+02 1.386100E-08
1.328000E+02 1.426776E-08
1.329000E+02 1.394705E-08
1.330000E+02 1.345396E-08
1.331000E+02 1.393875E-08
1.332000E+02 1.407631E-08
1.333000E+02 1.344642E-08
1.334000E+02 1.358359E-08
1.335000E+02 1.397299E-08
1.336000E+02 1.338638E-08
1.337000E+02 1.303739E-08
1.338000E+02 1.341909E-08
1.339000E+02 1.313355E-08
1.340000E+02 1.264824E-08
1.341000E+02 1.307723E-08
1.342000E+02 1.321628E-08
1.343000E+02 1.263305E-08
1.344000E+02 1.276463E-08
1.345000E+02 1.315808E-08
1.346000E+02 1.262390E-08
1.347000E+02 1.228102E-08
1.348000E+02 1.264240E-08
1.349000E+02 1.238857E-08
1.350000E+02 1.190882E-08
1.351000E+02 1.228333E-08
1.352000E+02 1.242069E-08
1.353000E+02 1.187768E-08
1.354000E+02 1.199854E-08
1.355000E+02 1.239059E-08
1.356000E+02 1.190672E-08
1.357000E+02 1.157476E-08
1.358000E+02 1.191860E-08
1.359000E+02 1.169273E-08
1.360000E+02 1.121760E-08
1.361000E+02 1.154028E-08
1.362000E+02 1.167340E-08
1.363000E+02 1.116455E-08
1.364000E+02 1.127046E-08
1.365000E+02 1.165661E-08
1.366000E+02 1.122025E-08
1.367000E+02 1.090218E-08
1.368000E+02 1.123061E-08
1.369000E+02 1.103034E-08
1.370000E+02 1.056068E-08
1.371000E+02 1.083538E-08
1.372000E+02 1.096284E-08
1.373000E+02 1.048382E-08
1.374000E+02 1.057281E-08
1.375000E+02 1.095019E-08
1.376000E+02 1.055842E-08
1.377000E+02 1.025607E-08
1.378000E+02 1.057147E-08
1.379000E+02 1.039649E-08
1.380000E+02 9.934994E-09
1.381000E+02 1.016634E-08
1.382000E+02 1.028767E-08
1.383000E+02 9.836017E-09
1.384000E+02 9.908060E-09
1.385000E+02 1.027464E-08
1.386000E+02 9.923841E-09
1.387000E+02 9.638082E-09
1.388000E+02 9.943031E-09
1.389000E+02 9.793906E-09
1.390000E+02 9.343713E-09
1.391000E+02 9.536746E-09
1.392000E+02 9.652642E-09
1.393000E+02 9.227174E-09
1.394000E+02 9.282886E-09
1.395000E+02 9.636767E-09
1.396000E+02 9.323189E-09
1.397000E+02 9.054374E-09
1.398000E+02 9.350863E-09
1.399000E+02 9.227756E-09
1.400000E+02 8.791746E-09
1.401000E+02 8.951698E-09
1.402000E+02 9.063402E-09
1.403000E+02 8.663008E-09
1.404000E+02 8.702483E-09
1.405000E+02 9.041380E-09
1.406000E+02 8.760972E-09
1.407000E+02 8.508680E-09
1.408000E+02 8.797433E-09
1.409000E+02 8.699214E-09
1.410000E+02 8.279442E-09
1.411000E+02 8.411523E-09
1.412000E+02 8.520519E-09
1.413000E+02 8.143642E-09
1.414000E+02 8.166155E-09
1.415000E+02 8.487678E-09
1.416000E+02 8.236648E-09
1.417000E+02 7.999844E-09
1.418000E+02 8.280222E-09
1.419000E+02 8.204669E-09
1.420000E+02 7.802704E-09
1.421000E+02 7.911931E-09
1.422000E+02 8.019393E-09
1.423000E+02 7.663951E-09
1.424000E+02 7.668530E-09
1.425000E+02 7.970616E-09
1.426000E+02 7.745288E-09
1.427000E+02 7.522276E-09
1.428000E+02 7.792862E-09
1.429000E+02 7.737388E-09
1.430000E+02 7.354467E-09
1.431000E+02 7.445406E-09
1.432000E+02 7.552290E-09
1.433000E+02 7.216375E-09
1.434000E+02 7.202619E-09
1.435000E+02 7.484005E-09
1.436000E+02 7.281115E-09
1.437000E+02 7.070044E-09
1.438000E+02 7.329413E-09
1.439000E+02 7.291767E-09
1.440000E+02 6.929051E-09
1.441000E+02 7.005682E-09
1.442000E+02 7.112722E-09
1.443000E+02 6.795028E-09
1.444000E+02 6.763581E-09
1.445000E+02 7.023861E-09
1.446000E+02 6.840426E-09
1.447000E+02 6.639514E-09
1.448000E+02 6.886747E-09
1.449000E+02 6.865225E-09
1.450000E+02 6.523603E-09
1.451000E+02 6.589222E-09
1.452000E+02 6.697191E-09
1.453000E+02 6.397264E-09
1.454000E+02 6.349734E-09
1.455000E+02 6.589251E-09
1.456000E+02 6.422795E-09
1.457000E+02 6.230665E-09
1.458000E+02 6.465332E-09
1.459000E+02 6.458509E-09
1.460000E+02 6.138479E-09
1.461000E+02 6.195751E-09
1.462000E+02 6.305352E-09
1.463000E+02 6.023176E-09
1.464000E+02 5.961680E-09
1.465000E+02 6.181264E-09
1.466000E+02 6.029731E-09
1.467000E+02 5.845269E-09
1.468000E+02 6.067090E-09
1.469000E+02 6.073425E-09
1.470000E+02 5.774914E-09
1.471000E+02 5.825905E-09
1.472000E+02 5.937690E-09
1.473000E+02 5.673310E-09
1.474000E+02 5.600035E-09
1.475000E+02 5.800859E-09
1.476000E+02 5.662708E-09
1.477000E+02 5.484983E-09
1.478000E+02 5.693476E-09
1.479000E+02 5.711065E-09
1.480000E+02 5.433504E-09
1.481000E+02 5.479750E-09
1.482000E+02 5.593870E-09
1.483000E+02 5.347002E-09
1.484000E+02 5.263978E-09
1.485000E+02 5.447459E-09
1.486000E+02 5.321482E-09
1.487000E+02 5.149520E-09
1.488000E+02 5.343928E-09
1.489000E+02 5.370597E-09
1.490000E+02 5.113005E-09
1.491000E+02 5.155522E-09
1.492000E+02 5.271744E-09
1.493000E+02 5.041845E-09
1.494000E+02 4.951002E-09
1.495000E+02 5.118765E-09
1.496000E+02 5.004053E-09
1.497000E+02 4.836915E-09
1.498000E+02 5.016402E-09
1.499000E+02 5.049945E-09
1.500000E+02 4.811112E-09
1.501000E+02 4.850469E-09
1.502000E+02 4.968232E-09
1.503000E+02 4.754648E-09
1.504000E+02 4.657925E-09
1.505000E+02 4.811725E-09
1.506000E+02 4.707512E-09
1.507000E+02 4.544362E-09
1.508000E+02 4.708328E-09
1.509000E+02 4.746783E-09
1.510000E+02 4.525357E-09
1.511000E+02 4.561754E-09
1.512000E+02 4.680418E-09
1.513000E+02 4.482653E-09
1.514000E+02 4.382062E-09
1.515000E+02 4.523685E-09
1.516000E+02 4.429367E-09
1.517000E+02 4.269669E-09
1.518000E+02 4.417951E-09
1.519000E+02 4.459704E-09
1.520000E+02 4.254280E-09
1.521000E+02 4.287690E-09
1.522000E+02 4.406642E-09
1.523000E+02 4.224356E-09
1.524000E+02 4.121884E-09
1.525000E+02 4.253035E-09
1.526000E+02 4.168111E-09
1.527000E+02 4.011637E-09
1.528000E+02 4.144516E-09
1.529000E+02 4.188293E-09
1.530000E+02 3.997462E-09
1.531000E+02 4.027731E-09
1.532000E+02 4.146442E-09
1.533000E+02 3.979384E-09
1.534000E+02 3.876843E-09
1.535000E+02 3.999070E-09
1.536000E+02 3.923160E-09
1.537000E+02 3.769954E-09
1.538000E+02 3.888017E-09
1.539000E+02 3.932789E-09
1.540000E+02 3.755195E-09
1.541000E+02 3.782121E-09
1.542000E+02 3.900048E-09
1.543000E+02 3.747825E-09
1.544000E+02 3.646705E-09
1.545000E+02 3.761354E-09
1.546000E+02 3.694118E-09
1.547000E+02 3.544337E-09
1.548000E+02 3.648317E-09
1.549000E+02 3.693253E-09
1.550000E+02 3.527642E-09
1.551000E+02 3.550986E-09
1.552000E+02 3.667507E-09
1.553000E+02 3.529505E-09
1.554000E+02 3.430930E-09
1.555000E+02 3.539128E-09
1.556000E+02 3.480240E-09
1.557000E+02 3.334079E-09
1.558000E+02 3.424776E-09
1.559000E+02 3.469226E-09
1.560000E+02 3.314474E-09
1.561000E+02 3.333975E-09
1.562000E+02 3.448348E-09
1.563000E+02 3.323702E-09
1.564000E+02 3.228445E-09
1.565000E+02 3.331100E-09
1.566000E+02 3.280184E-09
1.567000E+02 3.137830E-09
1.568000E+02 3.216126E-09
1.569000E+02 3.259649E-09
1.570000E+02 3.114775E-09
1.571000E+02 3.130163E-09
1.572000E+02 3.241601E-09
1.573000E+02 3.129316E-09
1.574000E+02 3.037875E-09
1.575000E+02 3.135678E-09
1.576000E+02 3.092324E-09
1.577000E+02 2.954019E-09
1.578000E+02 3.020929E-09
1.579000E+02 3.063296E-09
1.580000E+02 2.927448E-09
1.581000E+02 2.938487E-09
1.582000E+02 3.046246E-09
1.583000E+02 2.945283E-09
1.584000E+02 2.857934E-09
1.585000E+02 2.951378E-09
1.586000E+02 2.915153E-09
1.587000E+02 2.781218E-09
1.588000E+02 2.837901E-09
1.589000E+02 2.879080E-09
1.590000E+02 2.751532E-09
1.591000E+02 2.758061E-09
1.592000E+02 2.861528E-09
1.593000E+02 2.770890E-09
1.594000E+02 2.687736E-09
1.595000E+02 2.777142E-09
1.596000E+02 2.747623E-09
1.597000E+02 2.618475E-09
1.598000E+02 2.666196E-09
1.599000E+02 2.706286E-09
1.600000E+02 2.586421E-09
1.601000E+02 2.588387E-09
1.602000E+02 2.687096E-09
1.603000E+02 2.605821E-09
1.604000E+02 2.526808E-09
1.605000E+02 2.612360E-09
1.606000E+02 2.589135E-09
1.607000E+02 2.465216E-09
1.608000E+02 2.505253E-09
1.609000E+02 2.544434E-09
1.610000E+02 2.431741E-09
1.611000E+02 2.429198E-09
1.612000E+02 2.522807E-09
1.613000E+02 2.449965E-09
1.614000E+02 2.374921E-09
1.615000E+02 2.456705E-09
1.616000E+02 2.439354E-09
1.617000E+02 2.321065E-09
1.618000E+02 2.354623E-09
1.619000E+02 2.393100E-09
1.620000E+02 2.287157E-09
1.621000E+02 2.280243E-09
1.622000E+02 2.368494E-09
1.623000E+02 2.303175E-09
1.624000E+02 2.231836E-09
1.625000E+02 2.309862E-09
1.626000E+02 2.297933E-09
1.627000E+02 2.185559E-09
1.628000E+02 2.213716E-09
1.629000E+02 2.251694E-09
1.630000E+02 2.152153E-09
1.631000E+02 2.141070E-09
1.632000E+02 2.223783E-09
1.633000E+02 2.165119E-09
1.634000E+02 2.097177E-09
1.635000E+02 2.171403E-09
1.636000E+02 2.164396E-09
1.637000E+02 2.058099E-09
1.638000E+02 2.081792E-09
1.639000E+02 2.119454E-09
1.640000E+02 2.026018E-09
1.641000E+02 2.011024E-09
1.642000E+02 2.088109E-09
1.643000E+02 2.035306E-09
1.644000E+02 1.970436E-09
1.645000E+02 2.040779E-09
1.646000E+02 2.038157E-09
1.647000E+02 1.937984E-09
1.648000E+02 1.958016E-09
1.649000E+02 1.995515E-09
1.650000E+02 1.907930E-09
1.651000E+02 1.889345E-09
1.652000E+02 1.960827E-09
1.653000E+02 1.913203E-09
1.654000E+02 1.851093E-09
1.655000E+02 1.917448E-09
1.656000E+02 1.918664E-09
1.657000E+02 1.824579E-09
1.658000E+02 1.841633E-09
1.659000E+02 1.879079E-09
1.660000E+02 1.797118E-09
1.661000E+02 1.775333E-09
1.662000E+02 1.841370E-09
1.663000E+02 1.798358E-09
1.664000E+02 1.738718E-09
1.665000E+02 1.800978E-09
1.666000E+02 1.805489E-09
1.667000E+02 1.717392E-09
1.668000E+02 1.732034E-09
1.669000E+02 1.769490E-09
1.670000E+02 1.692959E-09
1.671000E+02 1.668428E-09
1.672000E+02 1.729296E-09
1.673000E+02 1.690441E-09
1.674000E+02 1.633013E-09
1.675000E+02 1.691084E-09
1.676000E+02 1.698375E-09
1.677000E+02 1.616104E-09
1.678000E+02 1.628785E-09
1.679000E+02 1.666263E-09
1.680000E+02 1.594988E-09
1.681000E+02 1.568211E-09
1.682000E+02 1.624269E-09
1.683000E+02 1.589199E-09
1.684000E+02 1.533758E-09
1.685000E+02 1.587576E-09
1.686000E+02 1.597151E-09
1.687000E+02 1.520479E-09
1.688000E+02 1.531532E-09
1.689000E+02 1.569001E-09
1.690000E+02 1.502823E-09
1.691000E+02 1.474315E-09
1.692000E+02 1.525966E-09
1.693000E+02 1.494374E-09
1.694000E+02 1.440737E-09
1.695000E+02 1.490267E-09
1.696000E+02 1.501654E-09
1.697000E+02 1.430294E-09
1.698000E+02 1.439950E-09
1.699000E+02 1.477339E-09
1.700000E+02 1.416098E-09
1.701000E+02 1.386356E-09
1.702000E+02 1.434015E-09
1.703000E+02 1.405644E-09
1.704000E+02 1.353664E-09
1.705000E+02 1.398910E-09
1.706000E+02 1.411662E-09
1.707000E+02 1.345279E-09
1.708000E+02 1.353680E-09
1.709000E+02 1.390889E-09
1.710000E+02 1.334420E-09
1.711000E+02 1.303908E-09
1.712000E+02 1.347983E-09
1.713000E+02 1.322616E-09
1.714000E+02 1.272186E-09
1.715000E+02 1.313190E-09
1.716000E+02 1.326898E-09
1.717000E+02 1.265134E-09
1.718000E+02 1.272365E-09
1.719000E+02 1.309266E-09
1.720000E+02 1.257386E-09
1.721000E+02 1.226526E-09
1.722000E+02 1.267411E-09
1.723000E+02 1.244863E-09
1.724000E+02 1.195910E-09
1.725000E+02 1.232757E-09
1.726000E+02 1.247069E-09
1.727000E+02 1.189566E-09
1.728000E+02 1.195666E-09
1.729000E+02 1.232114E-09
1.730000E+02 1.184628E-09
1.731000E+02 1.153798E-09
1.732000E+02 1.191865E-09
1.733000E+02 1.171976E-09
1.734000E+02 1.124457E-09
1.735000E+02 1.157285E-09
1.736000E+02 1.171913E-09
1.737000E+02 1.118333E-09
1.738000E+02 1.123313E-09
1.739000E+02 1.159152E-09
1.740000E+02 1.115847E-09
1.741000E+02 1.085376E-09
1.742000E+02 1.120965E-09
1.743000E+02 1.103590E-09
1.744000E+02 1.057494E-09
1.745000E+02 1.086487E-09
1.746000E+02 1.101212E-09
1.747000E+02 1.051242E-09
1.748000E+02 1.055096E-09
1.749000E+02 1.090164E-09
1.750000E+02 1.050818E-09
1.751000E+02 1.020980E-09
1.752000E+02 1.054390E-09
1.753000E+02 1.039392E-09
1.754000E+02 9.947324E-10
1.755000E+02 1.020121E-09
1.756000E+02 1.034784E-09
1.757000E+02 9.881374E-10
1.758000E+02 9.908505E-10
1.759000E+02 1.024989E-09
1.760000E+02 9.893645E-10
1.761000E+02 9.603712E-10
1.762000E+02 9.918514E-10
1.763000E+02 9.790950E-10
1.764000E+02 9.359064E-10
1.765000E+02 9.579571E-10
1.766000E+02 9.724500E-10
1.767000E+02 9.288632E-10
1.768000E+02 9.304187E-10
1.769000E+02 9.634776E-10
1.770000E+02 9.313234E-10
1.771000E+02 9.033241E-10
1.772000E+02 9.330712E-10
1.773000E+02 9.224228E-10
1.774000E+02 8.807556E-10
1.775000E+02 8.997578E-10
1.776000E+02 9.140104E-10
1.777000E+02 8.732459E-10
1.778000E+02 8.736329E-10
1.779000E+02 9.054748E-10
1.780000E+02 8.765284E-10
1.781000E+02 8.496119E-10
1.782000E+02 8.777748E-10
1.783000E+02 8.690993E-10
1.784000E+02 8.290125E-10
1.785000E+02 8.452680E-10
1.786000E+02 8.592426E-10
1.787000E+02 8.210882E-10
1.788000E+02 8.203065E-10
1.789000E+02 8.508112E-10
1.790000E+02 8.248050E-10
1.791000E+02 7.990101E-10
1.792000E+02 8.256977E-10
1.793000E+02 8.188594E-10
1.794000E+02 7.804147E-10
1.795000E+02 7.942289E-10
1.796000E+02 8.079136E-10
1.797000E+02 7.721841E-10
1.798000E+02 7.702485E-10
1.799000E+02 7.993167E-10
1.800000E+02 7.759842E-10
1.801000E+02 7.513115E-10
1.802000E+02 7.766013E-10
1.803000E+02 7.714632E-10
1.804000E+02 7.347182E-10
1.805000E+02 7.463920E-10
1.806000E+02 7.597962E-10
1.807000E+02 7.263320E-10
1.808000E+02 7.232739E-10
1.809000E+02 7.508307E-10
1.810000E+02 7.299155E-10
1.811000E+02 7.063386E-10
1.812000E+02 7.302834E-10
1.813000E+02 7.267074E-10
1.814000E+02 6.917113E-10
1.815000E+02 7.015334E-10
1.816000E+02 7.146806E-10
1.817000E+02 6.833453E-10
1.818000E+02 6.792140E-10
1.819000E+02 7.052105E-10
1.820000E+02 6.864711E-10
1.821000E+02 6.639446E-10
1.822000E+02 6.865785E-10
1.823000E+02 6.844248E-10
1.824000E+02 6.512134E-10
1.825000E+02 6.594532E-10
1.826000E+02 6.723733E-10
1.827000E+02 6.430490E-10
1.828000E+02 6.379112E-10
1.829000E+02 6.623260E-10
1.830000E+02 6.455394E-10
1.831000E+02 6.240052E-10
1.832000E+02 6.453478E-10
1.833000E+02 6.444758E-10
1.834000E+02 6.130684E-10
1.835000E+02 6.199687E-10
1.836000E+02 6.326909E-10
1.837000E+02 6.052750E-10
1.838000E+02 5.992139E-10
1.839000E+02 6.220518E-10
1.840000E+02 6.070141E-10
1.841000E+02 5.864059E-10
1.842000E+02 6.064673E-10
1.843000E+02 6.067359E-10
1.844000E+02 5.771321E-10
1.845000E+02 5.829048E-10
1.846000E+02 5.954531E-10
1.847000E+02 5.698549E-10
1.848000E+02 5.629679E-10
1.849000E+02 5.842573E-10
1.850000E+02 5.707856E-10
1.851000E+02 5.510343E-10
1.852000E+02 5.698193E-10
1.853000E+02 5.710881E-10
1.854000E+02 5.432669E-10
1.855000E+02 5.480914E-10
1.856000E+02 5.604819E-10
1.857000E+02 5.366208E-10
1.858000E+02 5.290165E-10
1.859000E+02 5.488066E-10
1.860000E+02 5.367390E-10
1.861000E+02 5.177771E-10
1.862000E+02 5.352894E-10
1.863000E+02 5.374197E-10
1.864000E+02 5.113401E-10
1.865000E+02 5.153648E-10
1.866000E+02 5.276056E-10
1.867000E+02 5.054089E-10
1.868000E+02 4.972037E-10
1.869000E+02 5.155612E-10
1.870000E+02 5.047573E-10
1.871000E+02 4.865234E-10
1.872000E+02 5.027690E-10
1.873000E+02 5.056256E-10
1.874000E+02 4.812293E-10
1.875000E+02 4.845740E-10
1.876000E+02 4.966662E-10
1.877000E+02 4.760671E-10
1.878000E+02 4.673809E-10
1.879000E+02 4.843866E-10
1.880000E+02 4.747270E-10
1.881000E+02 4.571681E-10
1.882000E+02 4.721576E-10
1.883000E+02 4.756102E-10
1.884000E+02 4.528249E-10
1.885000E+02 4.555852E-10
1.886000E+02 4.675229E-10
1.887000E+02 4.484583E-10
1.888000E+02 4.394108E-10
1.889000E+02 4.551555E-10
1.890000E+02 4.465402E-10
1.891000E+02 4.296125E-10
1.892000E+02 4.433627E-10
1.893000E+02 4.472887E-10
1.894000E+02 4.260319E-10
1.895000E+02 4.282823E-10
1.896000E+02 4.400533E-10
1.897000E+02 4.224613E-10
1.898000E+02 4.131684E-10
1.899000E+02 4.277493E-10
1.900000E+02 4.200943E-10
1.901000E+02 4.037630E-10
1.902000E+02 4.162978E-10
1.903000E+02 4.205839E-10
1.904000E+02 4.007666E-10
1.905000E+02 4.025638E-10
1.906000E+02 4.141495E-10
1.907000E+02 3.979679E-10
1.908000E+02 3.885384E-10
1.909000E+02 4.020546E-10
1.910000E+02 3.952886E-10
1.911000E+02 3.795272E-10
1.912000E+02 3.908783E-10
1.913000E+02 3.954226E-10
1.914000E+02 3.769529E-10
1.915000E+02 3.783385E-10
1.916000E+02 3.897149E-10
1.917000E+02 3.748796E-10
1.918000E+02 3.654126E-10
1.919000E+02 3.779614E-10
1.920000E+02 3.720226E-10
1.921000E+02 3.568117E-10
1.922000E+02 3.670191E-10
1.923000E+02 3.717325E-10
1.924000E+02 3.545183E-10
1.925000E+02 3.555221E-10
1.926000E+02 3.666609E-10
1.927000E+02 3.531051E-10
1.928000E+02 3.436882E-10
1.929000E+02 3.553618E-10
1.930000E+02 3.501954E-10
1.931000E+02 3.355222E-10
1.932000E+02 3.446339E-10
1.933000E+02 3.494413E-10
1.934000E+02 3.333928E-10
1.935000E+02 3.340363E-10
1.936000E+02 3.449061E-10
1.937000E+02 3.325602E-10
1.938000E+02 3.232678E-10
1.939000E+02 3.341517E-10
1.940000E+02 3.297080E-10
1.941000E+02 3.155652E-10
1.942000E+02 3.236372E-10
1.943000E+02 3.284773E-10
1.944000E+02 3.135096E-10
1.945000E+02 3.138084E-10
1.946000E+02 3.243767E-10
1.947000E+02 3.131681E-10
1.948000E+02 3.040615E-10
1.949000E+02 3.142326E-10
1.950000E+02 3.104654E-10
1.951000E+02 2.968506E-10
1.952000E+02 3.039459E-10
1.953000E+02 3.087713E-10
1.954000E+02 2.948057E-10
1.955000E+02 2.947722E-10
1.956000E+02 3.050065E-10
1.957000E+02 2.948604E-10
1.958000E+02 2.859877E-10
1.959000E+02 2.955136E-10
1.960000E+02 2.923793E-10
1.961000E+02 2.792936E-10
1.962000E+02 2.854811E-10
1.963000E+02 2.902571E-10
1.964000E+02 2.772217E-10
1.965000E+02 2.768670E-10
1.966000E+02 2.867360E-10
1.967000E+02 2.775764E-10
1.968000E+02 2.689735E-10
1.969000E+02 2.779123E-10
1.970000E+02 2.753685E-10
1.971000E+02 2.628152E-10
1.972000E+02 2.681681E-10
1.973000E+02 2.728716E-10
1.974000E+02 2.607015E-10
1.975000E+02 2.600361E-10
1.976000E+02 2.695112E-10
1.977000E+02 2.612620E-10
1.978000E+02 2.529534E-10
1.979000E+02 2.613534E-10
1.980000E+02 2.593582E-10
1.981000E+02 2.473415E-10
1.982000E+02 2.519359E-10
1.983000E+02 2.565532E-10
1.984000E+02 2.451901E-10
1.985000E+02 2.442251E-10
1.986000E+02 2.532813E-10
1.987000E+02 2.458676E-10
1.988000E+02 2.378678E-10
1.989000E+02 2.457683E-10
1.990000E+02 2.442794E-10
1.991000E+02 2.328034E-10
1.992000E+02 2.367164E-10
1.993000E+02 2.412413E-10
1.994000E+02 2.306328E-10
1.995000E+02 2.293803E-10
1.996000E+02 2.379977E-10
1.997000E+02 2.313467E-10
1.998000E+02 2.236619E-10
1.999000E+02 2.310936E-10
2.000000E+02 2.300685E-10
2.001000E+02 2.191363E-10
2.002000E+02 2.224441E-10
2.003000E+02 2.268755E-10
2.004000E+02 2.169743E-10
2.005000E+02 2.154487E-10
2.006000E+02 2.236127E-10
2.007000E+02 2.176554E-10
2.008000E+02 2.102846E-10
2.009000E+02 2.172710E-10
2.010000E+02 2.166672E-10
2.011000E+02 2.062802E-10
2.012000E+02 2.090563E-10
2.013000E+02 2.133964E-10
2.014000E+02 2.041601E-10
2.015000E+02 2.023781E-10
2.016000E+02 2.100806E-10
2.017000E+02 2.047522E-10
2.018000E+02 1.976891E-10
2.019000E+02 2.042477E-10
2.020000E+02 2.040228E-10
2.021000E+02 1.941799E-10
2.022000E+02 1.964936E-10
2.023000E+02 2.007463E-10
2.024000E+02 1.921366E-10
2.025000E+02 1.901177E-10
2.026000E+02 1.973574E-10
2.027000E+02 1.925978E-10
2.028000E+02 1.858320E-10
2.029000E+02 1.919761E-10
2.030000E+02 1.920885E-10
2.031000E+02 1.827856E-10
2.032000E+02 1.847005E-10
2.033000E+02 1.888700E-10
2.034000E+02 1.808523E-10
2.035000E+02 1.786190E-10
2.036000E+02 1.854008E-10
2.037000E+02 1.811551E-10
2.038000E+02 1.746739E-10
2.039000E+02 1.804135E-10
2.040000E+02 1.808224E-10
2.041000E+02 1.720524E-10
2.042000E+02 1.736256E-10
2.043000E+02 1.777154E-10
2.044000E+02 1.702582E-10
2.045000E+02 1.678357E-10
2.046000E+02 1.741704E-10
2.047000E+02 1.703891E-10
2.048000E+02 1.641780E-10
2.049000E+02 1.695214E-10
2.050000E+02 1.701875E-10
2.051000E+02 1.619396E-10
2.052000E+02 1.632210E-10
2.053000E+02 1.672333E-10
2.054000E+02 1.603078E-10
2.055000E+02 1.577235E-10
2.056000E+02 1.636270E-10
2.057000E+02 1.602657E-10
2.058000E+02 1.543097E-10
2.059000E+02 1.592642E-10
2.060000E+02 1.601498E-10
2.061000E+02 1.524101E-10
2.062000E+02 1.534422E-10
2.063000E+02 1.573776E-10
2.064000E+02 1.509572E-10
2.065000E+02 1.482398E-10
2.066000E+02 1.537323E-10
2.067000E+02 1.507513E-10
2.068000E+02 1.450360E-10
2.069000E+02 1.496089E-10
2.070000E+02 1.506784E-10
2.071000E+02 1.434296E-10
2.072000E+02 1.442479E-10
2.073000E+02 1.481052E-10
2.074000E+02 1.421649E-10
2.075000E+02 1.393443E-10
2.076000E+02 1.444487E-10
2.077000E+02 1.418130E-10
2.078000E+02 1.363245E-10
2.079000E+02 1.405241E-10
2.080000E+02 1.417442E-10
2.081000E+02 1.349663E-10
2.082000E+02 1.355996E-10
