# # t, EM energy in cavity (in meep units)
0.000000E+00 0.000000E+00
1.000000E-01 0.000000E+00
2.000000E-01 0.000000E+00
3.000000E-01 0.000000E+00
4.000000E-01 0.000000E+00
5.000000E-01 0.000000E+00
6.000000E-01 4.353058E-131
7.000000E-01 1.446140E-94
8.000000E-01 1.363170E-68
9.000000E-01 3.500585E-49
1.000000E+00 8.194504E-35
1.100000E+00 7.042594E-25
1.200000E+00 1.774441E-19
1.300000E+00 6.660980E-17
1.400000E+00 1.525289E-14
1.500000E+00 2.587342E-13
1.600000E+00 1.490720E-12
1.700000E+00 4.310658E-12
1.800000E+00 6.852569E-12
1.900000E+00 1.082504E-11
2.000000E+00 5.473212E-11
2.100000E+00 2.403878E-10
2.200000E+00 6.005968E-10
2.300000E+00 8.805430E-10
2.400000E+00 1.357374E-09
2.500000E+00 5.668326E-09
2.600000E+00 2.086248E-08
2.700000E+00 4.546128E-08
2.800000E+00 6.121656E-08
2.900000E+00 8.842450E-08
3.000000E+00 2.936089E-07
3.100000E+00 8.948218E-07
3.200000E+00 1.700328E-06
3.300000E+00 2.115068E-06
3.400000E+00 2.873057E-06
3.500000E+00 7.652672E-06
3.600000E+00 1.921107E-05
3.700000E+00 3.184684E-05
3.800000E+00 3.688207E-05
3.900000E+00 4.721456E-05
4.000000E+00 1.015210E-04
4.100000E+00 2.089925E-04
4.200000E+00 3.031863E-04
4.300000E+00 3.306030E-04
4.400000E+00 3.994790E-04
4.500000E+00 6.990791E-04
4.600000E+00 1.180354E-03
4.700000E+00 1.511782E-03
4.800000E+00 1.574771E-03
4.900000E+00 1.796239E-03
5.000000E+00 2.594998E-03
5.100000E+00 3.636971E-03
5.200000E+00 4.191590E-03
5.300000E+00 4.234842E-03
5.400000E+00 4.562143E-03
5.500000E+00 5.608236E-03
5.600000E+00 6.764002E-03
5.700000E+00 7.244565E-03
5.800000E+00 7.181461E-03
5.900000E+00 7.371382E-03
6.000000E+00 8.153503E-03
6.100000E+00 9.001128E-03
6.200000E+00 9.279561E-03
6.300000E+00 9.087806E-03
6.400000E+00 9.088608E-03
6.500000E+00 9.593527E-03
6.600000E+00 1.016081E-02
6.700000E+00 1.024774E-02
6.800000E+00 9.965476E-03
6.900000E+00 9.871985E-03
7.000000E+00 1.016675E-02
7.100000E+00 1.045838E-02
7.200000E+00 1.036049E-02
7.300000E+00 1.001714E-02
7.400000E+00 9.862168E-03
7.500000E+00 1.001133E-02
7.600000E+00 1.013339E-02
7.700000E+00 9.936686E-03
7.800000E+00 9.569304E-03
7.900000E+00 9.394824E-03
8.000000E+00 9.488021E-03
8.100000E+00 9.547873E-03
8.200000E+00 9.321126E-03
8.300000E+00 8.947958E-03
8.400000E+00 8.766965E-03
8.500000E+00 8.847173E-03
8.600000E+00 8.891396E-03
8.700000E+00 8.653040E-03
8.800000E+00 8.282735E-03
8.900000E+00 8.112862E-03
9.000000E+00 8.191023E-03
9.100000E+00 8.220439E-03
9.200000E+00 7.976339E-03
9.300000E+00 7.613462E-03
9.400000E+00 7.447956E-03
9.500000E+00 7.518484E-03
9.600000E+00 7.533954E-03
9.700000E+00 7.283682E-03
9.800000E+00 6.932384E-03
9.900000E+00 6.782616E-03
1.000000E+01 6.850167E-03
1.010000E+01 6.851680E-03
1.020000E+01 6.603417E-03
1.030000E+01 6.268973E-03
1.040000E+01 6.126962E-03
1.050000E+01 6.186467E-03
1.060000E+01 6.177841E-03
1.070000E+01 5.931680E-03
1.080000E+01 5.615258E-03
1.090000E+01 5.492243E-03
1.100000E+01 5.552368E-03
1.110000E+01 5.534903E-03
1.120000E+01 5.296507E-03
1.130000E+01 5.002271E-03
1.140000E+01 4.889394E-03
1.150000E+01 4.940192E-03
1.160000E+01 4.912050E-03
1.170000E+01 4.679081E-03
1.180000E+01 4.406375E-03
1.190000E+01 4.311966E-03
1.200000E+01 4.361010E-03
1.210000E+01 4.324881E-03
1.220000E+01 4.104385E-03
1.230000E+01 3.857799E-03
1.240000E+01 3.773575E-03
1.250000E+01 3.813105E-03
1.260000E+01 3.770585E-03
1.270000E+01 3.561364E-03
1.280000E+01 3.337846E-03
1.290000E+01 3.270964E-03
1.300000E+01 3.310671E-03
1.310000E+01 3.264825E-03
1.320000E+01 3.071109E-03
1.330000E+01 2.874284E-03
1.340000E+01 2.817590E-03
1.350000E+01 2.848377E-03
1.360000E+01 2.797806E-03
1.370000E+01 2.617038E-03
1.380000E+01 2.442389E-03
1.390000E+01 2.399682E-03
1.400000E+01 2.428418E-03
1.410000E+01 2.375219E-03
1.420000E+01 2.211364E-03
1.430000E+01 2.063020E-03
1.440000E+01 2.029017E-03
1.450000E+01 2.049489E-03
1.460000E+01 1.995416E-03
1.470000E+01 1.847310E-03
1.480000E+01 1.719086E-03
1.490000E+01 1.695820E-03
1.500000E+01 1.715365E-03
1.510000E+01 1.662101E-03
1.520000E+01 1.531080E-03
1.530000E+01 1.426557E-03
1.540000E+01 1.411106E-03
1.550000E+01 1.424269E-03
1.560000E+01 1.372149E-03
1.570000E+01 1.256390E-03
1.580000E+01 1.168504E-03
1.590000E+01 1.159831E-03
1.600000E+01 1.170587E-03
1.610000E+01 1.119481E-03
1.620000E+01 1.019618E-03
1.630000E+01 9.525886E-04
1.640000E+01 9.499684E-04
1.650000E+01 9.554529E-04
1.660000E+01 9.079770E-04
1.670000E+01 8.235174E-04
1.680000E+01 7.695436E-04
1.690000E+01 7.704480E-04
1.700000E+01 7.745012E-04
1.710000E+01 7.301413E-04
1.720000E+01 6.597611E-04
1.730000E+01 6.226704E-04
1.740000E+01 6.286808E-04
1.750000E+01 6.296259E-04
1.760000E+01 5.900353E-04
1.770000E+01 5.329285E-04
1.780000E+01 5.048895E-04
1.790000E+01 5.114963E-04
1.800000E+01 5.104713E-04
1.810000E+01 4.736697E-04
1.820000E+01 4.280007E-04
1.830000E+01 4.132224E-04
1.840000E+01 4.234598E-04
1.850000E+01 4.202563E-04
1.860000E+01 3.890491E-04
1.870000E+01 3.552199E-04
1.880000E+01 3.462291E-04
1.890000E+01 3.550474E-04
1.900000E+01 3.509085E-04
1.910000E+01 3.234518E-04
1.920000E+01 2.983887E-04
1.930000E+01 2.987221E-04
1.940000E+01 3.104565E-04
1.950000E+01 3.058163E-04
1.960000E+01 2.839029E-04
1.970000E+01 2.679314E-04
1.980000E+01 2.710067E-04
1.990000E+01 2.800303E-04
2.000000E+01 2.745873E-04
2.010000E+01 2.556742E-04
2.020000E+01 2.454913E-04
2.030000E+01 2.546476E-04
2.040000E+01 2.655384E-04
2.050000E+01 2.599728E-04
2.060000E+01 2.461149E-04
2.070000E+01 2.431847E-04
2.080000E+01 2.531378E-04
2.090000E+01 2.607473E-04
2.100000E+01 2.553244E-04
2.110000E+01 2.446283E-04
2.120000E+01 2.449530E-04
2.130000E+01 2.579333E-04
2.140000E+01 2.669565E-04
2.150000E+01 2.623177E-04
2.160000E+01 2.557859E-04
2.170000E+01 2.609158E-04
2.180000E+01 2.731473E-04
2.190000E+01 2.789551E-04
2.200000E+01 2.748022E-04
2.210000E+01 2.704692E-04
2.220000E+01 2.763790E-04
2.230000E+01 2.893778E-04
2.240000E+01 2.959440E-04
2.250000E+01 2.924114E-04
2.260000E+01 2.911034E-04
2.270000E+01 3.003679E-04
2.280000E+01 3.120835E-04
2.290000E+01 3.158227E-04
2.300000E+01 3.133862E-04
2.310000E+01 3.140288E-04
2.320000E+01 3.223304E-04
2.330000E+01 3.329757E-04
2.340000E+01 3.372456E-04
2.350000E+01 3.356997E-04
2.360000E+01 3.382153E-04
2.370000E+01 3.481990E-04
2.380000E+01 3.572688E-04
2.390000E+01 3.594292E-04
2.400000E+01 3.591537E-04
2.410000E+01 3.626973E-04
2.420000E+01 3.702048E-04
2.430000E+01 3.770806E-04
2.440000E+01 3.794447E-04
2.450000E+01 3.796038E-04
2.460000E+01 3.838462E-04
2.470000E+01 3.922458E-04
2.480000E+01 3.979240E-04
2.490000E+01 3.988426E-04
2.500000E+01 4.004253E-04
2.510000E+01 4.053964E-04
2.520000E+01 4.106249E-04
2.530000E+01 4.134328E-04
2.540000E+01 4.145117E-04
2.550000E+01 4.164738E-04
2.560000E+01 4.211935E-04
2.570000E+01 4.264302E-04
2.580000E+01 4.283872E-04
2.590000E+01 4.287316E-04
2.600000E+01 4.319867E-04
2.610000E+01 4.367742E-04
2.620000E+01 4.383661E-04
2.630000E+01 4.372901E-04
2.640000E+01 4.377119E-04
2.650000E+01 4.408733E-04
2.660000E+01 4.445647E-04
2.670000E+01 4.459189E-04
2.680000E+01 4.446485E-04
2.690000E+01 4.447905E-04
2.700000E+01 4.490255E-04
2.710000E+01 4.526792E-04
2.720000E+01 4.506372E-04
2.730000E+01 4.465015E-04
2.740000E+01 4.467936E-04
2.750000E+01 4.508250E-04
2.760000E+01 4.528476E-04
2.770000E+01 4.502295E-04
2.780000E+01 4.463227E-04
2.790000E+01 4.467049E-04
2.800000E+01 4.514673E-04
2.810000E+01 4.531589E-04
2.820000E+01 4.474735E-04
2.830000E+01 4.411280E-04
2.840000E+01 4.417059E-04
2.850000E+01 4.459435E-04
2.860000E+01 4.455923E-04
2.870000E+01 4.393744E-04
2.880000E+01 4.337573E-04
2.890000E+01 4.345281E-04
2.900000E+01 4.391172E-04
2.910000E+01 4.385939E-04
2.920000E+01 4.301404E-04
2.930000E+01 4.226624E-04
2.940000E+01 4.237236E-04
2.950000E+01 4.277692E-04
2.960000E+01 4.250895E-04
2.970000E+01 4.160409E-04
2.980000E+01 4.095009E-04
2.990000E+01 4.107822E-04
3.000000E+01 4.148112E-04
3.010000E+01 4.119825E-04
3.020000E+01 4.014153E-04
3.030000E+01 3.936153E-04
3.040000E+01 3.952437E-04
3.050000E+01 3.986069E-04
3.060000E+01 3.935854E-04
3.070000E+01 3.825528E-04
3.080000E+01 3.758948E-04
3.090000E+01 3.776064E-04
3.100000E+01 3.806177E-04
3.110000E+01 3.757755E-04
3.120000E+01 3.641920E-04
3.130000E+01 3.568668E-04
3.140000E+01 3.589627E-04
3.150000E+01 3.614159E-04
3.160000E+01 3.545886E-04
3.170000E+01 3.425805E-04
3.180000E+01 3.363692E-04
3.190000E+01 3.384088E-04
3.200000E+01 3.402593E-04
3.210000E+01 3.337832E-04
3.220000E+01 3.219147E-04
3.230000E+01 3.154978E-04
3.240000E+01 3.179153E-04
3.250000E+01 3.192548E-04
3.260000E+01 3.110126E-04
3.270000E+01 2.988417E-04
3.280000E+01 2.935171E-04
3.290000E+01 2.956944E-04
3.300000E+01 2.962431E-04
3.310000E+01 2.886747E-04
3.320000E+01 2.773873E-04
3.330000E+01 2.722266E-04
3.340000E+01 2.747345E-04
3.350000E+01 2.749792E-04
3.360000E+01 2.660418E-04
3.370000E+01 2.545243E-04
3.380000E+01 2.503010E-04
3.390000E+01 2.524429E-04
3.400000E+01 2.518039E-04
3.410000E+01 2.436759E-04
3.420000E+01 2.334387E-04
3.430000E+01 2.295682E-04
3.440000E+01 2.319642E-04
3.450000E+01 2.311746E-04
3.460000E+01 2.220228E-04
3.470000E+01 2.116503E-04
3.480000E+01 2.086038E-04
3.490000E+01 2.105374E-04
3.500000E+01 2.088203E-04
3.510000E+01 2.006491E-04
3.520000E+01 1.919116E-04
3.530000E+01 1.893155E-04
3.540000E+01 1.914006E-04
3.550000E+01 1.897835E-04
3.560000E+01 1.810448E-04
3.570000E+01 1.722511E-04
3.580000E+01 1.703115E-04
3.590000E+01 1.719127E-04
3.600000E+01 1.693946E-04
3.610000E+01 1.616259E-04
3.620000E+01 1.545088E-04
3.630000E+01 1.529723E-04
3.640000E+01 1.546186E-04
3.650000E+01 1.523859E-04
3.660000E+01 1.444018E-04
3.670000E+01 1.372938E-04
3.680000E+01 1.363029E-04
3.690000E+01 1.374911E-04
3.700000E+01 1.344021E-04
3.710000E+01 1.273626E-04
3.720000E+01 1.219303E-04
3.730000E+01 1.212590E-04
3.740000E+01 1.223857E-04
3.750000E+01 1.198090E-04
3.760000E+01 1.129549E-04
3.770000E+01 1.075974E-04
3.780000E+01 1.073466E-04
3.790000E+01 1.080964E-04
3.800000E+01 1.047503E-04
3.810000E+01 9.868481E-05
3.820000E+01 9.479140E-05
3.830000E+01 9.470356E-05
3.840000E+01 9.530130E-05
3.850000E+01 9.261153E-05
3.860000E+01 8.699284E-05
3.870000E+01 8.320092E-05
3.880000E+01 8.345576E-05
3.890000E+01 8.378827E-05
3.900000E+01 8.041049E-05
3.910000E+01 7.541517E-05
3.920000E+01 7.288404E-05
3.930000E+01 7.317143E-05
3.940000E+01 7.327731E-05
3.950000E+01 7.069639E-05
3.960000E+01 6.641084E-05
3.970000E+01 6.401123E-05
3.980000E+01 6.456021E-05
3.990000E+01 6.453638E-05
4.000000E+01 6.137591E-05
4.010000E+01 5.749262E-05
4.020000E+01 5.605482E-05
4.030000E+01 5.649547E-05
4.040000E+01 5.619043E-05
4.050000E+01 5.387385E-05
4.060000E+01 5.081486E-05
4.070000E+01 4.948808E-05
4.080000E+01 5.013745E-05
4.090000E+01 4.984306E-05
4.100000E+01 4.704047E-05
4.110000E+01 4.418248E-05
4.120000E+01 4.357848E-05
4.130000E+01 4.404090E-05
4.140000E+01 4.342776E-05
4.150000E+01 4.148669E-05
4.160000E+01 3.954767E-05
4.170000E+01 3.904078E-05
4.180000E+01 3.965597E-05
4.190000E+01 3.919126E-05
4.200000E+01 3.688039E-05
4.210000E+01 3.495047E-05
4.220000E+01 3.491521E-05
4.230000E+01 3.528397E-05
4.240000E+01 3.447556E-05
4.250000E+01 3.295821E-05
4.260000E+01 3.191458E-05
4.270000E+01 3.191740E-05
4.280000E+01 3.239585E-05
4.290000E+01 3.185854E-05
4.300000E+01 3.007012E-05
4.310000E+01 2.888468E-05
4.320000E+01 2.918948E-05
4.330000E+01 2.942622E-05
4.340000E+01 2.853046E-05
4.350000E+01 2.743743E-05
4.360000E+01 2.709191E-05
4.370000E+01 2.739206E-05
4.380000E+01 2.769311E-05
4.390000E+01 2.717237E-05
4.400000E+01 2.592562E-05
4.410000E+01 2.533096E-05
4.420000E+01 2.578796E-05
4.430000E+01 2.587004E-05
4.440000E+01 2.498089E-05
4.450000E+01 2.427426E-05
4.460000E+01 2.438928E-05
4.470000E+01 2.477153E-05
4.480000E+01 2.487754E-05
4.490000E+01 2.444052E-05
4.500000E+01 2.367601E-05
4.510000E+01 2.347479E-05
4.520000E+01 2.393889E-05
4.530000E+01 2.389264E-05
4.540000E+01 2.308310E-05
4.550000E+01 2.269336E-05
4.560000E+01 2.308118E-05
4.570000E+01 2.342918E-05
4.580000E+01 2.336686E-05
4.590000E+01 2.306003E-05
4.600000E+01 2.271761E-05
4.610000E+01 2.276797E-05
4.620000E+01 2.314733E-05
4.630000E+01 2.300185E-05
4.640000E+01 2.232218E-05
4.650000E+01 2.217171E-05
4.660000E+01 2.265538E-05
4.670000E+01 2.286902E-05
4.680000E+01 2.266926E-05
4.690000E+01 2.251136E-05
4.700000E+01 2.248498E-05
4.710000E+01 2.263250E-05
4.720000E+01 2.286842E-05
4.730000E+01 2.267370E-05
4.740000E+01 2.215030E-05
4.750000E+01 2.215011E-05
4.760000E+01 2.260824E-05
4.770000E+01 2.266461E-05
4.780000E+01 2.238015E-05
4.790000E+01 2.236979E-05
4.800000E+01 2.256821E-05
4.810000E+01 2.272181E-05
4.820000E+01 2.280039E-05
4.830000E+01 2.259667E-05
4.840000E+01 2.223656E-05
4.850000E+01 2.231305E-05
4.860000E+01 2.265609E-05
4.870000E+01 2.254398E-05
4.880000E+01 2.221528E-05
4.890000E+01 2.232992E-05
4.900000E+01 2.264645E-05
4.910000E+01 2.271833E-05
4.920000E+01 2.264194E-05
4.930000E+01 2.247071E-05
4.940000E+01 2.226303E-05
4.950000E+01 2.234532E-05
4.960000E+01 2.252866E-05
4.970000E+01 2.228335E-05
4.980000E+01 2.195602E-05
4.990000E+01 2.216231E-05
5.000000E+01 2.251671E-05
5.010000E+01 2.247547E-05
5.020000E+01 2.227462E-05
5.030000E+01 2.216157E-05
5.040000E+01 2.208506E-05
5.050000E+01 2.212863E-05
5.060000E+01 2.213810E-05
5.070000E+01 2.179323E-05
5.080000E+01 2.149297E-05
5.090000E+01 2.174916E-05
5.100000E+01 2.206649E-05
5.110000E+01 2.188676E-05
5.120000E+01 2.159194E-05
5.130000E+01 2.155478E-05
5.140000E+01 2.157939E-05
5.150000E+01 2.154731E-05
5.160000E+01 2.139448E-05
5.170000E+01 2.100273E-05
5.180000E+01 2.075320E-05
5.190000E+01 2.101827E-05
5.200000E+01 2.125329E-05
5.210000E+01 2.095032E-05
5.220000E+01 2.060432E-05
5.230000E+01 2.064594E-05
5.240000E+01 2.074027E-05
5.250000E+01 2.062154E-05
5.260000E+01 2.033636E-05
5.270000E+01 1.993766E-05
5.280000E+01 1.974383E-05
5.290000E+01 1.998023E-05
5.300000E+01 2.010166E-05
5.310000E+01 1.969161E-05
5.320000E+01 1.932615E-05
5.330000E+01 1.944061E-05
5.340000E+01 1.957240E-05
5.350000E+01 1.936148E-05
5.360000E+01 1.898074E-05
5.370000E+01 1.861651E-05
5.380000E+01 1.848157E-05
5.390000E+01 1.866056E-05
5.400000E+01 1.866162E-05
5.410000E+01 1.818318E-05
5.420000E+01 1.783190E-05
5.430000E+01 1.800402E-05
5.440000E+01 1.814585E-05
5.450000E+01 1.785616E-05
5.460000E+01 1.742219E-05
5.470000E+01 1.711696E-05
5.480000E+01 1.703156E-05
5.490000E+01 1.713429E-05
5.500000E+01 1.702077E-05
5.510000E+01 1.650624E-05
5.520000E+01 1.618740E-05
5.530000E+01 1.639705E-05
5.540000E+01 1.652554E-05
5.550000E+01 1.617092E-05
5.560000E+01 1.572002E-05
5.570000E+01 1.549260E-05
5.580000E+01 1.544903E-05
5.590000E+01 1.546749E-05
5.600000E+01 1.525942E-05
5.610000E+01 1.474857E-05
5.620000E+01 1.447831E-05
5.630000E+01 1.470314E-05
5.640000E+01 1.480232E-05
5.650000E+01 1.440704E-05
5.660000E+01 1.397284E-05
5.670000E+01 1.382736E-05
5.680000E+01 1.381196E-05
5.690000E+01 1.374811E-05
5.700000E+01 1.347143E-05
5.710000E+01 1.299241E-05
5.720000E+01 1.277290E-05
5.730000E+01 1.299069E-05
5.740000E+01 1.305028E-05
5.750000E+01 1.263448E-05
5.760000E+01 1.223908E-05
5.770000E+01 1.217391E-05
5.780000E+01 1.217746E-05
5.790000E+01 1.204111E-05
5.800000E+01 1.172521E-05
5.810000E+01 1.130450E-05
5.820000E+01 1.113650E-05
5.830000E+01 1.132854E-05
5.840000E+01 1.134523E-05
5.850000E+01 1.093253E-05
5.860000E+01 1.059270E-05
5.870000E+01 1.059700E-05
5.880000E+01 1.060872E-05
5.890000E+01 1.041552E-05
5.900000E+01 1.008872E-05
5.910000E+01 9.740042E-06
5.920000E+01 9.614916E-06
5.930000E+01 9.766215E-06
5.940000E+01 9.741574E-06
5.950000E+01 9.348937E-06
5.960000E+01 9.070182E-06
5.970000E+01 9.130434E-06
5.980000E+01 9.144722E-06
5.990000E+01 8.912973E-06
6.000000E+01 8.599410E-06
6.010000E+01 8.331640E-06
6.020000E+01 8.242188E-06
6.030000E+01 8.344166E-06
6.040000E+01 8.284379E-06
6.050000E+01 7.928054E-06
6.060000E+01 7.711732E-06
6.070000E+01 7.810984E-06
6.080000E+01 7.822351E-06
6.090000E+01 7.571152E-06
6.100000E+01 7.289733E-06
6.110000E+01 7.101527E-06
6.120000E+01 7.036096E-06
6.130000E+01 7.084912E-06
6.140000E+01 6.998759E-06
6.150000E+01 6.687984E-06
6.160000E+01 6.527530E-06
6.170000E+01 6.649363E-06
6.180000E+01 6.656488E-06
6.190000E+01 6.403117E-06
6.200000E+01 6.165505E-06
6.210000E+01 6.051714E-06
6.220000E+01 6.002619E-06
6.230000E+01 6.000670E-06
6.240000E+01 5.898507E-06
6.250000E+01 5.640147E-06
6.260000E+01 5.527685E-06
6.270000E+01 5.656466E-06
6.280000E+01 5.658133E-06
6.290000E+01 5.417162E-06
6.300000E+01 5.229260E-06
6.310000E+01 5.178824E-06
6.320000E+01 5.137370E-06
6.330000E+01 5.090408E-06
6.340000E+01 4.982637E-06
6.350000E+01 4.777744E-06
6.360000E+01 4.701441E-06
6.370000E+01 4.824090E-06
6.380000E+01 4.821592E-06
6.390000E+01 4.603616E-06
6.400000E+01 4.464869E-06
6.410000E+01 4.465649E-06
6.420000E+01 4.427946E-06
6.430000E+01 4.345684E-06
6.440000E+01 4.241681E-06
6.450000E+01 4.089086E-06
6.460000E+01 4.038537E-06
6.470000E+01 4.144965E-06
6.480000E+01 4.139184E-06
6.490000E+01 3.950980E-06
6.500000E+01 3.857061E-06
6.510000E+01 3.895116E-06
6.520000E+01 3.857572E-06
6.530000E+01 3.750479E-06
6.540000E+01 3.657801E-06
6.550000E+01 3.552520E-06
6.560000E+01 3.516517E-06
6.570000E+01 3.599751E-06
6.580000E+01 3.592688E-06
6.590000E+01 3.437196E-06
6.600000E+01 3.380068E-06
6.610000E+01 3.442765E-06
6.620000E+01 3.405728E-06
6.630000E+01 3.285358E-06
6.640000E+01 3.209118E-06
6.650000E+01 3.145050E-06
6.660000E+01 3.115508E-06
6.670000E+01 3.172059E-06
6.680000E+01 3.164968E-06
6.690000E+01 3.042072E-06
6.700000E+01 3.012698E-06
6.710000E+01 3.088284E-06
6.720000E+01 3.052092E-06
6.730000E+01 2.928345E-06
6.740000E+01 2.871186E-06
6.750000E+01 2.840523E-06
6.760000E+01 2.810313E-06
6.770000E+01 2.839256E-06
6.780000E+01 2.833695E-06
6.790000E+01 2.740894E-06
6.800000E+01 2.729380E-06
6.810000E+01 2.808534E-06
6.820000E+01 2.775741E-06
6.830000E+01 2.657447E-06
6.840000E+01 2.619514E-06
6.850000E+01 2.614637E-06
6.860000E+01 2.580167E-06
6.870000E+01 2.583406E-06
6.880000E+01 2.580168E-06
6.890000E+01 2.513430E-06
6.900000E+01 2.511060E-06
6.910000E+01 2.586387E-06
6.920000E+01 2.558667E-06
6.930000E+01 2.451754E-06
6.940000E+01 2.431222E-06
6.950000E+01 2.444490E-06
6.960000E+01 2.403519E-06
6.970000E+01 2.384352E-06
6.980000E+01 2.384172E-06
6.990000E+01 2.338730E-06
7.000000E+01 2.337791E-06
7.010000E+01 2.404267E-06
7.020000E+01 2.383926E-06
7.030000E+01 2.292451E-06
7.040000E+01 2.285932E-06
7.050000E+01 2.310843E-06
7.060000E+01 2.264016E-06
7.070000E+01 2.227367E-06
7.080000E+01 2.230368E-06
7.090000E+01 2.201288E-06
7.100000E+01 2.196259E-06
7.110000E+01 2.250702E-06
7.120000E+01 2.238604E-06
7.130000E+01 2.163823E-06
7.140000E+01 2.167086E-06
7.150000E+01 2.198071E-06
7.160000E+01 2.146828E-06
7.170000E+01 2.097716E-06
7.180000E+01 2.103843E-06
7.190000E+01 2.086604E-06
7.200000E+01 2.073616E-06
7.210000E+01 2.114522E-06
7.220000E+01 2.111318E-06
7.230000E+01 2.053015E-06
7.240000E+01 2.061523E-06
7.250000E+01 2.094479E-06
7.260000E+01 2.041914E-06
7.270000E+01 1.985765E-06
7.280000E+01 1.994538E-06
7.290000E+01 1.985229E-06
7.300000E+01 1.962576E-06
7.310000E+01 1.989727E-06
7.320000E+01 1.994708E-06
7.330000E+01 1.950861E-06
7.340000E+01 1.960344E-06
7.350000E+01 1.992301E-06
7.360000E+01 1.941361E-06
7.370000E+01 1.882681E-06
7.380000E+01 1.893437E-06
7.390000E+01 1.889034E-06
7.400000E+01 1.856430E-06
7.410000E+01 1.870506E-06
7.420000E+01 1.882659E-06
7.430000E+01 1.850748E-06
7.440000E+01 1.857595E-06
7.450000E+01 1.886807E-06
7.460000E+01 1.840840E-06
7.470000E+01 1.783692E-06
7.480000E+01 1.795538E-06
7.490000E+01 1.793825E-06
7.500000E+01 1.752514E-06
7.510000E+01 1.754918E-06
7.520000E+01 1.772421E-06
7.530000E+01 1.749304E-06
7.540000E+01 1.750811E-06
7.550000E+01 1.776347E-06
7.560000E+01 1.737769E-06
7.570000E+01 1.684820E-06
7.580000E+01 1.696752E-06
7.590000E+01 1.696369E-06
7.600000E+01 1.648369E-06
7.610000E+01 1.640799E-06
7.620000E+01 1.661844E-06
7.630000E+01 1.644769E-06
7.640000E+01 1.639280E-06
7.650000E+01 1.660902E-06
7.660000E+01 1.631687E-06
7.670000E+01 1.584855E-06
7.680000E+01 1.595849E-06
7.690000E+01 1.596072E-06
7.700000E+01 1.544134E-06
7.710000E+01 1.528603E-06
7.720000E+01 1.551204E-06
7.730000E+01 1.537633E-06
7.740000E+01 1.524469E-06
7.750000E+01 1.542274E-06
7.760000E+01 1.523158E-06
7.770000E+01 1.483052E-06
7.780000E+01 1.492106E-06
7.790000E+01 1.492776E-06
7.800000E+01 1.439734E-06
7.810000E+01 1.418170E-06
7.820000E+01 1.440678E-06
7.830000E+01 1.428894E-06
7.840000E+01 1.408292E-06
7.850000E+01 1.422572E-06
7.860000E+01 1.413598E-06
7.870000E+01 1.380255E-06
7.880000E+01 1.386543E-06
7.890000E+01 1.387822E-06
7.900000E+01 1.336555E-06
7.910000E+01 1.310935E-06
7.920000E+01 1.331934E-06
7.930000E+01 1.320736E-06
7.940000E+01 1.293596E-06
7.950000E+01 1.304635E-06
7.960000E+01 1.304812E-06
7.970000E+01 1.277415E-06
7.980000E+01 1.280264E-06
7.990000E+01 1.282532E-06
8.000000E+01 1.235482E-06
8.010000E+01 1.207479E-06
8.020000E+01 1.226005E-06
8.030000E+01 1.214970E-06
8.040000E+01 1.182710E-06
8.050000E+01 1.190721E-06
8.060000E+01 1.198594E-06
8.070000E+01 1.176173E-06
8.080000E+01 1.175214E-06
8.090000E+01 1.178870E-06
8.100000E+01 1.138075E-06
8.110000E+01 1.109239E-06
8.120000E+01 1.124680E-06
8.130000E+01 1.113788E-06
8.140000E+01 1.078063E-06
8.150000E+01 1.083153E-06
8.160000E+01 1.096745E-06
8.170000E+01 1.078020E-06
8.180000E+01 1.073096E-06
8.190000E+01 1.078472E-06
8.200000E+01 1.045269E-06
8.210000E+01 1.016745E-06
8.220000E+01 1.028846E-06
8.230000E+01 1.018542E-06
8.240000E+01 9.811202E-07
8.250000E+01 9.833062E-07
8.260000E+01 1.000607E-06
8.270000E+01 9.845278E-07
8.280000E+01 9.757974E-07
8.290000E+01 9.830505E-07
8.300000E+01 9.581948E-07
8.310000E+01 9.309266E-07
8.320000E+01 9.396990E-07
8.330000E+01 9.305511E-07
8.340000E+01 8.931058E-07
8.350000E+01 8.923773E-07
8.360000E+01 9.113821E-07
8.370000E+01 8.969778E-07
8.380000E+01 8.847704E-07
8.390000E+01 8.938390E-07
8.400000E+01 8.773840E-07
8.410000E+01 8.519111E-07
8.420000E+01 8.575442E-07
8.430000E+01 8.502377E-07
8.440000E+01 8.142860E-07
8.450000E+01 8.106438E-07
8.460000E+01 8.296689E-07
8.470000E+01 8.163776E-07
8.480000E+01 8.012508E-07
8.490000E+01 8.118402E-07
8.500000E+01 8.033253E-07
8.510000E+01 7.800030E-07
8.520000E+01 7.828130E-07
8.530000E+01 7.779092E-07
8.540000E+01 7.446983E-07
8.550000E+01 7.382353E-07
8.560000E+01 7.559268E-07
8.570000E+01 7.434023E-07
8.580000E+01 7.259758E-07
8.590000E+01 7.375760E-07
8.600000E+01 7.360393E-07
8.610000E+01 7.149125E-07
8.620000E+01 7.152405E-07
8.630000E+01 7.131830E-07
8.640000E+01 6.836884E-07
8.650000E+01 6.745912E-07
8.660000E+01 6.900472E-07
8.670000E+01 6.783070E-07
8.680000E+01 6.592992E-07
8.690000E+01 6.712421E-07
8.700000E+01 6.754395E-07
8.710000E+01 6.564591E-07
8.720000E+01 6.546731E-07
8.730000E+01 6.556614E-07
8.740000E+01 6.305450E-07
8.750000E+01 6.191399E-07
8.760000E+01 6.318502E-07
8.770000E+01 6.210608E-07
8.780000E+01 6.011433E-07
8.790000E+01 6.126643E-07
8.800000E+01 6.211491E-07
8.810000E+01 6.041005E-07
8.820000E+01 6.005159E-07
8.830000E+01 6.045428E-07
8.840000E+01 5.841853E-07
8.850000E+01 5.708885E-07
8.860000E+01 5.807120E-07
8.870000E+01 5.712285E-07
8.880000E+01 5.510671E-07
8.890000E+01 5.613969E-07
8.900000E+01 5.727171E-07
8.910000E+01 5.574027E-07
8.920000E+01 5.523233E-07
8.930000E+01 5.591404E-07
8.940000E+01 5.436422E-07
8.950000E+01 5.289649E-07
8.960000E+01 5.360300E-07
8.970000E+01 5.282081E-07
8.980000E+01 5.083601E-07
8.990000E+01 5.167941E-07
9.000000E+01 5.295725E-07
9.010000E+01 5.157611E-07
9.020000E+01 5.094227E-07
9.030000E+01 5.185998E-07
9.040000E+01 5.078273E-07
9.050000E+01 4.922979E-07
9.060000E+01 4.969151E-07
9.070000E+01 4.911167E-07
9.080000E+01 4.720850E-07
9.090000E+01 4.780637E-07
9.100000E+01 4.911281E-07
9.110000E+01 4.786801E-07
9.120000E+01 4.713074E-07
9.130000E+01 4.822544E-07
9.140000E+01 4.758655E-07
9.150000E+01 4.600189E-07
9.160000E+01 4.625926E-07
9.170000E+01 4.590599E-07
9.180000E+01 4.412315E-07
9.190000E+01 4.443807E-07
9.200000E+01 4.567986E-07
9.210000E+01 4.456106E-07
9.220000E+01 4.373752E-07
9.230000E+01 4.494069E-07
9.240000E+01 4.469031E-07
9.250000E+01 4.312105E-07
9.260000E+01 4.321556E-07
9.270000E+01 4.310273E-07
9.280000E+01 4.147304E-07
9.290000E+01 4.148973E-07
9.300000E+01 4.260216E-07
9.310000E+01 4.160915E-07
9.320000E+01 4.071669E-07
9.330000E+01 4.195507E-07
9.340000E+01 4.203168E-07
9.350000E+01 4.051866E-07
9.360000E+01 4.048839E-07
9.370000E+01 4.061371E-07
9.380000E+01 3.916040E-07
9.390000E+01 3.888495E-07
9.400000E+01 3.982981E-07
9.410000E+01 3.896605E-07
9.420000E+01 3.801870E-07
9.430000E+01 3.922005E-07
9.440000E+01 3.955586E-07
9.450000E+01 3.812953E-07
9.460000E+01 3.800450E-07
9.470000E+01 3.835315E-07
9.480000E+01 3.709454E-07
9.490000E+01 3.655297E-07
9.500000E+01 3.731619E-07
9.510000E+01 3.659091E-07
9.520000E+01 3.560414E-07
9.530000E+01 3.670227E-07
9.540000E+01 3.722758E-07
9.550000E+01 3.591017E-07
9.560000E+01 3.571251E-07
9.570000E+01 3.625634E-07
9.580000E+01 3.520301E-07
9.590000E+01 3.443652E-07
9.600000E+01 3.502257E-07
9.610000E+01 3.444456E-07
9.620000E+01 3.343229E-07
9.630000E+01 3.437101E-07
9.640000E+01 3.501897E-07
9.650000E+01 3.382336E-07
9.660000E+01 3.356623E-07
9.670000E+01 3.426835E-07
9.680000E+01 3.342621E-07
9.690000E+01 3.248656E-07
9.700000E+01 3.291286E-07
9.710000E+01 3.249075E-07
9.720000E+01 3.146906E-07
9.730000E+01 3.220590E-07
9.740000E+01 3.291603E-07
9.750000E+01 3.184906E-07
9.760000E+01 3.153963E-07
9.770000E+01 3.235615E-07
9.780000E+01 3.172401E-07
9.790000E+01 3.066741E-07
9.800000E+01 3.095838E-07
9.810000E+01 3.069611E-07
9.820000E+01 2.968068E-07
9.830000E+01 3.018827E-07
9.840000E+01 3.090947E-07
9.850000E+01 2.997240E-07
9.860000E+01 2.961253E-07
9.870000E+01 3.049678E-07
9.880000E+01 3.006829E-07
9.890000E+01 2.895057E-07
9.900000E+01 2.913244E-07
9.910000E+01 2.902963E-07
9.920000E+01 2.803841E-07
9.930000E+01 2.830585E-07
9.940000E+01 2.899801E-07
9.950000E+01 2.818947E-07
9.960000E+01 2.777934E-07
9.970000E+01 2.868417E-07
9.980000E+01 2.844628E-07
9.990000E+01 2.731812E-07
1.000000E+02 2.741513E-07
1.001000E+02 2.746489E-07
1.002000E+02 2.651561E-07
1.003000E+02 2.654711E-07
1.004000E+02 2.718176E-07
1.005000E+02 2.649827E-07
1.006000E+02 2.603717E-07
1.007000E+02 2.691808E-07
1.008000E+02 2.685279E-07
1.009000E+02 2.575692E-07
1.010000E+02 2.578857E-07
1.011000E+02 2.597874E-07
1.012000E+02 2.509035E-07
1.013000E+02 2.490414E-07
1.014000E+02 2.546386E-07
1.015000E+02 2.490157E-07
1.016000E+02 2.439067E-07
1.017000E+02 2.520779E-07
1.018000E+02 2.529185E-07
1.019000E+02 2.426106E-07
1.020000E+02 2.424119E-07
1.021000E+02 2.455405E-07
1.022000E+02 2.374426E-07
1.023000E+02 2.336915E-07
1.024000E+02 2.384616E-07
1.025000E+02 2.340072E-07
1.026000E+02 2.284316E-07
1.027000E+02 2.356302E-07
1.028000E+02 2.377008E-07
1.029000E+02 2.282710E-07
1.030000E+02 2.276369E-07
1.031000E+02 2.317778E-07
1.032000E+02 2.246345E-07
1.033000E+02 2.193609E-07
1.034000E+02 2.233018E-07
1.035000E+02 2.199730E-07
1.036000E+02 2.139971E-07
1.037000E+02 2.199654E-07
1.038000E+02 2.229796E-07
1.039000E+02 2.145598E-07
1.040000E+02 2.135230E-07
1.041000E+02 2.184320E-07
1.042000E+02 2.123795E-07
1.043000E+02 2.059862E-07
1.044000E+02 2.091482E-07
1.045000E+02 2.068965E-07
1.046000E+02 2.006143E-07
1.047000E+02 2.051774E-07
1.048000E+02 2.088488E-07
1.049000E+02 2.014924E-07
1.050000E+02 2.000510E-07
1.051000E+02 2.054716E-07
1.052000E+02 2.006137E-07
1.053000E+02 1.935106E-07
1.054000E+02 1.959731E-07
1.055000E+02 1.947437E-07
1.056000E+02 1.882816E-07
1.057000E+02 1.913513E-07
1.058000E+02 1.954058E-07
1.059000E+02 1.891054E-07
1.060000E+02 1.872413E-07
1.061000E+02 1.929147E-07
1.062000E+02 1.893044E-07
1.063000E+02 1.818729E-07
1.064000E+02 1.837242E-07
1.065000E+02 1.834507E-07
1.066000E+02 1.769545E-07
1.067000E+02 1.785245E-07
1.068000E+02 1.827179E-07
1.069000E+02 1.774268E-07
1.070000E+02 1.751197E-07
1.071000E+02 1.807980E-07
1.072000E+02 1.784396E-07
1.073000E+02 1.710145E-07
1.074000E+02 1.723363E-07
1.075000E+02 1.729392E-07
1.076000E+02 1.665720E-07
1.077000E+02 1.667128E-07
1.078000E+02 1.708387E-07
1.079000E+02 1.664876E-07
1.080000E+02 1.637292E-07
1.081000E+02 1.691835E-07
1.082000E+02 1.680253E-07
1.083000E+02 1.608750E-07
1.084000E+02 1.617330E-07
1.085000E+02 1.631176E-07
1.086000E+02 1.570448E-07
1.087000E+02 1.558895E-07
1.088000E+02 1.597872E-07
1.089000E+02 1.562995E-07
1.090000E+02 1.531010E-07
1.091000E+02 1.581302E-07
1.092000E+02 1.580726E-07
1.093000E+02 1.513974E-07
1.094000E+02 1.518368E-07
1.095000E+02 1.538948E-07
1.096000E+02 1.482782E-07
1.097000E+02 1.460105E-07
1.098000E+02 1.495647E-07
1.099000E+02 1.468650E-07
1.100000E+02 1.432630E-07
1.101000E+02 1.476989E-07
1.102000E+02 1.485987E-07
1.103000E+02 1.425282E-07
1.104000E+02 1.425748E-07
1.105000E+02 1.451856E-07
1.106000E+02 1.401692E-07
1.107000E+02 1.370040E-07
1.108000E+02 1.401422E-07
1.109000E+02 1.381627E-07
1.110000E+02 1.342190E-07
1.111000E+02 1.379307E-07
1.112000E+02 1.396154E-07
1.113000E+02 1.342195E-07
1.114000E+02 1.338844E-07
1.115000E+02 1.369183E-07
1.116000E+02 1.326225E-07
1.117000E+02 1.287912E-07
1.118000E+02 1.314767E-07
1.119000E+02 1.301577E-07
1.120000E+02 1.259576E-07
1.121000E+02 1.288550E-07
1.122000E+02 1.311333E-07
1.123000E+02 1.264309E-07
1.124000E+02 1.257164E-07
1.125000E+02 1.290386E-07
1.126000E+02 1.255495E-07
1.127000E+02 1.212812E-07
1.128000E+02 1.235055E-07
1.129000E+02 1.227945E-07
1.130000E+02 1.184415E-07
1.131000E+02 1.204751E-07
1.132000E+02 1.231535E-07
1.133000E+02 1.191284E-07
1.134000E+02 1.180357E-07
1.135000E+02 1.215101E-07
1.136000E+02 1.188773E-07
1.137000E+02 1.143867E-07
1.138000E+02 1.161600E-07
1.139000E+02 1.160083E-07
1.140000E+02 1.116184E-07
1.141000E+02 1.127800E-07
1.142000E+02 1.156732E-07
1.143000E+02 1.122856E-07
1.144000E+02 1.108207E-07
1.145000E+02 1.143139E-07
1.146000E+02 1.125456E-07
1.147000E+02 1.080204E-07
1.148000E+02 1.093640E-07
1.149000E+02 1.097238E-07
1.150000E+02 1.054177E-07
1.151000E+02 1.057369E-07
1.152000E+02 1.086800E-07
1.153000E+02 1.058799E-07
1.154000E+02 1.040588E-07
1.155000E+02 1.074446E-07
1.156000E+02 1.065104E-07
1.157000E+02 1.021055E-07
1.158000E+02 1.030454E-07
1.159000E+02 1.038659E-07
1.160000E+02 9.976272E-08
1.161000E+02 9.930298E-08
1.162000E+02 1.021578E-07
1.163000E+02 9.989261E-08
1.164000E+02 9.774414E-08
1.165000E+02 1.009070E-07
1.166000E+02 1.007399E-07
1.167000E+02 9.657314E-08
1.168000E+02 9.713556E-08
1.169000E+02 9.836099E-08
1.170000E+02 9.457074E-08
1.171000E+02 9.342314E-08
1.172000E+02 9.608264E-08
1.173000E+02 9.430421E-08
1.174000E+02 9.187122E-08
1.175000E+02 9.471012E-08
1.176000E+02 9.521445E-08
1.177000E+02 9.136825E-08
1.178000E+02 9.157744E-08
1.179000E+02 9.314548E-08
1.180000E+02 8.976370E-08
1.181000E+02 8.803984E-08
1.182000E+02 9.042818E-08
1.183000E+02 8.909475E-08
1.184000E+02 8.643298E-08
1.185000E+02 8.886448E-08
1.186000E+02 8.992276E-08
1.187000E+02 8.644664E-08
1.188000E+02 8.632427E-08
1.189000E+02 8.816613E-08
1.190000E+02 8.526856E-08
1.191000E+02 8.309195E-08
1.192000E+02 8.516246E-08
1.193000E+02 8.423987E-08
1.194000E+02 8.141606E-08
1.195000E+02 8.337706E-08
1.196000E+02 8.486016E-08
1.197000E+02 8.177727E-08
1.198000E+02 8.134357E-08
1.199000E+02 8.338467E-08
1.200000E+02 8.102405E-08
1.201000E+02 7.852248E-08
1.202000E+02 8.025313E-08
1.203000E+02 7.971256E-08
1.204000E+02 7.680089E-08
1.205000E+02 7.825050E-08
1.206000E+02 8.002630E-08
1.207000E+02 7.733903E-08
1.208000E+02 7.661410E-08
1.209000E+02 7.877594E-08
1.210000E+02 7.697974E-08
1.211000E+02 7.427712E-08
1.212000E+02 7.566510E-08
1.213000E+02 7.548118E-08
1.214000E+02 7.255987E-08
1.215000E+02 7.348033E-08
1.216000E+02 7.542266E-08
1.217000E+02 7.312010E-08
1.218000E+02 7.212613E-08
1.219000E+02 7.432855E-08
1.220000E+02 7.309883E-08
1.221000E+02 7.030928E-08
1.222000E+02 7.136537E-08
1.223000E+02 7.151276E-08
1.224000E+02 6.865986E-08
1.225000E+02 6.905631E-08
1.226000E+02 7.105154E-08
1.227000E+02 6.911464E-08
1.228000E+02 6.787715E-08
1.229000E+02 7.004120E-08
1.230000E+02 6.935570E-08
1.231000E+02 6.657828E-08
1.232000E+02 6.732154E-08
1.233000E+02 6.777274E-08
1.234000E+02 6.506261E-08
1.235000E+02 6.496162E-08
1.236000E+02 6.691386E-08
1.237000E+02 6.532070E-08
1.238000E+02 6.386999E-08
1.239000E+02 6.592080E-08
1.240000E+02 6.573589E-08
1.241000E+02 6.305211E-08
1.242000E+02 6.350575E-08
1.243000E+02 6.422884E-08
1.244000E+02 6.172855E-08
1.245000E+02 6.117542E-08
1.246000E+02 6.300901E-08
1.247000E+02 6.173740E-08
1.248000E+02 6.010866E-08
1.249000E+02 6.197840E-08
1.250000E+02 6.223299E-08
1.251000E+02 5.970539E-08
1.252000E+02 5.989364E-08
1.253000E+02 6.085141E-08
1.254000E+02 5.861800E-08
1.255000E+02 5.767304E-08
1.256000E+02 5.933328E-08
1.257000E+02 5.836281E-08
1.258000E+02 5.659618E-08
1.259000E+02 5.822677E-08
1.260000E+02 5.884737E-08
1.261000E+02 5.652044E-08
1.262000E+02 5.646692E-08
1.263000E+02 5.761654E-08
1.264000E+02 5.569459E-08
1.265000E+02 5.442869E-08
1.266000E+02 5.588043E-08
1.267000E+02 5.519250E-08
1.268000E+02 5.333189E-08
1.269000E+02 5.467735E-08
1.270000E+02 5.558332E-08
1.271000E+02 5.348513E-08
1.272000E+02 5.321204E-08
1.273000E+02 5.450583E-08
1.274000E+02 5.292598E-08
1.275000E+02 5.141575E-08
1.276000E+02 5.264090E-08
1.277000E+02 5.221839E-08
1.278000E+02 5.031049E-08
1.279000E+02 5.133863E-08
1.280000E+02 5.244767E-08
1.281000E+02 5.059281E-08
1.282000E+02 5.012120E-08
1.283000E+02 5.150786E-08
1.284000E+02 5.028595E-08
1.285000E+02 4.860896E-08
1.286000E+02 4.960297E-08
1.287000E+02 4.942893E-08
1.288000E+02 4.752129E-08
1.289000E+02 4.821475E-08
1.290000E+02 4.944767E-08
1.291000E+02 4.784019E-08
1.292000E+02 4.719045E-08
1.293000E+02 4.861694E-08
1.294000E+02 4.775403E-08
1.295000E+02 4.598450E-08
1.296000E+02 4.675273E-08
1.297000E+02 4.680921E-08
1.298000E+02 4.494873E-08
1.299000E+02 4.530515E-08
1.300000E+02 4.658998E-08
1.301000E+02 4.522656E-08
1.302000E+02 4.441942E-08
1.303000E+02 4.583297E-08
1.304000E+02 4.531612E-08
1.305000E+02 4.352138E-08
1.306000E+02 4.407564E-08
1.307000E+02 4.434237E-08
1.308000E+02 4.257335E-08
1.309000E+02 4.260467E-08
1.310000E+02 4.387950E-08
1.311000E+02 4.275195E-08
1.312000E+02 4.180912E-08
1.313000E+02 4.315945E-08
1.314000E+02 4.296331E-08
1.315000E+02 4.120123E-08
1.316000E+02 4.155680E-08
1.317000E+02 4.201052E-08
1.318000E+02 4.037311E-08
1.319000E+02 4.010409E-08
1.320000E+02 4.131884E-08
1.321000E+02 4.041629E-08
1.322000E+02 3.936116E-08
1.323000E+02 4.060252E-08
1.324000E+02 4.069142E-08
1.325000E+02 3.900904E-08
1.326000E+02 3.918252E-08
1.327000E+02 3.979652E-08
1.328000E+02 3.832507E-08
1.329000E+02 3.779100E-08
1.330000E+02 3.890792E-08
1.331000E+02 3.821806E-08
1.332000E+02 3.707584E-08
1.333000E+02 3.816892E-08
1.334000E+02 3.849961E-08
1.335000E+02 3.693268E-08
1.336000E+02 3.694055E-08
1.337000E+02 3.768483E-08
1.338000E+02 3.640677E-08
1.339000E+02 3.565080E-08
1.340000E+02 3.664393E-08
1.341000E+02 3.615389E-08
1.342000E+02 3.495158E-08
1.343000E+02 3.586503E-08
1.344000E+02 3.638953E-08
1.345000E+02 3.496306E-08
1.346000E+02 3.482104E-08
1.347000E+02 3.566288E-08
1.348000E+02 3.459770E-08
1.349000E+02 3.366769E-08
1.350000E+02 3.452159E-08
1.351000E+02 3.421803E-08
1.352000E+02 3.298396E-08
1.353000E+02 3.369544E-08
1.354000E+02 3.436403E-08
1.355000E+02 3.309346E-08
1.356000E+02 3.281637E-08
1.357000E+02 3.372124E-08
1.358000E+02 3.288001E-08
1.359000E+02 3.182558E-08
1.360000E+02 3.253349E-08
1.361000E+02 3.240256E-08
1.362000E+02 3.116573E-08
1.363000E+02 3.166256E-08
1.364000E+02 3.242652E-08
1.365000E+02 3.131934E-08
1.366000E+02 3.092139E-08
1.367000E+02 3.185415E-08
1.368000E+02 3.123930E-08
1.369000E+02 3.010887E-08
1.370000E+02 3.067070E-08
1.371000E+02 3.069764E-08
1.372000E+02 2.948682E-08
1.373000E+02 2.976601E-08
1.374000E+02 3.058000E-08
1.375000E+02 2.963747E-08
1.376000E+02 2.913278E-08
1.377000E+02 3.005891E-08
1.378000E+02 2.966458E-08
1.379000E+02 2.850306E-08
1.380000E+02 2.892342E-08
1.381000E+02 2.909226E-08
1.382000E+02 2.793503E-08
1.383000E+02 2.800281E-08
1.384000E+02 2.882668E-08
1.385000E+02 2.804556E-08
1.386000E+02 2.744867E-08
1.387000E+02 2.833560E-08
1.388000E+02 2.814833E-08
1.389000E+02 2.699521E-08
1.390000E+02 2.728169E-08
1.391000E+02 2.757494E-08
1.392000E+02 2.649666E-08
1.393000E+02 2.636750E-08
1.394000E+02 2.716752E-08
1.395000E+02 2.654150E-08
1.396000E+02 2.586774E-08
1.397000E+02 2.668610E-08
1.398000E+02 2.668592E-08
1.399000E+02 2.557420E-08
1.400000E+02 2.573596E-08
1.401000E+02 2.613456E-08
1.402000E+02 2.515746E-08
1.403000E+02 2.485268E-08
1.404000E+02 2.560210E-08
1.405000E+02 2.512297E-08
1.406000E+02 2.438877E-08
1.407000E+02 2.511338E-08
1.408000E+02 2.527524E-08
1.409000E+02 2.423085E-08
1.410000E+02 2.427775E-08
1.411000E+02 2.476115E-08
1.412000E+02 2.390342E-08
1.413000E+02 2.344950E-08
1.414000E+02 2.412855E-08
1.415000E+02 2.378693E-08
1.416000E+02 2.300976E-08
1.417000E+02 2.362057E-08
1.418000E+02 2.391594E-08
1.419000E+02 2.295787E-08
1.420000E+02 2.289988E-08
1.421000E+02 2.344637E-08
1.422000E+02 2.272156E-08
1.423000E+02 2.214829E-08
1.424000E+02 2.274367E-08
1.425000E+02 2.252951E-08
1.426000E+02 2.172773E-08
1.427000E+02 2.221035E-08
1.428000E+02 2.260893E-08
1.429000E+02 2.174976E-08
1.430000E+02 2.159675E-08
1.431000E+02 2.218397E-08
1.432000E+02 2.160049E-08
1.433000E+02 2.093908E-08
1.434000E+02 2.144313E-08
1.435000E+02 2.134589E-08
1.436000E+02 2.053832E-08
1.437000E+02 2.088432E-08
1.438000E+02 2.135567E-08
1.439000E+02 2.060247E-08
1.440000E+02 2.036428E-08
1.441000E+02 2.096978E-08
1.442000E+02 2.053074E-08
1.443000E+02 1.981210E-08
1.444000E+02 2.022179E-08
1.445000E+02 2.023043E-08
1.446000E+02 1.943583E-08
1.447000E+02 1.964279E-08
1.448000E+02 2.015785E-08
1.449000E+02 1.951317E-08
1.450000E+02 1.919975E-08
1.451000E+02 1.980171E-08
1.452000E+02 1.950497E-08
1.453000E+02 1.875815E-08
1.454000E+02 1.907401E-08
1.455000E+02 1.917694E-08
1.456000E+02 1.841339E-08
1.457000E+02 1.848454E-08
1.458000E+02 1.901684E-08
1.459000E+02 1.847978E-08
1.460000E+02 1.810139E-08
1.461000E+02 1.867935E-08
1.462000E+02 1.851790E-08
1.463000E+02 1.776895E-08
1.464000E+02 1.799406E-08
1.465000E+02 1.817902E-08
1.466000E+02 1.746328E-08
1.467000E+02 1.740695E-08
1.468000E+02 1.793350E-08
1.469000E+02 1.750067E-08
1.470000E+02 1.706812E-08
1.471000E+02 1.760360E-08
1.472000E+02 1.756613E-08
1.473000E+02 1.683727E-08
1.474000E+02 1.697639E-08
1.475000E+02 1.723046E-08
1.476000E+02 1.657732E-08
1.477000E+02 1.640616E-08
1.478000E+02 1.690797E-08
1.479000E+02 1.657431E-08
1.480000E+02 1.609895E-08
1.481000E+02 1.657610E-08
1.482000E+02 1.664783E-08
1.483000E+02 1.595706E-08
1.484000E+02 1.601599E-08
1.485000E+02 1.632560E-08
1.486000E+02 1.574736E-08
1.487000E+02 1.547731E-08
1.488000E+02 1.593962E-08
1.489000E+02 1.569895E-08
1.490000E+02 1.519276E-08
1.491000E+02 1.559879E-08
1.492000E+02 1.576241E-08
1.493000E+02 1.512341E-08
1.494000E+02 1.510857E-08
1.495000E+02 1.545963E-08
1.496000E+02 1.496566E-08
1.497000E+02 1.461491E-08
1.498000E+02 1.502702E-08
1.499000E+02 1.487248E-08
1.500000E+02 1.434785E-08
1.501000E+02 1.467342E-08
1.502000E+02 1.491014E-08
1.503000E+02 1.433253E-08
1.504000E+02 1.425062E-08
1.505000E+02 1.462882E-08
1.506000E+02 1.422523E-08
1.507000E+02 1.381310E-08
1.508000E+02 1.416805E-08
1.509000E+02 1.409233E-08
1.510000E+02 1.356184E-08
1.511000E+02 1.380123E-08
1.512000E+02 1.409179E-08
1.513000E+02 1.358153E-08
1.514000E+02 1.343951E-08
1.515000E+02 1.383059E-08
1.516000E+02 1.352011E-08
1.517000E+02 1.306601E-08
1.518000E+02 1.336003E-08
1.519000E+02 1.335546E-08
1.520000E+02 1.283156E-08
1.521000E+02 1.298269E-08
1.522000E+02 1.330833E-08
1.523000E+02 1.286831E-08
1.524000E+02 1.267332E-08
1.525000E+02 1.306346E-08
1.526000E+02 1.284548E-08
1.527000E+02 1.236795E-08
1.528000E+02 1.259992E-08
1.529000E+02 1.265850E-08
1.530000E+02 1.215313E-08
1.531000E+02 1.221740E-08
1.532000E+02 1.256065E-08
1.533000E+02 1.219129E-08
1.534000E+02 1.195071E-08
1.535000E+02 1.232693E-08
1.536000E+02 1.219769E-08
1.537000E+02 1.171368E-08
1.538000E+02 1.188447E-08
1.539000E+02 1.199787E-08
1.540000E+02 1.152208E-08
1.541000E+02 1.150409E-08
1.542000E+02 1.184939E-08
1.543000E+02 1.154922E-08
1.544000E+02 1.127072E-08
1.545000E+02 1.162126E-08
1.546000E+02 1.157420E-08
1.547000E+02 1.109851E-08
1.548000E+02 1.121048E-08
1.549000E+02 1.137002E-08
1.550000E+02 1.093358E-08
1.551000E+02 1.084064E-08
1.552000E+02 1.117478E-08
1.553000E+02 1.094098E-08
1.554000E+02 1.063251E-08
1.555000E+02 1.094720E-08
1.556000E+02 1.097344E-08
1.557000E+02 1.051837E-08
1.558000E+02 1.057492E-08
1.559000E+02 1.077163E-08
1.560000E+02 1.038271E-08
1.561000E+02 1.022429E-08
1.562000E+02 1.053662E-08
1.563000E+02 1.036540E-08
1.564000E+02 1.003519E-08
1.565000E+02 1.030571E-08
1.566000E+02 1.039465E-08
1.567000E+02 9.969890E-09
1.568000E+02 9.975091E-09
1.569000E+02 1.019977E-08
1.570000E+02 9.864655E-09
1.571000E+02 9.651790E-09
1.572000E+02 9.934199E-09
1.573000E+02 9.821137E-09
1.574000E+02 9.477577E-09
1.575000E+02 9.697723E-09
1.576000E+02 9.837619E-09
1.577000E+02 9.450323E-09
1.578000E+02 9.408691E-09
1.579000E+02 9.652064E-09
1.580000E+02 9.374990E-09
1.581000E+02 9.119571E-09
1.582000E+02 9.366403E-09
1.583000E+02 9.306642E-09
1.584000E+02 8.958136E-09
1.585000E+02 9.123922E-09
1.586000E+02 9.302560E-09
1.587000E+02 8.957515E-09
1.588000E+02 8.873866E-09
1.589000E+02 9.126734E-09
1.590000E+02 8.909803E-09
1.591000E+02 8.623975E-09
1.592000E+02 8.831742E-09
1.593000E+02 8.820109E-09
1.594000E+02 8.474897E-09
1.595000E+02 8.584583E-09
1.596000E+02 8.789863E-09
1.597000E+02 8.489796E-09
1.598000E+02 8.369164E-09
1.599000E+02 8.622635E-09
1.600000E+02 8.465817E-09
1.601000E+02 8.161391E-09
1.602000E+02 8.328463E-09
1.603000E+02 8.359539E-09
1.604000E+02 8.025475E-09
1.605000E+02 8.079495E-09
1.606000E+02 8.299953E-09
1.607000E+02 8.045875E-09
1.608000E+02 7.893478E-09
1.609000E+02 8.139190E-09
1.610000E+02 8.040444E-09
1.611000E+02 7.728413E-09
1.612000E+02 7.854664E-09
1.613000E+02 7.922816E-09
1.614000E+02 7.607139E-09
1.615000E+02 7.607932E-09
1.616000E+02 7.833166E-09
1.617000E+02 7.624714E-09
1.618000E+02 7.445931E-09
1.619000E+02 7.676284E-09
1.620000E+02 7.631766E-09
1.621000E+02 7.321929E-09
1.622000E+02 7.408408E-09
1.623000E+02 7.507813E-09
1.624000E+02 7.216927E-09
1.625000E+02 7.168681E-09
1.626000E+02 7.389653E-09
1.627000E+02 7.225416E-09
1.628000E+02 7.025768E-09
1.629000E+02 7.234135E-09
1.630000E+02 7.238482E-09
1.631000E+02 6.939200E-09
1.632000E+02 6.987826E-09
1.633000E+02 7.112505E-09
1.634000E+02 6.851780E-09
1.635000E+02 6.760108E-09
1.636000E+02 6.969327E-09
1.637000E+02 6.847120E-09
1.638000E+02 6.632227E-09
1.639000E+02 6.813138E-09
1.640000E+02 6.859816E-09
1.641000E+02 6.577886E-09
1.642000E+02 6.591200E-09
1.643000E+02 6.735071E-09
1.644000E+02 6.508688E-09
1.645000E+02 6.380259E-09
1.646000E+02 6.571844E-09
1.647000E+02 6.488926E-09
1.648000E+02 6.264447E-09
1.649000E+02 6.413722E-09
1.650000E+02 6.495405E-09
1.651000E+02 6.236046E-09
1.652000E+02 6.217021E-09
1.653000E+02 6.373983E-09
1.654000E+02 6.184820E-09
1.655000E+02 6.026970E-09
1.656000E+02 6.196609E-09
1.657000E+02 6.149843E-09
1.658000E+02 5.921382E-09
1.659000E+02 6.036222E-09
1.660000E+02 6.145183E-09
1.661000E+02 5.912112E-09
1.662000E+02 5.864013E-09
1.663000E+02 6.028046E-09
1.664000E+02 5.877632E-09
1.665000E+02 5.697976E-09
1.666000E+02 5.842809E-09
1.667000E+02 5.828773E-09
1.668000E+02 5.601771E-09
1.669000E+02 5.680780E-09
1.670000E+02 5.809264E-09
1.671000E+02 5.604838E-09
1.672000E+02 5.531133E-09
1.673000E+02 5.696426E-09
1.674000E+02 5.584945E-09
1.675000E+02 5.391017E-09
1.676000E+02 5.509462E-09
1.677000E+02 5.524518E-09
1.678000E+02 5.304127E-09
1.679000E+02 5.347283E-09
1.680000E+02 5.487843E-09
1.681000E+02 5.313238E-09
1.682000E+02 5.217534E-09
1.683000E+02 5.378621E-09
1.684000E+02 5.304983E-09
1.685000E+02 5.103925E-09
1.686000E+02 5.195473E-09
1.687000E+02 5.235818E-09
1.688000E+02 5.026770E-09
1.689000E+02 5.035330E-09
1.690000E+02 5.181104E-09
1.691000E+02 5.036517E-09
1.692000E+02 4.922519E-09
1.693000E+02 5.074419E-09
1.694000E+02 5.036383E-09
1.695000E+02 4.834692E-09
1.696000E+02 4.899704E-09
1.697000E+02 4.961402E-09
1.698000E+02 4.767880E-09
1.699000E+02 4.744238E-09
1.700000E+02 4.889160E-09
1.701000E+02 4.773999E-09
1.702000E+02 4.645477E-09
1.703000E+02 4.783824E-09
1.704000E+02 4.778170E-09
1.705000E+02 4.581517E-09
1.706000E+02 4.621023E-09
1.707000E+02 4.700046E-09
1.708000E+02 4.525574E-09
1.709000E+02 4.473070E-09
1.710000E+02 4.612002E-09
1.711000E+02 4.525065E-09
1.712000E+02 4.385819E-09
1.713000E+02 4.506975E-09
1.714000E+02 4.529712E-09
1.715000E+02 4.342833E-09
1.716000E+02 4.358360E-09
1.717000E+02 4.450630E-09
1.718000E+02 4.297981E-09
1.719000E+02 4.220684E-09
1.720000E+02 4.349484E-09
1.721000E+02 4.289101E-09
1.722000E+02 4.142918E-09
1.723000E+02 4.244065E-09
1.724000E+02 4.290657E-09
1.725000E+02 4.117309E-09
1.726000E+02 4.110743E-09
1.727000E+02 4.212189E-09
1.728000E+02 4.083320E-09
1.729000E+02 3.985791E-09
1.730000E+02 4.101307E-09
1.731000E+02 4.065468E-09
1.732000E+02 3.916067E-09
1.733000E+02 3.995259E-09
1.734000E+02 4.060864E-09
1.735000E+02 3.903841E-09
1.736000E+02 3.877319E-09
1.737000E+02 3.983946E-09
1.738000E+02 3.879970E-09
1.739000E+02 3.767020E-09
1.740000E+02 3.867040E-09
1.741000E+02 3.853479E-09
1.742000E+02 3.704449E-09
1.743000E+02 3.760637E-09
1.744000E+02 3.840332E-09
1.745000E+02 3.701528E-09
1.746000E+02 3.657356E-09
1.747000E+02 3.765325E-09
1.748000E+02 3.686512E-09
1.749000E+02 3.562974E-09
1.750000E+02 3.646136E-09
1.751000E+02 3.652403E-09
1.752000E+02 3.507131E-09
1.753000E+02 3.540144E-09
1.754000E+02 3.629138E-09
1.755000E+02 3.509636E-09
1.756000E+02 3.450237E-09
1.757000E+02 3.555949E-09
1.758000E+02 3.501765E-09
1.759000E+02 3.372289E-09
1.760000E+02 3.437962E-09
1.761000E+02 3.461477E-09
1.762000E+02 3.323073E-09
1.763000E+02 3.333565E-09
1.764000E+02 3.427372E-09
1.765000E+02 3.327564E-09
1.766000E+02 3.255434E-09
1.767000E+02 3.355614E-09
1.768000E+02 3.324792E-09
1.769000E+02 3.193677E-09
1.770000E+02 3.241842E-09
1.771000E+02 3.279932E-09
1.772000E+02 3.151157E-09
1.773000E+02 3.140521E-09
1.774000E+02 3.235102E-09
1.775000E+02 3.154800E-09
1.776000E+02 3.072479E-09
1.777000E+02 3.164257E-09
1.778000E+02 3.154894E-09
1.779000E+02 3.025956E-09
1.780000E+02 3.057085E-09
1.781000E+02 3.107025E-09
1.782000E+02 2.990223E-09
1.783000E+02 2.960474E-09
1.784000E+02 3.052333E-09
1.785000E+02 2.990885E-09
1.786000E+02 2.900930E-09
1.787000E+02 2.981907E-09
1.788000E+02 2.991585E-09
1.789000E+02 2.868071E-09
1.790000E+02 2.883020E-09
1.791000E+02 2.942069E-09
1.792000E+02 2.839112E-09
1.793000E+02 2.792754E-09
1.794000E+02 2.878992E-09
1.795000E+02 2.835388E-09
1.796000E+02 2.740339E-09
1.797000E+02 2.808639E-09
1.798000E+02 2.834562E-09
1.799000E+02 2.719108E-09
1.800000E+02 2.719018E-09
1.801000E+02 2.784464E-09
1.802000E+02 2.696708E-09
1.803000E+02 2.636586E-09
1.804000E+02 2.714922E-09
1.805000E+02 2.687878E-09
1.806000E+02 2.590222E-09
1.807000E+02 2.644529E-09
1.808000E+02 2.683661E-09
1.809000E+02 2.578287E-09
1.810000E+02 2.564512E-09
1.811000E+02 2.633710E-09
1.812000E+02 2.561978E-09
1.813000E+02 2.491129E-09
1.814000E+02 2.559880E-09
1.815000E+02 2.547914E-09
1.816000E+02 2.450049E-09
1.817000E+02 2.489610E-09
1.818000E+02 2.538820E-09
1.819000E+02 2.444956E-09
1.820000E+02 2.419002E-09
1.821000E+02 2.489426E-09
1.822000E+02 2.434002E-09
1.823000E+02 2.355510E-09
1.824000E+02 2.413553E-09
1.825000E+02 2.415039E-09
1.826000E+02 2.319224E-09
1.827000E+02 2.343846E-09
1.828000E+02 2.400039E-09
1.829000E+02 2.318574E-09
1.830000E+02 2.282052E-09
1.831000E+02 2.351343E-09
1.832000E+02 2.311994E-09
1.833000E+02 2.228860E-09
1.834000E+02 2.275573E-09
1.835000E+02 2.288788E-09
1.836000E+02 2.197100E-09
1.837000E+02 2.207111E-09
1.838000E+02 2.267341E-09
1.839000E+02 2.198690E-09
1.840000E+02 2.153281E-09
1.841000E+02 2.219295E-09
1.842000E+02 2.195311E-09
1.843000E+02 2.110345E-09
1.844000E+02 2.145536E-09
1.845000E+02 2.168695E-09
1.846000E+02 2.082980E-09
1.847000E+02 2.079178E-09
1.848000E+02 2.140750E-09
1.849000E+02 2.084925E-09
1.850000E+02 2.032348E-09
1.851000E+02 2.093204E-09
1.852000E+02 2.083452E-09
1.853000E+02 1.999184E-09
1.854000E+02 2.023023E-09
1.855000E+02 2.054310E-09
1.856000E+02 1.976142E-09
1.857000E+02 1.959729E-09
1.858000E+02 2.020265E-09
1.859000E+02 1.976945E-09
1.860000E+02 1.918934E-09
1.861000E+02 1.973047E-09
1.862000E+02 1.976050E-09
1.863000E+02 1.894674E-09
1.864000E+02 1.907619E-09
1.865000E+02 1.945211E-09
1.866000E+02 1.875857E-09
1.867000E+02 1.848358E-09
1.868000E+02 1.905845E-09
1.869000E+02 1.874448E-09
1.870000E+02 1.812720E-09
1.871000E+02 1.858837E-09
1.872000E+02 1.872853E-09
1.873000E+02 1.796189E-09
1.874000E+02 1.798928E-09
1.875000E+02 1.841026E-09
1.876000E+02 1.781419E-09
1.877000E+02 1.744591E-09
1.878000E+02 1.797405E-09
1.879000E+02 1.777144E-09
1.880000E+02 1.713377E-09
1.881000E+02 1.750595E-09
1.882000E+02 1.773709E-09
1.883000E+02 1.703190E-09
1.884000E+02 1.696582E-09
1.885000E+02 1.741437E-09
1.886000E+02 1.692165E-09
1.887000E+02 1.647908E-09
1.888000E+02 1.694814E-09
1.889000E+02 1.684748E-09
1.890000E+02 1.620550E-09
1.891000E+02 1.648323E-09
1.892000E+02 1.678533E-09
1.893000E+02 1.615218E-09
1.894000E+02 1.600249E-09
1.895000E+02 1.646189E-09
1.896000E+02 1.607494E-09
1.897000E+02 1.557766E-09
1.898000E+02 1.597897E-09
1.899000E+02 1.596971E-09
1.900000E+02 1.533854E-09
1.901000E+02 1.551987E-09
1.902000E+02 1.587294E-09
1.903000E+02 1.531889E-09
1.904000E+02 1.509629E-09
1.905000E+02 1.555094E-09
1.906000E+02 1.526882E-09
1.907000E+02 1.473614E-09
1.908000E+02 1.506444E-09
1.909000E+02 1.513526E-09
1.910000E+02 1.452871E-09
1.911000E+02 1.461505E-09
1.912000E+02 1.499986E-09
1.913000E+02 1.452879E-09
1.914000E+02 1.424454E-09
1.915000E+02 1.468024E-09
1.916000E+02 1.449892E-09
1.917000E+02 1.394918E-09
1.918000E+02 1.420221E-09
1.919000E+02 1.434124E-09
1.920000E+02 1.377161E-09
1.921000E+02 1.376741E-09
1.922000E+02 1.416613E-09
1.923000E+02 1.377913E-09
1.924000E+02 1.344480E-09
1.925000E+02 1.384900E-09
1.926000E+02 1.376173E-09
1.927000E+02 1.321174E-09
1.928000E+02 1.338977E-09
1.929000E+02 1.358488E-09
1.930000E+02 1.306266E-09
1.931000E+02 1.297504E-09
1.932000E+02 1.337174E-09
1.933000E+02 1.306753E-09
1.934000E+02 1.269475E-09
1.935000E+02 1.305685E-09
1.936000E+02 1.305460E-09
1.937000E+02 1.251917E-09
1.938000E+02 1.262458E-09
1.939000E+02 1.286356E-09
1.940000E+02 1.239725E-09
1.941000E+02 1.223549E-09
1.942000E+02 1.261647E-09
1.943000E+02 1.239185E-09
1.944000E+02 1.199215E-09
1.945000E+02 1.230364E-09
1.946000E+02 1.237562E-09
1.947000E+02 1.186732E-09
1.948000E+02 1.190412E-09
1.949000E+02 1.217493E-09
1.950000E+02 1.177089E-09
1.951000E+02 1.154592E-09
1.952000E+02 1.189990E-09
1.953000E+02 1.175010E-09
1.954000E+02 1.133468E-09
1.955000E+02 1.158934E-09
1.956000E+02 1.172354E-09
1.957000E+02 1.125252E-09
1.958000E+02 1.122603E-09
1.959000E+02 1.151693E-09
1.960000E+02 1.117934E-09
1.961000E+02 1.090316E-09
1.962000E+02 1.122130E-09
1.963000E+02 1.114036E-09
1.964000E+02 1.071995E-09
1.965000E+02 1.091385E-09
1.966000E+02 1.109761E-09
1.967000E+02 1.067158E-09
1.968000E+02 1.058806E-09
1.969000E+02 1.088791E-09
1.970000E+02 1.061872E-09
1.971000E+02 1.030385E-09
1.972000E+02 1.057970E-09
1.973000E+02 1.056076E-09
1.974000E+02 1.014542E-09
1.975000E+02 1.027692E-09
1.976000E+02 1.049744E-09
1.977000E+02 1.012178E-09
1.978000E+02 9.988181E-10
1.979000E+02 1.028656E-09
1.980000E+02 1.008560E-09
1.981000E+02 9.744547E-10
1.982000E+02 9.973881E-10
1.983000E+02 1.000945E-09
1.984000E+02 9.608406E-10
1.985000E+02 9.678046E-10
1.986000E+02 9.922850E-10
1.987000E+02 9.600802E-10
1.988000E+02 9.424511E-10
1.989000E+02 9.711952E-10
1.990000E+02 9.577087E-10
1.991000E+02 9.221850E-10
1.992000E+02 9.402440E-10
1.993000E+02 9.484622E-10
1.994000E+02 9.106093E-10
1.995000E+02 9.116405E-10
1.996000E+02 9.373785E-10
1.997000E+02 9.106655E-10
1.998000E+02 8.895319E-10
1.999000E+02 9.163492E-10
2.000000E+02 9.090782E-10
2.001000E+02 8.732492E-10
2.002000E+02 8.863854E-10
2.003000E+02 8.984537E-10
2.004000E+02 8.635596E-10
2.005000E+02 8.590858E-10
2.006000E+02 8.850176E-10
2.007000E+02 8.637609E-10
2.008000E+02 8.398977E-10
2.009000E+02 8.640817E-10
2.010000E+02 8.624824E-10
2.011000E+02 8.273414E-10
2.012000E+02 8.356541E-10
2.013000E+02 8.507573E-10
2.014000E+02 8.194019E-10
2.015000E+02 8.099947E-10
2.016000E+02 8.351878E-10
2.017000E+02 8.192136E-10
2.018000E+02 7.933910E-10
2.019000E+02 8.143742E-10
2.020000E+02 8.177818E-10
2.021000E+02 7.841821E-10
2.022000E+02 7.878917E-10
2.023000E+02 8.052262E-10
2.024000E+02 7.778522E-10
2.025000E+02 7.641933E-10
2.026000E+02 7.878625E-10
2.027000E+02 7.768847E-10
2.028000E+02 7.498551E-10
2.029000E+02 7.672156E-10
2.030000E+02 7.748779E-10
2.031000E+02 7.435205E-10
2.032000E+02 7.429448E-10
2.033000E+02 7.617324E-10
2.034000E+02 7.386406E-10
2.035000E+02 7.214859E-10
2.036000E+02 7.429997E-10
2.037000E+02 7.366449E-10
2.038000E+02 7.091301E-10
2.039000E+02 7.225941E-10
2.040000E+02 7.337057E-10
2.041000E+02 7.051363E-10
2.042000E+02 7.006678E-10
2.043000E+02 7.201694E-10
2.044000E+02 7.015170E-10
2.045000E+02 6.816619E-10
2.046000E+02 7.005422E-10
2.047000E+02 6.983715E-10
2.048000E+02 6.710497E-10
2.049000E+02 6.804895E-10
2.050000E+02 6.942250E-10
2.051000E+02 6.688382E-10
2.052000E+02 6.609248E-10
2.053000E+02 6.804526E-10
2.054000E+02 6.662574E-10
2.055000E+02 6.445027E-10
2.056000E+02 6.604189E-10
2.057000E+02 6.619469E-10
2.058000E+02 6.354411E-10
2.059000E+02 6.408675E-10
2.060000E+02 6.564130E-10
2.061000E+02 6.344616E-10
2.062000E+02 6.235898E-10
2.063000E+02 6.425183E-10
2.064000E+02 6.326670E-10
2.065000E+02 6.097899E-10
2.066000E+02 6.225471E-10
2.067000E+02 6.272582E-10
2.068000E+02 6.021245E-10
2.069000E+02 6.036758E-10
2.070000E+02 6.202565E-10
2.071000E+02 6.018654E-10
2.072000E+02 5.885452E-10
2.073000E+02 6.063218E-10
2.074000E+02 6.005826E-10
2.075000E+02 5.773108E-10
2.076000E+02 5.868363E-10
2.077000E+02 5.941980E-10
2.078000E+02 5.709158E-10
2.079000E+02 5.688426E-10
2.080000E+02 5.857459E-10
2.081000E+02 5.709278E-10
2.082000E+02 5.556796E-10
