# # freq, loss, reflectance, transmittance (in meep units)
4.000000E-01 9.121272E-05 9.901709E-01 9.737894E-03
4.010008E-01 -1.613423E-05 9.902439E-01 9.772259E-03
4.020017E-01 -5.943581E-05 9.902574E-01 9.802010E-03
4.030025E-01 2.187640E-05 9.901680E-01 9.810124E-03
4.040033E-01 1.107060E-04 9.900769E-01 9.812426E-03
4.050042E-01 8.372959E-05 9.900817E-01 9.834612E-03
4.060050E-01 -1.476690E-05 9.901383E-01 9.876466E-03
4.070058E-01 -4.135347E-05 9.901283E-01 9.913100E-03
4.080067E-01 4.092313E-05 9.900289E-01 9.930212E-03
4.090075E-01 1.142218E-04 9.899423E-01 9.943513E-03
4.100083E-01 7.744166E-05 9.899465E-01 9.976045E-03
4.110092E-01 -1.174430E-05 9.899856E-01 1.002615E-02
4.120100E-01 -2.361020E-05 9.899530E-01 1.007063E-02
4.130108E-01 5.810665E-05 9.898443E-01 1.009756E-02
4.140117E-01 1.169027E-04 9.897606E-01 1.012247E-02
4.150125E-01 7.230869E-05 9.897617E-01 1.016602E-02
4.160133E-01 -7.511182E-06 9.897822E-01 1.022535E-02
4.170142E-01 -6.670655E-06 9.897278E-01 1.027883E-02
4.180150E-01 7.310461E-05 9.896103E-01 1.031661E-02
4.190158E-01 1.183487E-04 9.895277E-01 1.035398E-02
4.200167E-01 6.763639E-05 9.895229E-01 1.040950E-02
4.210175E-01 -2.901839E-06 9.895236E-01 1.047929E-02
4.220183E-01 8.853920E-06 9.894480E-01 1.054314E-02
4.230192E-01 8.564970E-05 9.893213E-01 1.059306E-02
4.240200E-01 1.184057E-04 9.892375E-01 1.064406E-02
4.250209E-01 6.316623E-05 9.892240E-01 1.071283E-02
4.260217E-01 1.830610E-06 9.892035E-01 1.079463E-02
4.270225E-01 2.298480E-05 9.891065E-01 1.087055E-02
4.280234E-01 9.607001E-05 9.889697E-01 1.093422E-02
4.290242E-01 1.174394E-04 9.888822E-01 1.100041E-02
4.300250E-01 5.907571E-05 9.888568E-01 1.108410E-02
4.310259E-01 6.757459E-06 9.888134E-01 1.117984E-02
4.320267E-01 3.590459E-05 9.886942E-01 1.126991E-02
4.330275E-01 1.046636E-04 9.885459E-01 1.134939E-02
4.340284E-01 1.156225E-04 9.884516E-01 1.143279E-02
4.350292E-01 5.524463E-05 9.884112E-01 1.153359E-02
4.360300E-01 1.158768E-05 9.883427E-01 1.164571E-02
4.370309E-01 4.738276E-05 9.882001E-01 1.175254E-02
4.380317E-01 1.112901E-04 9.880383E-01 1.185043E-02
4.390325E-01 1.127246E-04 9.879336E-01 1.195366E-02
4.400334E-01 5.125468E-05 9.878743E-01 1.207441E-02
4.410342E-01 1.587102E-05 9.877781E-01 1.220602E-02
4.420350E-01 5.716245E-05 9.876100E-01 1.233288E-02
4.430359E-01 1.159058E-04 9.874316E-01 1.245251E-02
4.440367E-01 1.087457E-04 9.873122E-01 1.257901E-02
4.450375E-01 4.706012E-05 9.872296E-01 1.272337E-02
4.460384E-01 1.964404E-05 9.871019E-01 1.287845E-02
4.470392E-01 6.552561E-05 9.869049E-01 1.302953E-02
4.480400E-01 1.189991E-04 9.867058E-01 1.317521E-02
4.490409E-01 1.041792E-04 9.865664E-01 1.332946E-02
4.500417E-01 4.305001E-05 9.864547E-01 1.350222E-02
4.510425E-01 2.328473E-05 9.862908E-01 1.368593E-02
4.520434E-01 7.295688E-05 9.860604E-01 1.386665E-02
4.530442E-01 1.210986E-04 9.858349E-01 1.404399E-02
4.540450E-01 9.941410E-05 9.856687E-01 1.423189E-02
4.550459E-01 3.940280E-05 9.855212E-01 1.443937E-02
4.560467E-01 2.688308E-05 9.853147E-01 1.465846E-02
4.570475E-01 7.959337E-05 9.850445E-01 1.487594E-02
4.580484E-01 1.223568E-04 9.847852E-01 1.509240E-02
4.590492E-01 9.448766E-05 9.845837E-01 1.532182E-02
4.600500E-01 3.602729E-05 9.843915E-01 1.557245E-02
4.610509E-01 3.037515E-05 9.841337E-01 1.583591E-02
4.620517E-01 8.554092E-05 9.838148E-01 1.609964E-02
4.630525E-01 1.230190E-04 9.835118E-01 1.636521E-02
4.640534E-01 8.966617E-05 9.832636E-01 1.664678E-02
4.650542E-01 3.320348E-05 9.830148E-01 1.695195E-02
4.660550E-01 3.419202E-05 9.826939E-01 1.727195E-02
4.670559E-01 9.148259E-05 9.823137E-01 1.759483E-02
4.680567E-01 1.239484E-04 9.819529E-01 1.792317E-02
4.690575E-01 8.584759E-05 9.816427E-01 1.827149E-02
4.700584E-01 3.184070E-05 9.813213E-01 1.864690E-02
4.710592E-01 3.936707E-05 9.809204E-01 1.904023E-02
4.720601E-01 9.864230E-05 9.804612E-01 1.944011E-02
4.730609E-01 1.264601E-04 9.800233E-01 1.985027E-02
4.740617E-01 8.428782E-05 9.796299E-01 2.028580E-02
4.750626E-01 3.312220E-05 9.792134E-01 2.075350E-02
4.760634E-01 4.713150E-05 9.787090E-01 2.124384E-02
4.770642E-01 1.083623E-04 9.781456E-01 2.174604E-02
4.780651E-01 1.319040E-04 9.776029E-01 2.226517E-02
4.790659E-01 8.620444E-05 9.770965E-01 2.281727E-02
4.800667E-01 3.814579E-05 9.765528E-01 2.340905E-02
4.810676E-01 5.860847E-05 9.759107E-01 2.403068E-02
4.820684E-01 1.218631E-04 9.752061E-01 2.467206E-02
4.830692E-01 1.414927E-04 9.745185E-01 2.533999E-02
4.840701E-01 9.266970E-05 9.738554E-01 2.605196E-02
4.850709E-01 4.788328E-05 9.731372E-01 2.681495E-02
4.860717E-01 7.484746E-05 9.723062E-01 2.761899E-02
4.870726E-01 1.403573E-04 9.714047E-01 2.845493E-02
4.880734E-01 1.564873E-04 9.705116E-01 2.933191E-02
4.890742E-01 1.048548E-04 9.696255E-01 3.026968E-02
4.900751E-01 6.347830E-05 9.686604E-01 3.127615E-02
4.910759E-01 9.718224E-05 9.675613E-01 3.234154E-02
4.920767E-01 1.654711E-04 9.663763E-01 3.345822E-02
4.930776E-01 1.786682E-04 9.651826E-01 3.463878E-02
4.940784E-01 1.245284E-04 9.639688E-01 3.590666E-02
4.950792E-01 8.676987E-05 9.626414E-01 3.727178E-02
4.960801E-01 1.278000E-04 9.611468E-01 3.872545E-02
4.970809E-01 1.998776E-04 9.595374E-01 4.026275E-02
4.980817E-01 2.110265E-04 9.578871E-01 4.190183E-02
4.990826E-01 1.547876E-04 9.561729E-01 4.367236E-02
5.000834E-01 1.210714E-04 9.542904E-01 4.558857E-02
5.010842E-01 1.706183E-04 9.521846E-01 4.764477E-02
5.020851E-01 2.483212E-04 9.499102E-01 4.984149E-02
5.030859E-01 2.589344E-04 9.475345E-01 5.220659E-02
5.040867E-01 2.013456E-04 9.450175E-01 5.478112E-02
5.050876E-01 1.725899E-04 9.422390E-01 5.758845E-02
5.060884E-01 2.329265E-04 9.391364E-01 6.063066E-02
5.070892E-01 3.195797E-04 9.357604E-01 6.391999E-02
5.080901E-01 3.324479E-04 9.321644E-01 6.750315E-02
5.090909E-01 2.751258E-04 9.282812E-01 7.144365E-02
5.100917E-01 2.533402E-04 9.239612E-01 7.578545E-02
5.110926E-01 3.288142E-04 9.191207E-01 8.055051E-02
5.120934E-01 4.306588E-04 9.137908E-01 8.577849E-02
5.130942E-01 4.513708E-04 9.079919E-01 9.155669E-02
5.140951E-01 3.981533E-04 9.016039E-01 9.799793E-02
5.150959E-01 3.879419E-04 8.944158E-01 1.051962E-01
5.160967E-01 4.873219E-04 8.862862E-01 1.132264E-01
5.170976E-01 6.169661E-04 8.771849E-01 1.221982E-01
5.180984E-01 6.578925E-04 8.670455E-01 1.322966E-01
5.190992E-01 6.187035E-04 8.556259E-01 1.437554E-01
5.201001E-01 6.314734E-04 8.425680E-01 1.568005E-01
5.211009E-01 7.740773E-04 8.275709E-01 1.716550E-01
5.221018E-01 9.596237E-04 8.104210E-01 1.886194E-01
5.231026E-01 1.051221E-03 7.908140E-01 2.081347E-01
5.241034E-01 1.053800E-03 7.681971E-01 2.307491E-01
5.251043E-01 1.120090E-03 7.418412E-01 2.570387E-01
5.261051E-01 1.352086E-03 7.110338E-01 2.876142E-01
5.271059E-01 1.661087E-03 6.751044E-01 3.232345E-01
5.281068E-01 1.882734E-03 6.332377E-01 3.648795E-01
5.291076E-01 2.004222E-03 5.843641E-01 4.136317E-01
5.301084E-01 2.199934E-03 5.273860E-01 4.704141E-01
5.311093E-01 2.615098E-03 4.616275E-01 5.357574E-01
5.321101E-01 3.172575E-03 3.872345E-01 6.095930E-01
5.331109E-01 3.658797E-03 3.055690E-01 6.907722E-01
5.341118E-01 3.984364E-03 2.199315E-01 7.760841E-01
5.351126E-01 4.280910E-03 1.365543E-01 8.591648E-01
5.361134E-01 4.700777E-03 6.493114E-02 9.303681E-01
5.371143E-01 5.171834E-03 1.628409E-02 9.785441E-01
5.381151E-01 5.427649E-03 5.452161E-05 9.945178E-01
5.391159E-01 5.290496E-03 2.007020E-02 9.746393E-01
5.401168E-01 4.866350E-03 7.278406E-02 9.223496E-01
5.411176E-01 4.419502E-03 1.487882E-01 8.467923E-01
5.421184E-01 4.087451E-03 2.365826E-01 7.593300E-01
5.431193E-01 3.778710E-03 3.262424E-01 6.699788E-01
5.441201E-01 3.352140E-03 4.111996E-01 5.854483E-01
5.451209E-01 2.830097E-03 4.880538E-01 5.091161E-01
5.461218E-01 2.380781E-03 5.555307E-01 4.420886E-01
5.471226E-01 2.113435E-03 6.136113E-01 3.842752E-01
5.481234E-01 1.957280E-03 6.630525E-01 3.349902E-01
5.491243E-01 1.766983E-03 7.050214E-01 2.932116E-01
5.501251E-01 1.504110E-03 7.407101E-01 2.577858E-01
5.511259E-01 1.264913E-03 7.710895E-01 2.276456E-01
5.521268E-01 1.138526E-03 7.969302E-01 2.019313E-01
5.531276E-01 1.091517E-03 8.189495E-01 1.799590E-01
5.541284E-01 1.020049E-03 8.378506E-01 1.611294E-01
5.551293E-01 8.850495E-04 8.542188E-01 1.448961E-01
5.561301E-01 7.505468E-04 8.684452E-01 1.308043E-01
5.571309E-01 6.874331E-04 8.807951E-01 1.185175E-01
5.581318E-01 6.798428E-04 8.915360E-01 1.077842E-01
5.591326E-01 6.532503E-04 9.009663E-01 9.838045E-02
5.601334E-01 5.751081E-04 9.093334E-01 9.009152E-02
5.611343E-01 4.909565E-04 9.167728E-01 8.273628E-02
5.621351E-01 4.561489E-04 9.233570E-01 7.618686E-02
5.631359E-01 4.620962E-04 9.291865E-01 7.035138E-02
5.641368E-01 4.531150E-04 9.344053E-01 6.514163E-02
5.651376E-01 4.029888E-04 9.391327E-01 6.046433E-02
5.661384E-01 3.457529E-04 9.434150E-01 5.623926E-02
5.671393E-01 3.249261E-04 9.472614E-01 5.241364E-02
5.681401E-01 3.351854E-04 9.507128E-01 4.895197E-02
5.691410E-01 3.335025E-04 9.538506E-01 4.581588E-02
5.701418E-01 2.987998E-04 9.567417E-01 4.295954E-02
5.711426E-01 2.574636E-04 9.593994E-01 4.034309E-02
5.721435E-01 2.441936E-04 9.618128E-01 3.794302E-02
5.731443E-01 2.553234E-04 9.639994E-01 3.574527E-02
5.741451E-01 2.567419E-04 9.660118E-01 3.373144E-02
5.751460E-01 2.313582E-04 9.678922E-01 3.187640E-02
5.761468E-01 2.001724E-04 9.696415E-01 3.015831E-02
5.771476E-01 1.912769E-04 9.712425E-01 2.856618E-02
5.781485E-01 2.019758E-04 9.727034E-01 2.709464E-02
5.791493E-01 2.046857E-04 9.740612E-01 2.573413E-02
5.801501E-01 1.853663E-04 9.753451E-01 2.446949E-02
5.811510E-01 1.610470E-04 9.765512E-01 2.328777E-02
5.821518E-01 1.548122E-04 9.776614E-01 2.218376E-02
5.831526E-01 1.646259E-04 9.786795E-01 2.115584E-02
5.841535E-01 1.678222E-04 9.796335E-01 2.019863E-02
5.851543E-01 1.526851E-04 9.805451E-01 1.930224E-02
5.861551E-01 1.332147E-04 9.814083E-01 1.845851E-02
5.871560E-01 1.286559E-04 9.822063E-01 1.766507E-02
5.881568E-01 1.374812E-04 9.829406E-01 1.692194E-02
5.891576E-01 1.408070E-04 9.836333E-01 1.622585E-02
5.901585E-01 1.286875E-04 9.843014E-01 1.556993E-02
5.911593E-01 1.127526E-04 9.849385E-01 1.494879E-02
5.921601E-01 1.092763E-04 9.855292E-01 1.436152E-02
5.931610E-01 1.171562E-04 9.860740E-01 1.380884E-02
5.941618E-01 1.204618E-04 9.865909E-01 1.328860E-02
5.951626E-01 1.105949E-04 9.870936E-01 1.279579E-02
5.961635E-01 9.730029E-05 9.875760E-01 1.232671E-02
5.971643E-01 9.453622E-05 9.880242E-01 1.188122E-02
5.981651E-01 1.015706E-04 9.884381E-01 1.146030E-02
5.991660E-01 1.048020E-04 9.888328E-01 1.106245E-02
6.001668E-01 9.665928E-05 9.892195E-01 1.068386E-02
6.011676E-01 8.537159E-05 9.895927E-01 1.032189E-02
6.021685E-01 8.308300E-05 9.899401E-01 9.976850E-03
6.031693E-01 8.938858E-05 9.902608E-01 9.649764E-03
6.041701E-01 9.253506E-05 9.905680E-01 9.339498E-03
6.051710E-01 8.573505E-05 9.908712E-01 9.043072E-03
6.061718E-01 7.599323E-05 9.911654E-01 8.758576E-03
6.071726E-01 7.402743E-05 9.914394E-01 8.486524E-03
6.081735E-01 7.971993E-05 9.916924E-01 8.227921E-03
6.091743E-01 8.278878E-05 9.919354E-01 7.981855E-03
6.101751E-01 7.704634E-05 9.921770E-01 7.745927E-03
6.111760E-01 6.850756E-05 9.924128E-01 7.518732E-03
6.121768E-01 6.676659E-05 9.926323E-01 7.300898E-03
6.131776E-01 7.195332E-05 9.928347E-01 7.093352E-03
6.141785E-01 7.495750E-05 9.930297E-01 6.895328E-03
6.151793E-01 7.005308E-05 9.932251E-01 6.704852E-03
6.161802E-01 6.245820E-05 9.934167E-01 6.520882E-03
6.171810E-01 6.088036E-05 9.935950E-01 6.344097E-03
6.181818E-01 6.565697E-05 9.937590E-01 6.175329E-03
6.191827E-01 6.860882E-05 9.939175E-01 6.013912E-03
6.201835E-01 6.436887E-05 9.940774E-01 5.858193E-03
6.211843E-01 5.751927E-05 9.942351E-01 5.707396E-03
6.221852E-01 5.606700E-05 9.943817E-01 5.562214E-03
6.231860E-01 6.051632E-05 9.945161E-01 5.423386E-03
6.241868E-01 6.342460E-05 9.946463E-01 5.290311E-03
6.251877E-01 5.970898E-05 9.947787E-01 5.161587E-03
6.261885E-01 5.345091E-05 9.949099E-01 5.036640E-03
6.271893E-01 5.210294E-05 9.950317E-01 4.916155E-03
6.281902E-01 5.629545E-05 9.951429E-01 4.800779E-03
6.291910E-01 5.916456E-05 9.952509E-01 4.689961E-03
6.301918E-01 5.585850E-05 9.953616E-01 4.582498E-03
6.311927E-01 5.007251E-05 9.954720E-01 4.477970E-03
6.321935E-01 4.881893E-05 9.955741E-01 4.377041E-03
6.331943E-01 5.281397E-05 9.956669E-01 4.280277E-03
6.341952E-01 5.564434E-05 9.957572E-01 4.187160E-03
6.351960E-01 5.265318E-05 9.958507E-01 4.096651E-03
6.361968E-01 4.724675E-05 9.959443E-01 4.008449E-03
6.371977E-01 4.608569E-05 9.960307E-01 3.923193E-03
6.381985E-01 4.993285E-05 9.961087E-01 3.841370E-03
6.391993E-01 5.272160E-05 9.961848E-01 3.762493E-03
6.402002E-01 4.996701E-05 9.962644E-01 3.685656E-03
6.412010E-01 4.486888E-05 9.963445E-01 3.610654E-03
6.422018E-01 4.380401E-05 9.964181E-01 3.538093E-03
6.432027E-01 4.754421E-05 9.964841E-01 3.468393E-03
6.442035E-01 5.028570E-05 9.965486E-01 3.401091E-03
6.452043E-01 4.770270E-05 9.966169E-01 3.335394E-03
6.462052E-01 4.285845E-05 9.966860E-01 3.271170E-03
6.472060E-01 4.189699E-05 9.967491E-01 3.208994E-03
6.482068E-01 4.556344E-05 9.968052E-01 3.149225E-03
6.492077E-01 4.824978E-05 9.968603E-01 3.091421E-03
6.502085E-01 4.578449E-05 9.969193E-01 3.034883E-03
6.512093E-01 4.115317E-05 9.969793E-01 2.979541E-03
6.522102E-01 4.030452E-05 9.970338E-01 2.925938E-03
6.532110E-01 4.392367E-05 9.970817E-01 2.874376E-03
6.542118E-01 4.654536E-05 9.971290E-01 2.824432E-03
6.552127E-01 4.415339E-05 9.971804E-01 2.775492E-03
6.562135E-01 3.970498E-05 9.972328E-01 2.727531E-03
6.572143E-01 3.897980E-05 9.972800E-01 2.681062E-03
6.582152E-01 4.257234E-05 9.973211E-01 2.636338E-03
6.592160E-01 4.511896E-05 9.973619E-01 2.592952E-03
6.602168E-01 4.276423E-05 9.974069E-01 2.550362E-03
6.612177E-01 3.847769E-05 9.974529E-01 2.508583E-03
6.622185E-01 3.788731E-05 9.974940E-01 2.468096E-03
6.632193E-01 4.146906E-05 9.975294E-01 2.429111E-03
6.642202E-01 4.392984E-05 9.975648E-01 2.391238E-03
6.652210E-01 4.158357E-05 9.976044E-01 2.353995E-03
6.662219E-01 3.744522E-05 9.976451E-01 2.317431E-03
6.672227E-01 3.700109E-05 9.976810E-01 2.281996E-03
6.682235E-01 4.058369E-05 9.977116E-01 2.247863E-03
6.692244E-01 4.294788E-05 9.977424E-01 2.214654E-03
6.702252E-01 4.058763E-05 9.977775E-01 2.181944E-03
6.712260E-01 3.658968E-05 9.978136E-01 2.149809E-03
6.722269E-01 3.630283E-05 9.978450E-01 2.118670E-03
6.732277E-01 3.989422E-05 9.978714E-01 2.088663E-03
6.742285E-01 4.215128E-05 9.978984E-01 2.059428E-03
6.752294E-01 3.976001E-05 9.979297E-01 2.030586E-03
6.762302E-01 3.589927E-05 9.979619E-01 2.002236E-03
6.772310E-01 3.577985E-05 9.979894E-01 1.974771E-03
6.782319E-01 3.938463E-05 9.980123E-01 1.948297E-03
6.792327E-01 4.152432E-05 9.980360E-01 1.922466E-03
6.802335E-01 3.908960E-05 9.980640E-01 1.896945E-03
6.812344E-01 3.536637E-05 9.980928E-01 1.871849E-03
6.822352E-01 3.542329E-05 9.981170E-01 1.847545E-03
6.832360E-01 3.904307E-05 9.981368E-01 1.824113E-03
6.842369E-01 4.105556E-05 9.981577E-01 1.801217E-03
6.852377E-01 3.856884E-05 9.981829E-01 1.778562E-03
6.862385E-01 3.498599E-05 9.982087E-01 1.756279E-03
6.872394E-01 3.522662E-05 9.982301E-01 1.734711E-03
6.882402E-01 3.886032E-05 9.982472E-01 1.713911E-03
6.892410E-01 4.073626E-05 9.982657E-01 1.693558E-03
6.902419E-01 3.819227E-05 9.982884E-01 1.673392E-03
6.912427E-01 3.475447E-05 9.983117E-01 1.653555E-03
6.922435E-01 3.518444E-05 9.983304E-01 1.634367E-03
6.932444E-01 3.882855E-05 9.983453E-01 1.615858E-03
6.942452E-01 4.055905E-05 9.983617E-01 1.597721E-03
6.952460E-01 3.795517E-05 9.983823E-01 1.579726E-03
6.962469E-01 3.466818E-05 9.984033E-01 1.562026E-03
6.972477E-01 3.529114E-05 9.984198E-01 1.544919E-03
6.982485E-01 3.893988E-05 9.984326E-01 1.528414E-03
6.992494E-01 4.051642E-05 9.984473E-01 1.512217E-03
7.002502E-01 3.785212E-05 9.984660E-01 1.496127E-03
7.012510E-01 3.472212E-05 9.984850E-01 1.480304E-03
7.022519E-01 3.553955E-05 9.984994E-01 1.465025E-03
7.032527E-01 3.918500E-05 9.985105E-01 1.450282E-03
7.042535E-01 4.059940E-05 9.985236E-01 1.435792E-03
7.052544E-01 3.787580E-05 9.985407E-01 1.421381E-03
7.062552E-01 3.490901E-05 9.985579E-01 1.407215E-03
7.072560E-01 3.592033E-05 9.985705E-01 1.393550E-03
7.082569E-01 3.955299E-05 9.985801E-01 1.380363E-03
7.092577E-01 4.079792E-05 9.985918E-01 1.367383E-03
7.102585E-01 3.801812E-05 9.986075E-01 1.354459E-03
7.112594E-01 3.522146E-05 9.986230E-01 1.341762E-03
7.122602E-01 3.642535E-05 9.986340E-01 1.329530E-03
7.132611E-01 4.003605E-05 9.986422E-01 1.317724E-03
7.142619E-01 4.110710E-05 9.986528E-01 1.306085E-03
7.152627E-01 3.827841E-05 9.986672E-01 1.294485E-03
7.162636E-01 3.566204E-05 9.986812E-01 1.283098E-03
7.172644E-01 3.705967E-05 9.986908E-01 1.272142E-03
7.182652E-01 4.064305E-05 9.986978E-01 1.261569E-03
7.192661E-01 4.154200E-05 9.987073E-01 1.251127E-03
7.202669E-01 3.867854E-05 9.987206E-01 1.240711E-03
7.212677E-01 3.625787E-05 9.987332E-01 1.230498E-03
7.222686E-01 3.785412E-05 9.987415E-01 1.220686E-03
7.232694E-01 4.140874E-05 9.987474E-01 1.211217E-03
7.242702E-01 4.214185E-05 9.987560E-01 1.201850E-03
7.252711E-01 3.926088E-05 9.987682E-01 1.192500E-03
7.262719E-01 3.705129E-05 9.987796E-01 1.183342E-03
7.272727E-01 3.884834E-05 9.987866E-01 1.174561E-03
7.282736E-01 4.236930E-05 9.987915E-01 1.166087E-03
7.292744E-01 4.293931E-05 9.987994E-01 1.157690E-03
7.302752E-01 4.005330E-05 9.988106E-01 1.149302E-03
7.312761E-01 3.806312E-05 9.988208E-01 1.141100E-03
7.322769E-01 4.005511E-05 9.988267E-01 1.133252E-03
7.332777E-01 4.353068E-05 9.988308E-01 1.125678E-03
7.342786E-01 4.393536E-05 9.988379E-01 1.118161E-03
7.352794E-01 4.105234E-05 9.988483E-01 1.110648E-03
7.362802E-01 3.928518E-05 9.988574E-01 1.103314E-03
7.372811E-01 4.146217E-05 9.988622E-01 1.096315E-03
7.382819E-01 4.487883E-05 9.988656E-01 1.089561E-03
7.392827E-01 4.511628E-05 9.988720E-01 1.082846E-03
7.402836E-01 4.224513E-05 9.988816E-01 1.076131E-03
7.412844E-01 4.070481E-05 9.988897E-01 1.069592E-03
7.422852E-01 4.305735E-05 9.988936E-01 1.063369E-03
7.432861E-01 4.640356E-05 9.988962E-01 1.057365E-03
7.442869E-01 4.647511E-05 9.989021E-01 1.051385E-03
7.452877E-01 4.362743E-05 9.989110E-01 1.045403E-03
7.462886E-01 4.231929E-05 9.989181E-01 1.039595E-03
7.472894E-01 4.483925E-05 9.989211E-01 1.034085E-03
7.482902E-01 4.810588E-05 9.989231E-01 1.028772E-03
7.492911E-01 4.801590E-05 9.989285E-01 1.023470E-03
7.502919E-01 4.520556E-05 9.989366E-01 1.018165E-03
7.512927E-01 4.413587E-05 9.989428E-01 1.013033E-03
7.522936E-01 4.681596E-05 9.989450E-01 1.008184E-03
7.532944E-01 4.999572E-05 9.989465E-01 1.003511E-03
7.542952E-01 4.975097E-05 9.989514E-01 9.988368E-04
7.552961E-01 4.699332E-05 9.989588E-01 9.941623E-04
7.562969E-01 4.616871E-05 9.989642E-01 9.896587E-04
7.572977E-01 4.900202E-05 9.989656E-01 9.854251E-04
7.582986E-01 5.208909E-05 9.989666E-01 9.813485E-04
7.592994E-01 5.169824E-05 9.989710E-01 9.772623E-04
7.603003E-01 4.900967E-05 9.989778E-01 9.731775E-04
7.613011E-01 4.843674E-05 9.989823E-01 9.692633E-04
7.623019E-01 5.141658E-05 9.989830E-01 9.656067E-04
7.633028E-01 5.440646E-05 9.989835E-01 9.620903E-04
7.643036E-01 5.387989E-05 9.989876E-01 9.585569E-04
7.653044E-01 5.127757E-05 9.989937E-01 9.550281E-04
7.663053E-01 5.096279E-05 9.989974E-01 9.516702E-04
7.673061E-01 5.408270E-05 9.989974E-01 9.485587E-04
7.683069E-01 5.697224E-05 9.989975E-01 9.455720E-04
7.693078E-01 5.632193E-05 9.990011E-01 9.425627E-04
7.703086E-01 5.382370E-05 9.990066E-01 9.395621E-04
7.713094E-01 5.377344E-05 9.990095E-01 9.367334E-04
7.723103E-01 5.702735E-05 9.990088E-01 9.341406E-04
7.733111E-01 5.981487E-05 9.990085E-01 9.316592E-04
7.743119E-01 5.905448E-05 9.990118E-01 9.291508E-04
7.753128E-01 5.667894E-05 9.990167E-01 9.266559E-04
7.763136E-01 5.689963E-05 9.990188E-01 9.243343E-04
7.773144E-01 6.028209E-05 9.990175E-01 9.222394E-04
7.783153E-01 6.296761E-05 9.990168E-01 9.202438E-04
7.793161E-01 6.211259E-05 9.990197E-01 9.182181E-04
7.803169E-01 5.987917E-05 9.990239E-01 9.162116E-04
7.813178E-01 6.037745E-05 9.990252E-01 9.143804E-04
7.823186E-01 6.388390E-05 9.990233E-01 9.127675E-04
7.833194E-01 6.646936E-05 9.990223E-01 9.112430E-04
7.843203E-01 6.553708E-05 9.990248E-01 9.096868E-04
7.853211E-01 6.346617E-05 9.990284E-01 9.081561E-04
7.863219E-01 6.424914E-05 9.990289E-01 9.068032E-04
7.873228E-01 6.787619E-05 9.990265E-01 9.056610E-04
7.883236E-01 7.036569E-05 9.990250E-01 9.045979E-04
7.893244E-01 6.937561E-05 9.990271E-01 9.035025E-04
7.903253E-01 6.748869E-05 9.990301E-01 9.024395E-04
7.913261E-01 6.856415E-05 9.990299E-01 9.015574E-04
7.923269E-01 7.230987E-05 9.990268E-01 9.008795E-04
7.933278E-01 7.470990E-05 9.990250E-01 9.002723E-04
7.943286E-01 7.368374E-05 9.990267E-01 8.996335E-04
7.953294E-01 7.200364E-05 9.990290E-01 8.990350E-04
7.963303E-01 7.338036E-05 9.990280E-01 8.986208E-04
7.973311E-01 7.724468E-05 9.990244E-01 8.984050E-04
7.983319E-01 7.956453E-05 9.990222E-01 8.982531E-04
7.993328E-01 7.852658E-05 9.990234E-01 8.980713E-04
8.003336E-01 7.707778E-05 9.990250E-01 8.979383E-04
8.013344E-01 7.876598E-05 9.990232E-01 8.979938E-04
8.023353E-01 8.275115E-05 9.990190E-01 8.982429E-04
8.033361E-01 8.500334E-05 9.990164E-01 8.985500E-04
8.043369E-01 8.398090E-05 9.990172E-01 8.988303E-04
8.053378E-01 8.278996E-05 9.990180E-01 8.991686E-04
8.063386E-01 8.480182E-05 9.990155E-01 8.997002E-04
8.073394E-01 8.891303E-05 9.990107E-01 9.004215E-04
8.083403E-01 9.111388E-05 9.990077E-01 9.011964E-04
8.093411E-01 9.013775E-05 9.990079E-01 9.019486E-04
8.103420E-01 8.923388E-05 9.990080E-01 9.027689E-04
8.113428E-01 9.158413E-05 9.990046E-01 9.037881E-04
8.123436E-01 9.583019E-05 9.989992E-01 9.049941E-04
8.133445E-01 9.800060E-05 9.989957E-01 9.062505E-04
8.143453E-01 9.710607E-05 9.989954E-01 9.074896E-04
8.153461E-01 9.652216E-05 9.989947E-01 9.088079E-04
8.163470E-01 9.922884E-05 9.989904E-01 9.103315E-04
8.173478E-01 1.036221E-04 9.989843E-01 9.120400E-04
8.183486E-01 1.057866E-04 9.989804E-01 9.137971E-04
8.193495E-01 1.050123E-04 9.989794E-01 9.155437E-04
8.203503E-01 1.047847E-04 9.989778E-01 9.173817E-04
8.213511E-01 1.078711E-04 9.989727E-01 9.194323E-04
8.223520E-01 1.124318E-04 9.989659E-01 9.216672E-04
8.233528E-01 1.146241E-04 9.989614E-01 9.239504E-04
8.243536E-01 1.140161E-04 9.989598E-01 9.262312E-04
8.253545E-01 1.141863E-04 9.989572E-01 9.286169E-04
8.263553E-01 1.176795E-04 9.989511E-01 9.312236E-04
8.273561E-01 1.224320E-04 9.989436E-01 9.340153E-04
8.283570E-01 1.246912E-04 9.989385E-01 9.368566E-04
8.293578E-01 1.243022E-04 9.989360E-01 9.397054E-04
8.303586E-01 1.249187E-04 9.989324E-01 9.426739E-04
8.313595E-01 1.288535E-04 9.989253E-01 9.458732E-04
8.323603E-01 1.338313E-04 9.989169E-01 9.492596E-04
8.333611E-01 1.362058E-04 9.989111E-01 9.526989E-04
8.343620E-01 1.360973E-04 9.989077E-01 9.561572E-04
8.353628E-01 1.372167E-04 9.989030E-01 9.597517E-04
8.363636E-01 1.416369E-04 9.988948E-01 9.635885E-04
8.373645E-01 1.468835E-04 9.988855E-01 9.676163E-04
8.383653E-01 1.494328E-04 9.988789E-01 9.717021E-04
8.393661E-01 1.496771E-04 9.988745E-01 9.758208E-04
8.403670E-01 1.513666E-04 9.988685E-01 9.800941E-04
8.413678E-01 1.563270E-04 9.988591E-01 9.846229E-04
8.423686E-01 1.618989E-04 9.988488E-01 9.893488E-04
8.433695E-01 1.646963E-04 9.988412E-01 9.941401E-04
8.443703E-01 1.653791E-04 9.988356E-01 9.989806E-04
8.453711E-01 1.677193E-04 9.988283E-01 1.003997E-03
8.463720E-01 1.732892E-04 9.988174E-01 1.009284E-03
8.473728E-01 1.792586E-04 9.988060E-01 1.014776E-03
8.483736E-01 1.823945E-04 9.987973E-01 1.020344E-03
8.493745E-01 1.836189E-04 9.987904E-01 1.025981E-03
8.503753E-01 1.867075E-04 9.987815E-01 1.031816E-03
8.513761E-01 1.929747E-04 9.987691E-01 1.037941E-03
8.523770E-01 1.994345E-04 9.987563E-01 1.044283E-03
8.533778E-01 2.030209E-04 9.987463E-01 1.050714E-03
8.543786E-01 2.049117E-04 9.987379E-01 1.057236E-03
8.553795E-01 2.088691E-04 9.987271E-01 1.063984E-03
8.563803E-01 2.159452E-04 9.987130E-01 1.071043E-03
8.573812E-01 2.230142E-04 9.986987E-01 1.078333E-03
8.583820E-01 2.271907E-04 9.986871E-01 1.085731E-03
8.593828E-01 2.299012E-04 9.986769E-01 1.093246E-03
8.603837E-01 2.348768E-04 9.986641E-01 1.101018E-03
8.613845E-01 2.429047E-04 9.986480E-01 1.109127E-03
8.623853E-01 2.507357E-04 9.986318E-01 1.117487E-03
8.633862E-01 2.556778E-04 9.986183E-01 1.125976E-03
8.643870E-01 2.593982E-04 9.986060E-01 1.134615E-03
8.653878E-01 2.655797E-04 9.985909E-01 1.143547E-03
8.663887E-01 2.747434E-04 9.985724E-01 1.152847E-03
8.673895E-01 2.835333E-04 9.985540E-01 1.162422E-03
8.683903E-01 2.894634E-04 9.985384E-01 1.172155E-03
8.693912E-01 2.944326E-04 9.985235E-01 1.182075E-03
8.703920E-01 3.020587E-04 9.985056E-01 1.192331E-03
8.713928E-01 3.125964E-04 9.984844E-01 1.202993E-03
8.723937E-01 3.226008E-04 9.984634E-01 1.213961E-03
8.733945E-01 3.298033E-04 9.984451E-01 1.225122E-03
8.743953E-01 3.363250E-04 9.984272E-01 1.236516E-03
8.753962E-01 3.457026E-04 9.984060E-01 1.248298E-03
8.763970E-01 3.579256E-04 9.983815E-01 1.260530E-03
8.773978E-01 3.694782E-04 9.983574E-01 1.273110E-03
8.783987E-01 3.783206E-04 9.983358E-01 1.285925E-03
8.793995E-01 3.867860E-04 9.983142E-01 1.299030E-03
8.804003E-01 3.983143E-04 9.982891E-01 1.312584E-03
8.814012E-01 4.126326E-04 9.982607E-01 1.326644E-03
8.824020E-01 4.261733E-04 9.982327E-01 1.341102E-03
8.834028E-01 4.371360E-04 9.982070E-01 1.355852E-03
8.844037E-01 4.480553E-04 9.981810E-01 1.370960E-03
8.854045E-01 4.622601E-04 9.981511E-01 1.386591E-03
8.864053E-01 4.792192E-04 9.981180E-01 1.402798E-03
8.874062E-01 4.953333E-04 9.980852E-01 1.419468E-03
8.884070E-01 5.090515E-04 9.980544E-01 1.436501E-03
8.894078E-01 5.230998E-04 9.980229E-01 1.453976E-03
8.904087E-01 5.406823E-04 9.979873E-01 1.472065E-03
8.914095E-01 5.610162E-04 9.979482E-01 1.490818E-03
8.924103E-01 5.804912E-04 9.979094E-01 1.510116E-03
8.934112E-01 5.978169E-04 9.978723E-01 1.529869E-03
8.944120E-01 6.158999E-04 9.978339E-01 1.550170E-03
8.954128E-01 6.378084E-04 9.977910E-01 1.571199E-03
8.964137E-01 6.625164E-04 9.977445E-01 1.593001E-03
8.974145E-01 6.864258E-04 9.976981E-01 1.615457E-03
8.984153E-01 7.085174E-04 9.976530E-01 1.638484E-03
8.994162E-01 7.318693E-04 9.976059E-01 1.662193E-03
9.004170E-01 7.594047E-04 9.975538E-01 1.686773E-03
9.014178E-01 7.898666E-04 9.974979E-01 1.712269E-03
9.024187E-01 8.196940E-04 9.974417E-01 1.738560E-03
9.034195E-01 8.481518E-04 9.973863E-01 1.765573E-03
9.044204E-01 8.784823E-04 9.973281E-01 1.793440E-03
9.054212E-01 9.134582E-04 9.972642E-01 1.822364E-03
9.064220E-01 9.516080E-04 9.971960E-01 1.852387E-03
9.074229E-01 9.894370E-04 9.971272E-01 1.883389E-03
9.084237E-01 1.026510E-03 9.970582E-01 1.915316E-03
9.094245E-01 1.066229E-03 9.969855E-01 1.948320E-03
9.104254E-01 1.111218E-03 9.969062E-01 1.982620E-03
9.114262E-01 1.159813E-03 9.968219E-01 2.018264E-03
9.124270E-01 1.208622E-03 9.967362E-01 2.055135E-03
9.134279E-01 1.257529E-03 9.966493E-01 2.093198E-03
9.144287E-01 1.310103E-03 9.965573E-01 2.132636E-03
9.154295E-01 1.368823E-03 9.964575E-01 2.173688E-03
9.164304E-01 1.431871E-03 9.963517E-01 2.216411E-03
9.174312E-01 1.496000E-03 9.962433E-01 2.260698E-03
9.184320E-01 1.561449E-03 9.961320E-01 2.306540E-03
9.194329E-01 1.631963E-03 9.960139E-01 2.354158E-03
9.204337E-01 1.709907E-03 9.958863E-01 2.403821E-03
9.214345E-01 1.793356E-03 9.957510E-01 2.455601E-03
9.224354E-01 1.879273E-03 9.956113E-01 2.509411E-03
9.234362E-01 1.968299E-03 9.954664E-01 2.565278E-03
9.244370E-01 2.064399E-03 9.953121E-01 2.623474E-03
9.254379E-01 2.169870E-03 9.951458E-01 2.684310E-03
9.264387E-01 2.282760E-03 9.949694E-01 2.747887E-03
9.274395E-01 2.400341E-03 9.947855E-01 2.814150E-03
9.284404E-01 2.523741E-03 9.945931E-01 2.883180E-03
9.294412E-01 2.657218E-03 9.943875E-01 2.955317E-03
9.304420E-01 2.803101E-03 9.941660E-01 3.030935E-03
9.314429E-01 2.959548E-03 9.939303E-01 3.110186E-03
9.324437E-01 3.124290E-03 9.936826E-01 3.193067E-03
9.334445E-01 3.299097E-03 9.934212E-01 3.279741E-03
9.344454E-01 3.488673E-03 9.931407E-01 3.370647E-03
9.354462E-01 3.695564E-03 9.928382E-01 3.466257E-03
9.364470E-01 3.918272E-03 9.925149E-01 3.566803E-03
9.374479E-01 4.155258E-03 9.921724E-01 3.672376E-03
9.384487E-01 4.409210E-03 9.918075E-01 3.783261E-03
9.394495E-01 4.685583E-03 9.914144E-01 3.900051E-03
9.404504E-01 4.987496E-03 9.909891E-01 4.023366E-03
9.414512E-01 5.314225E-03 9.905322E-01 4.153580E-03
9.424520E-01 5.665459E-03 9.900436E-01 4.290941E-03
9.434529E-01 6.045342E-03 9.895187E-01 4.435931E-03
9.444537E-01 6.460677E-03 9.889499E-01 4.589378E-03
9.454545E-01 6.915858E-03 9.883320E-01 4.752148E-03
9.464554E-01 7.411777E-03 9.876634E-01 4.924857E-03
9.474562E-01 7.950299E-03 9.869417E-01 5.108018E-03
9.484570E-01 8.538103E-03 9.861595E-01 5.302437E-03
9.494579E-01 9.184554E-03 9.853061E-01 5.509323E-03
9.504587E-01 9.896751E-03 9.843733E-01 5.729946E-03
9.514595E-01 1.067887E-02 9.833558E-01 5.965335E-03
9.524604E-01 1.153688E-02 9.822467E-01 6.216455E-03
9.534612E-01 1.248220E-02 9.810332E-01 6.484649E-03
9.544621E-01 1.352926E-02 9.796990E-01 6.771739E-03
9.554629E-01 1.469081E-02 9.782295E-01 7.079658E-03
9.564637E-01 1.597772E-02 9.766122E-01 7.410121E-03
9.574646E-01 1.740401E-02 9.748312E-01 7.764830E-03
9.584654E-01 1.899029E-02 9.728637E-01 8.145965E-03
9.594662E-01 2.076124E-02 9.706825E-01 8.556285E-03
9.604671E-01 2.274111E-02 9.682602E-01 8.998706E-03
9.614679E-01 2.495418E-02 9.655699E-01 9.475922E-03
9.624687E-01 2.743004E-02 9.625793E-01 9.990616E-03
9.634696E-01 3.020687E-02 9.592472E-01 1.054597E-02
9.644704E-01 3.332864E-02 9.555256E-01 1.114574E-02
9.654712E-01 3.684086E-02 9.513655E-01 1.179367E-02
9.664721E-01 4.079130E-02 9.467157E-01 1.249299E-02
9.674729E-01 4.523490E-02 9.415186E-01 1.324648E-02
9.684737E-01 5.023599E-02 9.357072E-01 1.405681E-02
9.694746E-01 5.586387E-02 9.292097E-01 1.492642E-02
9.704754E-01 6.218670E-02 9.219568E-01 1.585645E-02
9.714762E-01 6.926964E-02 9.138846E-01 1.684577E-02
9.724771E-01 7.717543E-02 9.049342E-01 1.789040E-02
9.734779E-01 8.596026E-02 8.950563E-01 1.898345E-02
9.744787E-01 9.566136E-02 8.842244E-01 2.011424E-02
9.754796E-01 1.062821E-01 8.724511E-01 2.126681E-02
9.764804E-01 1.177805E-01 8.598011E-01 2.241844E-02
9.774812E-01 1.300605E-01 8.464001E-01 2.353942E-02
9.784821E-01 1.429614E-01 8.324445E-01 2.459408E-02
9.794829E-01 1.562460E-01 8.182117E-01 2.554238E-02
9.804837E-01 1.695976E-01 8.040605E-01 2.634190E-02
9.814846E-01 1.826354E-01 7.904135E-01 2.695107E-02
9.824854E-01 1.949468E-01 7.777190E-01 2.733420E-02
9.834862E-01 2.061277E-01 7.664051E-01 2.746724E-02
9.844871E-01 2.158238E-01 7.568340E-01 2.734218E-02
9.854879E-01 2.237693E-01 7.492622E-01 2.696847E-02
9.864887E-01 2.298184E-01 7.438102E-01 2.637143E-02
9.874896E-01 2.339600E-01 7.404509E-01 2.558914E-02
9.884904E-01 2.363078E-01 7.390239E-01 2.466826E-02
9.894912E-01 2.370697E-01 7.392711E-01 2.365920E-02
9.904921E-01 2.365101E-01 7.408792E-01 2.261074E-02
9.914929E-01 2.349191E-01 7.435151E-01 2.156582E-02
9.924937E-01 2.325892E-01 7.468513E-01 2.055958E-02
9.934946E-01 2.297951E-01 7.505854E-01 1.961953E-02
9.944954E-01 2.267773E-01 7.544561E-01 1.876659E-02
9.954962E-01 2.237349E-01 7.582493E-01 1.801577E-02
9.964971E-01 2.208293E-01 7.617940E-01 1.737666E-02
9.974979E-01 2.181930E-01 7.649523E-01 1.685473E-02
9.984987E-01 2.159345E-01 7.676122E-01 1.645324E-02
9.994996E-01 2.141390E-01 7.696862E-01 1.617478E-02
1.000500E+00 2.128708E-01 7.711074E-01 1.602183E-02
1.001501E+00 2.121822E-01 7.718212E-01 1.599656E-02
1.002502E+00 2.121227E-01 7.717759E-01 1.610139E-02
1.003503E+00 2.127410E-01 7.709189E-01 1.634007E-02
1.004504E+00 2.140827E-01 7.691987E-01 1.671863E-02
1.005505E+00 2.161902E-01 7.665645E-01 1.724535E-02
1.006505E+00 2.191083E-01 7.629615E-01 1.793022E-02
1.007506E+00 2.228896E-01 7.583253E-01 1.878515E-02
1.008507E+00 2.275929E-01 7.525821E-01 1.982497E-02
1.009508E+00 2.332773E-01 7.456546E-01 2.106815E-02
1.010509E+00 2.399983E-01 7.374651E-01 2.253651E-02
1.011510E+00 2.478085E-01 7.279374E-01 2.425411E-02
1.012510E+00 2.567545E-01 7.169989E-01 2.624657E-02
1.013511E+00 2.668648E-01 7.045944E-01 2.854079E-02
1.014512E+00 2.781285E-01 6.907079E-01 3.116355E-02
1.015513E+00 2.904725E-01 6.753899E-01 3.413756E-02
1.016514E+00 3.037351E-01 6.587901E-01 3.747481E-02
1.017515E+00 3.176306E-01 6.412012E-01 4.116817E-02
1.018515E+00 3.317023E-01 6.231162E-01 4.518148E-02
1.019516E+00 3.452752E-01 6.052874E-01 4.943743E-02
1.020517E+00 3.574311E-01 5.887649E-01 5.380395E-02
1.021518E+00 3.670316E-01 5.748847E-01 5.808378E-02
1.022519E+00 3.728099E-01 5.651738E-01 6.201638E-02
1.023520E+00 3.735476E-01 5.611518E-01 6.530055E-02
1.024520E+00 3.683220E-01 5.640384E-01 6.763956E-02
1.025521E+00 3.567616E-01 5.744387E-01 6.879973E-02
1.026522E+00 3.392095E-01 5.921266E-01 6.866385E-02
1.027523E+00 3.167053E-01 6.160351E-01 6.725965E-02
1.028524E+00 2.907722E-01 6.444766E-01 6.475127E-02
1.029525E+00 2.630968E-01 6.755061E-01 6.139713E-02
1.030525E+00 2.352269E-01 7.072819E-01 5.749121E-02
1.031526E+00 2.083808E-01 7.383095E-01 5.330968E-02
1.032527E+00 1.833846E-01 7.675375E-01 4.907789E-02
1.033528E+00 1.606998E-01 7.943402E-01 4.496004E-02
1.034529E+00 1.404943E-01 8.184418E-01 4.106393E-02
1.035530E+00 1.227305E-01 8.398181E-01 3.745131E-02
1.036530E+00 1.072498E-01 8.586015E-01 3.414862E-02
1.037531E+00 9.383795E-02 8.750047E-01 3.115737E-02
1.038532E+00 8.226250E-02 8.892735E-01 2.846405E-02
1.039533E+00 7.228951E-02 9.016625E-01 2.604795E-02
1.040534E+00 6.369498E-02 9.124194E-01 2.388566E-02
1.041535E+00 5.627803E-02 9.217694E-01 2.195255E-02
1.042535E+00 4.986876E-02 9.299076E-01 2.022362E-02
1.043536E+00 4.432401E-02 9.370009E-01 1.867504E-02
1.044537E+00 3.951733E-02 9.431969E-01 1.728577E-02
1.045538E+00 3.533532E-02 9.486270E-01 1.603772E-02
1.046539E+00 3.168255E-02 9.534026E-01 1.491483E-02
1.047540E+00 2.848477E-02 9.576131E-01 1.390214E-02
1.048540E+00 2.568241E-02 9.613315E-01 1.298611E-02
1.049541E+00 2.322067E-02 9.646240E-01 1.215537E-02
1.050542E+00 2.104743E-02 9.675519E-01 1.140070E-02
1.051543E+00 1.911963E-02 9.701664E-01 1.071402E-02
1.052544E+00 1.740726E-02 9.725051E-01 1.008761E-02
1.053545E+00 1.588742E-02 9.745982E-01 9.514345E-03
1.054545E+00 1.453566E-02 9.764759E-01 8.988397E-03
1.055546E+00 1.332544E-02 9.781693E-01 8.505253E-03
1.056547E+00 1.223580E-02 9.797033E-01 8.060929E-03
1.057548E+00 1.125530E-02 9.810934E-01 7.651335E-03
1.058549E+00 1.037627E-02 9.823512E-01 7.272541E-03
1.059550E+00 9.586637E-03 9.834919E-01 6.921438E-03
1.060550E+00 8.870615E-03 9.845336E-01 6.595802E-03
1.061551E+00 8.216839E-03 9.854895E-01 6.293627E-03
1.062552E+00 7.622136E-03 9.863653E-01 6.012601E-03
1.063553E+00 7.085331E-03 9.871643E-01 5.750387E-03
1.064554E+00 6.599553E-03 9.878952E-01 5.505236E-03
1.065555E+00 6.153745E-03 9.885702E-01 5.276056E-03
1.066555E+00 5.741113E-03 9.891971E-01 5.061819E-03
1.067556E+00 5.362463E-03 9.897764E-01 4.861119E-03
1.068557E+00 5.019537E-03 9.903080E-01 4.672450E-03
1.069558E+00 4.707645E-03 9.907976E-01 4.494780E-03
1.070559E+00 4.417920E-03 9.912545E-01 4.327600E-03
1.071560E+00 4.146004E-03 9.916836E-01 4.170388E-03
1.072560E+00 3.894822E-03 9.920830E-01 4.022219E-03
1.073561E+00 3.667446E-03 9.924505E-01 3.882050E-03
1.074562E+00 3.460021E-03 9.927907E-01 3.749246E-03
1.075563E+00 3.264754E-03 9.931116E-01 3.623615E-03
1.076564E+00 3.078752E-03 9.934163E-01 3.504905E-03
1.077565E+00 2.906205E-03 9.937013E-01 3.392461E-03
1.078565E+00 2.750750E-03 9.939637E-01 3.285509E-03
1.079566E+00 2.608738E-03 9.942076E-01 3.183649E-03
1.080567E+00 2.472930E-03 9.944402E-01 3.086870E-03
1.081568E+00 2.341442E-03 9.946635E-01 2.995066E-03
1.082569E+00 2.219300E-03 9.948730E-01 2.907738E-03
1.083570E+00 2.110321E-03 9.950654E-01 2.824281E-03
1.084570E+00 2.010742E-03 9.952448E-01 2.744442E-03
1.085571E+00 1.913628E-03 9.954181E-01 2.668314E-03
1.086572E+00 1.817889E-03 9.955862E-01 2.595874E-03
1.087573E+00 1.729156E-03 9.957441E-01 2.526715E-03
1.088574E+00 1.651206E-03 9.958885E-01 2.460342E-03
1.089575E+00 1.579998E-03 9.960234E-01 2.396601E-03
1.090575E+00 1.508787E-03 9.961556E-01 2.335645E-03
1.091576E+00 1.437166E-03 9.962853E-01 2.277497E-03
1.092577E+00 1.371239E-03 9.964070E-01 2.221808E-03
1.093578E+00 1.314612E-03 9.965172E-01 2.168157E-03
1.094579E+00 1.262874E-03 9.966207E-01 2.116458E-03
1.095580E+00 1.209421E-03 9.967237E-01 2.066903E-03
1.096580E+00 1.154477E-03 9.968260E-01 2.019538E-03
1.097581E+00 1.104539E-03 9.969214E-01 1.974049E-03
1.098582E+00 1.062949E-03 9.970070E-01 1.930070E-03
1.099583E+00 1.024873E-03 9.970876E-01 1.887563E-03
1.100584E+00 9.838386E-04 9.971694E-01 1.846746E-03
1.101585E+00 9.406808E-04 9.972516E-01 1.807673E-03
1.102585E+00 9.022278E-04 9.973277E-01 1.770053E-03
1.103586E+00 8.714922E-04 9.973949E-01 1.733561E-03
1.104587E+00 8.431876E-04 9.974586E-01 1.698197E-03
1.105588E+00 8.109813E-04 9.975248E-01 1.664193E-03
1.106589E+00 7.763156E-04 9.975921E-01 1.631605E-03
1.107590E+00 7.463039E-04 9.976535E-01 1.600157E-03
1.108590E+00 7.235723E-04 9.977069E-01 1.569554E-03
1.109591E+00 7.023682E-04 9.977578E-01 1.539826E-03
1.110592E+00 6.765195E-04 9.978123E-01 1.511218E-03
1.111593E+00 6.480809E-04 9.978681E-01 1.483779E-03
1.112594E+00 6.244103E-04 9.979183E-01 1.457240E-03
1.113595E+00 6.076985E-04 9.979610E-01 1.431336E-03
1.114595E+00 5.917203E-04 9.980022E-01 1.406120E-03
1.115596E+00 5.704942E-04 9.980477E-01 1.381842E-03
1.116597E+00 5.466967E-04 9.980948E-01 1.358546E-03
1.117598E+00 5.278922E-04 9.981361E-01 1.335966E-03
1.118599E+00 5.157911E-04 9.981704E-01 1.313857E-03
1.119600E+00 5.036958E-04 9.982040E-01 1.292299E-03
1.120601E+00 4.858508E-04 9.982426E-01 1.271540E-03
1.121601E+00 4.655663E-04 9.982828E-01 1.251618E-03
1.122602E+00 4.505756E-04 9.983172E-01 1.232266E-03
1.123603E+00 4.420656E-04 9.983447E-01 1.213260E-03
1.124604E+00 4.328715E-04 9.983724E-01 1.194699E-03
1.125605E+00 4.175038E-04 9.984057E-01 1.176834E-03
1.126606E+00 3.999192E-04 9.984404E-01 1.159688E-03
1.127606E+00 3.879810E-04 9.984690E-01 1.142998E-03
1.128607E+00 3.823111E-04 9.984911E-01 1.126555E-03
1.129608E+00 3.752869E-04 9.985142E-01 1.110477E-03
1.130609E+00 3.617284E-04 9.985433E-01 1.095014E-03
1.131610E+00 3.462515E-04 9.985736E-01 1.080177E-03
1.132611E+00 3.368090E-04 9.985975E-01 1.065702E-03
1.133611E+00 3.334173E-04 9.986152E-01 1.051396E-03
1.134612E+00 3.280090E-04 9.986346E-01 1.037394E-03
1.135613E+00 3.157604E-04 9.986603E-01 1.023945E-03
1.136614E+00 3.019583E-04 9.986870E-01 1.011047E-03
1.137615E+00 2.946025E-04 9.987070E-01 9.984311E-04
1.138616E+00 2.930631E-04 9.987210E-01 9.859234E-04
1.139616E+00 2.888454E-04 9.987375E-01 9.736725E-04
1.140617E+00 2.775310E-04 9.987605E-01 9.619265E-04
1.141618E+00 2.650880E-04 9.987842E-01 9.506692E-04
1.142619E+00 2.595170E-04 9.988009E-01 9.396288E-04
1.143620E+00 2.595024E-04 9.988119E-01 9.286460E-04
1.144621E+00 2.561427E-04 9.988260E-01 9.178853E-04
1.145621E+00 2.454764E-04 9.988469E-01 9.075918E-04
1.146622E+00 2.341612E-04 9.988681E-01 8.977347E-04
1.147623E+00 2.301502E-04 9.988818E-01 8.880386E-04
1.148624E+00 2.314024E-04 9.988902E-01 8.783592E-04
1.149625E+00 2.286341E-04 9.989025E-01 8.688764E-04
1.150626E+00 2.183950E-04 9.989218E-01 8.598315E-04
1.151626E+00 2.080387E-04 9.989408E-01 8.511784E-04
1.152627E+00 2.054184E-04 9.989519E-01 8.426379E-04
1.153628E+00 2.077292E-04 9.989582E-01 8.340809E-04
1.154629E+00 2.053344E-04 9.989690E-01 8.257020E-04
1.155630E+00 1.953505E-04 9.989869E-01 8.177385E-04
1.156631E+00 1.858312E-04 9.990040E-01 8.101282E-04
1.157631E+00 1.844741E-04 9.990129E-01 8.025881E-04
1.158632E+00 1.876724E-04 9.990173E-01 7.950042E-04
1.159633E+00 1.854697E-04 9.990269E-01 7.875860E-04
1.160634E+00 1.756074E-04 9.990438E-01 7.805660E-04
1.161635E+00 1.668398E-04 9.990593E-01 7.738652E-04
1.162636E+00 1.666501E-04 9.990662E-01 7.671967E-04
1.163636E+00 1.705926E-04 9.990689E-01 7.604623E-04
1.164637E+00 1.684283E-04 9.990777E-01 7.538861E-04
1.165638E+00 1.585840E-04 9.990937E-01 7.476949E-04
1.166639E+00 1.505122E-04 9.991077E-01 7.417928E-04
1.167640E+00 1.514182E-04 9.991127E-01 7.358888E-04
1.168641E+00 1.559816E-04 9.991141E-01 7.299008E-04
1.169641E+00 1.537235E-04 9.991222E-01 7.240677E-04
1.170642E+00 1.438177E-04 9.991376E-01 7.186099E-04
1.171643E+00 1.364088E-04 9.991502E-01 7.134137E-04
1.172644E+00 1.383571E-04 9.991535E-01 7.081844E-04
1.173645E+00 1.434330E-04 9.991537E-01 7.028565E-04
1.174646E+00 1.409651E-04 9.991614E-01 6.976838E-04
1.175646E+00 1.309379E-04 9.991762E-01 6.928794E-04
1.176647E+00 1.241776E-04 9.991875E-01 6.883112E-04
1.177648E+00 1.271285E-04 9.991892E-01 6.836811E-04
1.178649E+00 1.326189E-04 9.991884E-01 6.789410E-04
1.179650E+00 1.298377E-04 9.991958E-01 6.743591E-04
1.180651E+00 1.196454E-04 9.992102E-01 6.701411E-04
1.181651E+00 1.135349E-04 9.992203E-01 6.661353E-04
1.182652E+00 1.174589E-04 9.992205E-01 6.620406E-04
1.183653E+00 1.232729E-04 9.992189E-01 6.578270E-04
1.184654E+00 1.200848E-04 9.992261E-01 6.537778E-04
1.185655E+00 1.096973E-04 9.992402E-01 6.500895E-04
1.186656E+00 1.042505E-04 9.992492E-01 6.465908E-04
1.187656E+00 1.091254E-04 9.992479E-01 6.429775E-04
1.188657E+00 1.151767E-04 9.992456E-01 6.392389E-04
1.189658E+00 1.114957E-04 9.992528E-01 6.356731E-04
1.190659E+00 1.008948E-04 9.992666E-01 6.324670E-04
1.191660E+00 9.613635E-05 9.992744E-01 6.294284E-04
1.192661E+00 1.019454E-04 9.992718E-01 6.262508E-04
1.193661E+00 1.081501E-04 9.992689E-01 6.229435E-04
1.194662E+00 1.038961E-04 9.992763E-01 6.198199E-04
1.195663E+00 9.307439E-05 9.992899E-01 6.170560E-04
1.196664E+00 8.903829E-05 9.992965E-01 6.144377E-04
1.197665E+00 9.576788E-05 9.992926E-01 6.116569E-04
1.198666E+00 1.020430E-04 9.992892E-01 6.087442E-04
1.199666E+00 9.714088E-05 9.992968E-01 6.060282E-04
1.200667E+00 8.610051E-05 9.993102E-01 6.036727E-04
1.201668E+00 8.282891E-05 9.993157E-01 6.014411E-04
1.202669E+00 9.046745E-05 9.993105E-01 5.990242E-04
1.203670E+00 9.672924E-05 9.993068E-01 5.964751E-04
1.204671E+00 9.110788E-05 9.993148E-01 5.941378E-04
1.205671E+00 7.986026E-05 9.993280E-01 5.921626E-04
1.206672E+00 7.740250E-05 9.993323E-01 5.902893E-04
1.207673E+00 8.593892E-05 9.993259E-01 5.882084E-04
1.208674E+00 9.210192E-05 9.993219E-01 5.859970E-04
1.209675E+00 8.569370E-05 9.993303E-01 5.840145E-04
1.210676E+00 7.425896E-05 9.993433E-01 5.823962E-04
1.211676E+00 7.267085E-05 9.993465E-01 5.808574E-04
1.212677E+00 8.209350E-05 9.993388E-01 5.790889E-04
1.213678E+00 8.806954E-05 9.993347E-01 5.771938E-04
1.214679E+00 8.080991E-05 9.993436E-01 5.755466E-04
1.215680E+00 6.921685E-05 9.993565E-01 5.742661E-04
1.216681E+00 6.856011E-05 9.993584E-01 5.730418E-04
1.217681E+00 7.885567E-05 9.993496E-01 5.715662E-04
1.218682E+00 8.455303E-05 9.993455E-01 5.699697E-04
1.219683E+00 7.638033E-05 9.993550E-01 5.686422E-04
1.220684E+00 6.466638E-05 9.993676E-01 5.676839E-04
1.221685E+00 6.500814E-05 9.993682E-01 5.667578E-04
1.222686E+00 7.616071E-05 9.993583E-01 5.655590E-04
1.223686E+00 8.148337E-05 9.993543E-01 5.642470E-04
1.224687E+00 7.233878E-05 9.993644E-01 5.632271E-04
1.225688E+00 6.055020E-05 9.993769E-01 5.625791E-04
1.226689E+00 6.196261E-05 9.993761E-01 5.619379E-04
1.227690E+00 7.395273E-05 9.993650E-01 5.610027E-04
1.228691E+00 7.879975E-05 9.993612E-01 5.599643E-04
1.229691E+00 6.862737E-05 9.993721E-01 5.592432E-04
1.230692E+00 5.681951E-05 9.993843E-01 5.588965E-04
1.231693E+00 5.937939E-05 9.993821E-01 5.585298E-04
1.232694E+00 7.218316E-05 9.993700E-01 5.578479E-04
1.233695E+00 7.644806E-05 9.993665E-01 5.570752E-04
1.234696E+00 6.519514E-05 9.993782E-01 5.566471E-04
1.235696E+00 5.343281E-05 9.993900E-01 5.565955E-04
1.236697E+00 5.722132E-05 9.993863E-01 5.564956E-04
1.237698E+00 7.080949E-05 9.993731E-01 5.560593E-04
1.238699E+00 7.437971E-05 9.993701E-01 5.555471E-04
1.239700E+00 6.199696E-05 9.993826E-01 5.554091E-04
1.240701E+00 5.035495E-05 9.993940E-01 5.556492E-04
1.241701E+00 5.545731E-05 9.993887E-01 5.558107E-04
1.242702E+00 6.979428E-05 9.993746E-01 5.556148E-04
1.243703E+00 7.255072E-05 9.993721E-01 5.553608E-04
1.244704E+00 5.899274E-05 9.993855E-01 5.555127E-04
1.245705E+00 4.755634E-05 9.993964E-01 5.560436E-04
1.246706E+00 5.406148E-05 9.993895E-01 5.564634E-04
1.247706E+00 6.910442E-05 9.993744E-01 5.565051E-04
1.248707E+00 7.092090E-05 9.993726E-01 5.565094E-04
1.249708E+00 5.614673E-05 9.993869E-01 5.569539E-04
1.250709E+00 4.501243E-05 9.993972E-01 5.577773E-04
1.251710E+00 5.301273E-05 9.993885E-01 5.584547E-04
1.252711E+00 6.871046E-05 9.993726E-01 5.587334E-04
1.253711E+00 6.945333E-05 9.993715E-01 5.589988E-04
1.254712E+00 5.342712E-05 9.993868E-01 5.597412E-04
1.255713E+00 4.270331E-05 9.993964E-01 5.608612E-04
1.256714E+00 5.229422E-05 9.993859E-01 5.617978E-04
1.257715E+00 6.858617E-05 9.993691E-01 5.623153E-04
1.258716E+00 6.811385E-05 9.993690E-01 5.628473E-04
1.259716E+00 5.080562E-05 9.993853E-01 5.638958E-04
1.260717E+00 4.061347E-05 9.993941E-01 5.653192E-04
1.261718E+00 5.189311E-05 9.993816E-01 5.665186E-04
1.262719E+00 6.870814E-05 9.993640E-01 5.672792E-04
1.263720E+00 6.687074E-05 9.993650E-01 5.680861E-04
1.264721E+00 4.825727E-05 9.993823E-01 5.694518E-04
1.265721E+00 3.873158E-05 9.993901E-01 5.711880E-04
1.266722E+00 5.180034E-05 9.993755E-01 5.726562E-04
1.267723E+00 6.905542E-05 9.993573E-01 5.736664E-04
1.268724E+00 6.569433E-05 9.993595E-01 5.747595E-04
1.269725E+00 4.576022E-05 9.993778E-01 5.764567E-04
1.270726E+00 3.705046E-05 9.993844E-01 5.785178E-04
1.271726E+00 5.201045E-05 9.993677E-01 5.802634E-04
1.272727E+00 6.960929E-05 9.993489E-01 5.815326E-04
1.273728E+00 6.455681E-05 9.993525E-01 5.829262E-04
1.274729E+00 4.329564E-05 9.993717E-01 5.849726E-04
1.275730E+00 3.556701E-05 9.993771E-01 5.873736E-04
1.276731E+00 5.252148E-05 9.993581E-01 5.894077E-04
1.277731E+00 7.035299E-05 9.993387E-01 5.909479E-04
1.278732E+00 6.343198E-05 9.993439E-01 5.926600E-04
1.279733E+00 4.084767E-05 9.993641E-01 5.950769E-04
1.280734E+00 3.428226E-05 9.993679E-01 5.978362E-04
1.281735E+00 5.333490E-05 9.993465E-01 6.001727E-04
1.282736E+00 7.127151E-05 9.993267E-01 6.019991E-04
1.283736E+00 6.229504E-05 9.993337E-01 6.040515E-04
1.284737E+00 3.840335E-05 9.993547E-01 6.068643E-04
1.285738E+00 3.320147E-05 9.993568E-01 6.100037E-04
1.286739E+00 5.445559E-05 9.993329E-01 6.126593E-04
1.287740E+00 7.235142E-05 9.993129E-01 6.147908E-04
1.288741E+00 6.112245E-05 9.993217E-01 6.172095E-04
1.289741E+00 3.595276E-05 9.993436E-01 6.204481E-04
1.290742E+00 3.233426E-05 9.993437E-01 6.239934E-04
1.291743E+00 5.589186E-05 9.993171E-01 6.269887E-04
1.292744E+00 7.358063E-05 9.992970E-01 6.294478E-04
1.293745E+00 5.989176E-05 9.993078E-01 6.322638E-04
1.294746E+00 3.348897E-05 9.993305E-01 6.359631E-04
1.295746E+00 3.169482E-05 9.993284E-01 6.399445E-04
1.296747E+00 5.765545E-05 9.992990E-01 6.433038E-04
1.297748E+00 7.494821E-05 9.992789E-01 6.461176E-04
1.298749E+00 5.858140E-05 9.992921E-01 6.493674E-04
1.299750E+00 3.100819E-05 9.993154E-01 6.535685E-04
1.300751E+00 3.130209E-05 9.993107E-01 6.580211E-04
1.301751E+00 5.976151E-05 9.992785E-01 6.617730E-04
1.302752E+00 7.644414E-05 9.992586E-01 6.649739E-04
1.303753E+00 5.717057E-05 9.992741E-01 6.687005E-04
1.304754E+00 2.851003E-05 9.992980E-01 6.734508E-04
1.305755E+00 3.118024E-05 9.992904E-01 6.784156E-04
1.306756E+00 6.222886E-05 9.992552E-01 6.825938E-04
1.307756E+00 7.805884E-05 9.992357E-01 6.862200E-04
1.308757E+00 5.563815E-05 9.992539E-01 6.904739E-04
1.309758E+00 2.599614E-05 9.992782E-01 6.958288E-04
1.310759E+00 3.135744E-05 9.992673E-01 7.013533E-04
1.311760E+00 6.507914E-05 9.992289E-01 7.059976E-04
1.312761E+00 7.978366E-05 9.992101E-01 7.100944E-04
1.313761E+00 5.396524E-05 9.992311E-01 7.149347E-04
1.314762E+00 2.347436E-05 9.992556E-01 7.209586E-04
1.315763E+00 3.186984E-05 9.992410E-01 7.270981E-04
1.316764E+00 6.833857E-05 9.991994E-01 7.322552E-04
1.317765E+00 8.160924E-05 9.991815E-01 7.368760E-04
1.318766E+00 5.213085E-05 9.992055E-01 7.423724E-04
1.319766E+00 2.095384E-05 9.992299E-01 7.491401E-04
1.320767E+00 3.275786E-05 9.992113E-01 7.559588E-04
1.321768E+00 7.203636E-05 9.991663E-01 7.616836E-04
1.322769E+00 8.352632E-05 9.991496E-01 7.668920E-04
1.323770E+00 5.011471E-05 9.991768E-01 7.731261E-04
1.324771E+00 1.844867E-05 9.992008E-01 7.807251E-04
1.325771E+00 3.406916E-05 9.991776E-01 7.882980E-04
1.326772E+00 7.620572E-05 9.991291E-01 7.946553E-04
1.327773E+00 8.552481E-05 9.991139E-01 8.005264E-04
1.328774E+00 4.789586E-05 9.991445E-01 8.075945E-04
1.329775E+00 1.597724E-05 9.991679E-01 8.161270E-04
1.330776E+00 3.585861E-05 9.991396E-01 8.245418E-04
1.331776E+00 8.088373E-05 9.990875E-01 8.316080E-04
1.332777E+00 8.759340E-05 9.990742E-01 8.382312E-04
1.333778E+00 4.545245E-05 9.991083E-01 8.462472E-04
1.334779E+00 1.356265E-05 9.991306E-01 8.558332E-04
1.335780E+00 3.818908E-05 9.990966E-01 8.651927E-04
1.336781E+00 8.611162E-05 9.990408E-01 8.730585E-04
1.337781E+00 8.971906E-05 9.990297E-01 8.805405E-04
1.338782E+00 4.276138E-05 9.990676E-01 8.896393E-04
1.339783E+00 1.123336E-05 9.990883E-01 9.004202E-04
1.340784E+00 4.113242E-05 9.990480E-01 9.108456E-04
1.341785E+00 9.193501E-05 9.989884E-01 9.196192E-04
1.342786E+00 9.188646E-05 9.989800E-01 9.280876E-04
1.343786E+00 3.979796E-05 9.990218E-01 9.384299E-04
1.344787E+00 9.023812E-06 9.990404E-01 9.505729E-04
1.345788E+00 4.477068E-05 9.989930E-01 9.622078E-04
1.346789E+00 9.840432E-05 9.989296E-01 9.720184E-04
1.347790E+00 9.407740E-05 9.989243E-01 9.816269E-04
1.348791E+00 3.653555E-05 9.989701E-01 9.934047E-04
1.349791E+00 6.975447E-06 9.989859E-01 1.007109E-03
1.350792E+00 4.919763E-05 9.989307E-01 1.020124E-03
1.351793E+00 1.055754E-04 9.988633E-01 1.031127E-03
1.352794E+00 9.627012E-05 9.988617E-01 1.042061E-03
1.353795E+00 3.294526E-05 9.989115E-01 1.055506E-03
1.354796E+00 5.137906E-06 9.989239E-01 1.071009E-03
1.355796E+00 5.452073E-05 9.988599E-01 1.085609E-03
1.356797E+00 1.135103E-04 9.987885E-01 1.097993E-03
1.357798E+00 9.843872E-05 9.987911E-01 1.110479E-03
1.358799E+00 2.899561E-05 9.988451E-01 1.125869E-03
1.359800E+00 3.570662E-06 9.988530E-01 1.143456E-03
1.360801E+00 6.086371E-05 9.987792E-01 1.159889E-03
1.361802E+00 1.222785E-04 9.987038E-01 1.173883E-03
1.362802E+00 1.005524E-04 9.987113E-01 1.188197E-03
1.363803E+00 2.465236E-05 9.987695E-01 1.205872E-03
1.364804E+00 2.345158E-06 9.987718E-01 1.225890E-03
1.365805E+00 6.836981E-05 9.986872E-01 1.244454E-03
1.366806E+00 1.319582E-04 9.986077E-01 1.260341E-03
1.367807E+00 1.025749E-04 9.986206E-01 1.276822E-03
1.368807E+00 1.987843E-05 9.986829E-01 1.297199E-03
1.369808E+00 1.547713E-06 9.986784E-01 1.320070E-03
1.370809E+00 7.720622E-05 9.985817E-01 1.341132E-03
1.371810E+00 1.426391E-04 9.984981E-01 1.359260E-03
1.372811E+00 1.044641E-04 9.985172E-01 1.378331E-03
1.373812E+00 1.463412E-05 9.985834E-01 1.401922E-03
1.374812E+00 1.283485E-06 9.985706E-01 1.428166E-03
1.375813E+00 8.756989E-05 9.984603E-01 1.452179E-03
1.376814E+00 1.544254E-04 9.983726E-01 1.472983E-03
1.377815E+00 1.061716E-04 9.983987E-01 1.495171E-03
1.378816E+00 8.877852E-06 9.984685E-01 1.522617E-03
1.379817E+00 1.681921E-06 9.984454E-01 1.552876E-03
1.380817E+00 9.969555E-05 9.983199E-01 1.580404E-03
1.381818E+00 1.674405E-04 9.982281E-01 1.604434E-03
1.382819E+00 1.076432E-04 9.982620E-01 1.630406E-03
1.383820E+00 2.567475E-06 9.983349E-01 1.662507E-03
1.384821E+00 2.904187E-06 9.982995E-01 1.697589E-03
1.385822E+00 1.138664E-04 9.981568E-01 1.729343E-03
1.386822E+00 1.818337E-04 9.980609E-01 1.757296E-03
1.387823E+00 1.088198E-04 9.981033E-01 1.787902E-03
1.388824E+00 -4.337541E-06 9.981787E-01 1.825677E-03
1.389825E+00 5.153205E-06 9.981282E-01 1.866602E-03
1.390826E+00 1.304283E-04 9.979661E-01 1.903487E-03
1.391827E+00 1.977895E-04 9.978659E-01 1.936262E-03
1.392827E+00 1.096387E-04 9.979178E-01 1.972597E-03
1.393828E+00 -1.187297E-05 9.979945E-01 2.017351E-03
1.394829E+00 8.687154E-06 9.979259E-01 2.065427E-03
1.395830E+00 1.498096E-04 9.977416E-01 2.108612E-03
1.396831E+00 2.155399E-04 9.976371E-01 2.147380E-03
1.397832E+00 1.100363E-04 9.976991E-01 2.190874E-03
1.398832E+00 -2.006544E-05 9.977758E-01 2.244302E-03
1.399833E+00 1.383768E-05 9.976849E-01 2.301226E-03
1.400834E+00 1.725471E-04 9.974752E-01 2.352237E-03
1.401835E+00 2.353820E-04 9.973661E-01 2.398549E-03
1.402836E+00 1.099518E-04 9.974390E-01 2.451091E-03
1.403837E+00 -2.892627E-05 9.975135E-01 2.515426E-03
1.404837E+00 2.103477E-05 9.973955E-01 2.583431E-03
1.405838E+00 1.993225E-04 9.971564E-01 2.644298E-03
1.406839E+00 2.577025E-04 9.970421E-01 2.700234E-03
1.407840E+00 1.093325E-04 9.971263E-01 2.764361E-03
1.408841E+00 -3.844264E-05 9.971959E-01 2.842587E-03
1.409842E+00 3.084159E-05 9.970445E-01 2.924664E-03
1.410842E+00 2.310137E-04 9.967709E-01 2.998129E-03
1.411843E+00 2.830136E-04 9.966505E-01 3.066528E-03
1.412844E+00 1.081441E-04 9.967462E-01 3.145704E-03
1.413845E+00 -4.856406E-05 9.968067E-01 3.241881E-03
1.414846E+00 4.400467E-05 9.966139E-01 3.342107E-03
1.415847E+00 2.687696E-04 9.962993E-01 3.431947E-03
1.416847E+00 3.120060E-04 9.961712E-01 3.516764E-03
1.417848E+00 1.063863E-04 9.962778E-01 3.615809E-03
1.418849E+00 -5.918072E-05 9.963236E-01 3.735572E-03
1.419850E+00 6.152898E-05 9.960788E-01 3.859623E-03
1.420851E+00 3.141222E-04 9.957147E-01 3.971158E-03
1.421852E+00 3.456334E-04 9.955763E-01 4.078017E-03
1.422852E+00 1.041232E-04 9.956921E-01 4.203789E-03
1.423853E+00 -7.008735E-05 9.957150E-01 4.355135E-03
1.424854E+00 8.479237E-05 9.954041E-01 4.511102E-03
1.425855E+00 3.691594E-04 9.949788E-01 4.652012E-03
1.426856E+00 3.852450E-04 9.948256E-01 4.789119E-03
1.427857E+00 1.015358E-04 9.949468E-01 4.951621E-03
1.428857E+00 -8.092076E-05 9.949347E-01 5.146203E-03
1.429858E+00 1.157287E-04 9.945383E-01 5.345941E-03
1.430859E+00 4.368015E-04 9.940356E-01 5.527635E-03
1.431860E+00 4.328082E-04 9.938599E-01 5.707313E-03
1.432861E+00 9.902271E-05 9.939794E-01 5.921570E-03
1.433862E+00 -9.104893E-05 9.939142E-01 6.176882E-03
1.434862E+00 1.571280E-04 9.934045E-01 6.438330E-03
1.435863E+00 5.212592E-04 9.928004E-01 6.678331E-03
1.436864E+00 4.912917E-04 9.925890E-01 6.919721E-03
1.437865E+00 9.739036E-05 9.926935E-01 7.209090E-03
1.438866E+00 -9.936625E-05 9.925470E-01 7.552363E-03
1.439867E+00 2.131511E-04 9.918831E-01 7.903702E-03
1.440867E+00 6.288239E-04 9.911412E-01 8.230007E-03
1.441868E+00 5.653558E-04 9.908706E-01 8.564052E-03
1.442869E+00 9.823184E-05 9.909354E-01 8.966364E-03
1.443870E+00 -1.038985E-04 9.906621E-01 9.441826E-03
1.444871E+00 2.902561E-04 9.897804E-01 9.929371E-03
1.445872E+00 7.693055E-04 9.888418E-01 1.038886E-02
1.446872E+00 6.626679E-04 9.884693E-01 1.086806E-02
1.447873E+00 1.047170E-04 9.884476E-01 1.144771E-02
1.448874E+00 -1.009967E-04 9.879700E-01 1.213103E-02
1.449875E+00 3.989644E-04 9.867659E-01 1.283518E-02
1.450876E+00 9.588077E-04 9.855302E-01 1.351101E-02
1.451877E+00 7.965739E-04 9.849736E-01 1.422986E-02
1.452877E+00 1.233482E-04 9.847733E-01 1.510335E-02
1.453878E+00 -8.357201E-05 9.839510E-01 1.613258E-02
1.454879E+00 5.574816E-04 9.822397E-01 1.720277E-02
1.455880E+00 1.225504E-03 9.805212E-01 1.825331E-02
1.456881E+00 9.919803E-04 9.796130E-01 1.939498E-02
1.457882E+00 1.681922E-04 9.790417E-01 2.079013E-02
1.458882E+00 -3.688252E-05 9.775983E-01 2.243857E-02
1.459883E+00 7.998047E-04 9.750226E-01 2.417757E-02
1.460884E+00 1.622825E-03 9.724439E-01 2.593330E-02
1.461885E+00 1.299678E-03 9.708119E-01 2.788847E-02
1.462886E+00 2.721963E-04 9.694301E-01 3.029772E-02
1.463887E+00 7.272063E-05 9.667601E-01 3.316717E-02
1.464887E+00 1.196053E-03 9.625418E-01 3.626217E-02
1.465888E+00 2.263367E-03 9.582358E-01 3.950083E-02
1.466889E+00 1.836068E-03 9.549486E-01 4.321536E-02
1.467890E+00 5.219195E-04 9.516216E-01 4.785650E-02
1.468891E+00 3.325940E-04 9.461909E-01 5.347653E-02
1.469892E+00 1.911480E-03 9.383425E-01 5.974599E-02
1.470892E+00 3.420581E-03 9.299564E-01 6.662302E-02
1.471893E+00 2.913964E-03 9.222640E-01 7.482208E-02
1.472894E+00 1.185917E-03 9.134936E-01 8.532045E-02
1.473895E+00 1.014889E-03 9.005523E-01 9.843280E-02
1.474896E+00 3.413642E-03 8.827600E-01 1.138264E-01
1.475897E+00 5.900613E-03 8.622747E-01 1.318246E-01
1.476897E+00 5.581720E-03 8.399501E-01 1.544682E-01
1.477898E+00 3.323138E-03 8.119934E-01 1.846835E-01
1.478899E+00 3.212898E-03 7.724499E-01 2.243372E-01
1.479900E+00 7.361076E-03 7.185488E-01 2.740901E-01
1.480901E+00 1.265669E-02 6.509971E-01 3.363462E-01
1.481902E+00 1.430143E-02 5.677605E-01 4.179381E-01
1.482902E+00 1.222518E-02 4.608174E-01 5.269574E-01
1.483903E+00 1.198913E-02 3.253465E-01 6.626644E-01
1.484904E+00 1.811624E-02 1.761071E-01 8.057767E-01
1.485905E+00 2.763641E-02 5.251434E-02 9.198492E-01
1.486906E+00 3.227399E-02 4.360716E-04 9.672899E-01
1.487907E+00 2.746427E-02 4.182595E-02 9.307098E-01
1.488907E+00 1.766643E-02 1.585392E-01 8.237943E-01
1.489908E+00 1.145281E-02 3.055657E-01 6.829815E-01
1.490909E+00 1.208664E-02 4.415704E-01 5.463430E-01
1.491910E+00 1.469883E-02 5.497284E-01 4.355728E-01
1.492911E+00 1.300809E-02 6.343949E-01 3.525970E-01
1.493912E+00 6.992334E-03 7.039317E-01 2.890759E-01
1.494912E+00 2.288183E-03 7.599977E-01 2.377142E-01
1.495913E+00 2.750084E-03 8.009097E-01 1.963402E-01
1.496914E+00 5.859202E-03 8.292518E-01 1.648890E-01
1.497915E+00 6.415101E-03 8.519610E-01 1.416239E-01
1.498916E+00 3.216259E-03 8.736386E-01 1.231451E-01
1.499917E+00 1.049755E-04 8.929033E-01 1.069917E-01
1.500917E+00 5.451556E-04 9.064744E-01 9.298045E-02
1.501918E+00 3.184963E-03 9.149453E-01 8.186978E-02
1.502919E+00 4.013456E-03 9.225408E-01 7.344576E-02
1.503920E+00 1.793716E-03 9.318134E-01 6.639293E-02
1.504921E+00 -5.503184E-04 9.408534E-01 5.969695E-02
1.505922E+00 -1.132168E-04 9.465934E-01 5.351983E-02
1.506922E+00 2.136054E-03 9.493404E-01 4.852352E-02
1.507923E+00 2.900156E-03 9.523679E-01 4.473193E-02
1.508924E+00 1.104537E-03 9.574669E-01 4.142855E-02
1.509925E+00 -7.992683E-04 9.627472E-01 3.805203E-02
1.510926E+00 -3.378440E-04 9.655458E-01 3.479203E-02
1.511927E+00 1.641518E-03 9.662043E-01 3.215421E-02
1.512927E+00 2.286143E-03 9.675267E-01 3.018715E-02
1.513928E+00 7.052295E-04 9.708816E-01 2.841322E-02
1.514929E+00 -9.100199E-04 9.744432E-01 2.646684E-02
1.515930E+00 -4.089816E-04 9.758867E-01 2.452224E-02
1.516931E+00 1.381594E-03 9.756477E-01 2.297074E-02
1.517932E+00 1.904847E-03 9.762453E-01 2.184987E-02
1.518932E+00 4.422389E-04 9.787554E-01 2.080235E-02
1.519933E+00 -9.653294E-04 9.813980E-01 1.956731E-02
1.520934E+00 -4.163666E-04 9.821149E-01 1.830145E-02
1.521935E+00 1.237161E-03 9.814455E-01 1.731731E-02
1.522936E+00 1.646778E-03 9.817160E-01 1.663722E-02
1.523937E+00 2.514328E-04 9.837743E-01 1.597429E-02
1.524937E+00 -9.957444E-04 9.858640E-01 1.513172E-02
1.525938E+00 -3.939062E-04 9.861416E-01 1.425228E-02
1.526939E+00 1.156132E-03 9.852506E-01 1.359322E-02
1.527940E+00 1.460008E-03 9.853767E-01 1.316329E-02
1.528941E+00 1.020999E-04 9.871769E-01 1.272098E-02
1.529942E+00 -1.013991E-03 9.889016E-01 1.211242E-02
1.530942E+00 -3.559325E-04 9.888859E-01 1.147001E-02
1.531943E+00 1.112880E-03 9.878762E-01 1.101091E-02
1.532944E+00 1.317111E-03 9.879503E-01 1.073257E-02
1.533945E+00 -2.204834E-05 9.895973E-01 1.042477E-02
1.534946E+00 -1.025800E-03 9.910615E-01 9.964348E-03
1.535947E+00 -3.089629E-04 9.908329E-01 9.476078E-03
1.536947E+00 1.093600E-03 9.897593E-01 9.147121E-03
1.537948E+00 1.202331E-03 9.898322E-01 8.965515E-03
1.538949E+00 -1.303575E-04 9.913867E-01 8.743678E-03
1.539950E+00 -1.033855E-03 9.926523E-01 8.381547E-03
1.540951E+00 -2.560788E-04 9.922577E-01 7.998359E-03
1.541952E+00 1.090292E-03 9.911516E-01 7.758108E-03
1.542952E+00 1.105983E-03 9.912532E-01 7.640863E-03
1.543953E+00 -2.285313E-04 9.927525E-01 7.476021E-03
1.544954E+00 -1.039392E-03 9.938578E-01 7.181622E-03
1.545955E+00 -1.987357E-04 9.933258E-01 6.872920E-03
1.546956E+00 1.098028E-03 9.922064E-01 6.695544E-03
1.547957E+00 1.021758E-03 9.923556E-01 6.622622E-03
1.548957E+00 -3.202254E-04 9.938236E-01 6.496651E-03
1.549958E+00 -1.042913E-03 9.947925E-01 6.250371E-03
1.550959E+00 -1.375744E-04 9.941413E-01 5.996247E-03
1.551960E+00 1.113602E-03 9.930214E-01 5.864972E-03
1.552961E+00 9.453406E-04 9.932312E-01 5.823472E-03
1.553962E+00 -4.078754E-04 9.946833E-01 5.724573E-03
1.554962E+00 -1.044524E-03 9.955312E-01 5.513336E-03
1.555963E+00 -7.280963E-05 9.947724E-01 5.300364E-03
1.556964E+00 1.134821E-03 9.936612E-01 5.203930E-03
1.557965E+00 8.736371E-04 9.939411E-01 5.185262E-03
1.558966E+00 -4.931517E-04 9.953877E-01 5.105488E-03
1.559967E+00 -1.044098E-03 9.961238E-01 4.920284E-03
1.560967E+00 -4.426728E-06 9.952653E-01 4.739143E-03
1.561968E+00 1.160101E-03 9.941701E-01 4.669777E-03
1.562969E+00 8.043370E-04 9.945276E-01 4.668054E-03
1.563970E+00 -5.772233E-04 9.959753E-01 4.601881E-03
1.564971E+00 -1.041364E-03 9.966050E-01 4.436328E-03
1.565972E+00 6.771480E-05 9.956519E-01 4.280383E-03
1.566972E+00 1.188245E-03 9.945792E-01 4.232595E-03
1.567973E+00 7.356434E-04 9.950207E-01 4.243681E-03
1.568974E+00 -6.609156E-04 9.964738E-01 4.187163E-03
1.569975E+00 -1.035955E-03 9.969993E-01 4.036623E-03
1.570976E+00 1.438236E-04 9.959551E-01 3.901056E-03
1.571977E+00 1.218289E-03 9.949108E-01 3.870895E-03
1.572977E+00 6.661054E-04 9.954421E-01 3.891815E-03
1.573978E+00 -7.448087E-04 9.969028E-01 3.842056E-03
1.574979E+00 -1.027432E-03 9.973243E-01 3.703085E-03
1.575980E+00 2.241433E-04 9.961915E-01 3.584340E-03
1.576981E+00 1.249419E-03 9.951817E-01 3.568921E-03
1.577982E+00 5.945081E-04 9.958080E-01 3.597491E-03
1.578982E+00 -8.292999E-04 9.972770E-01 3.552308E-03
1.579983E+00 -1.015295E-03 9.975930E-01 3.422300E-03
1.580984E+00 3.089321E-04 9.963733E-01 3.317719E-03
1.581985E+00 1.280906E-03 9.954042E-01 3.314911E-03
1.582986E+00 5.198006E-04 9.961307E-01 3.349495E-03
1.583987E+00 -9.146435E-04 9.976074E-01 3.307202E-03
1.584987E+00 -9.989956E-04 9.978148E-01 3.184148E-03
1.585988E+00 3.984493E-04 9.965098E-01 3.091731E-03
1.586989E+00 1.312066E-03 9.955880E-01 3.099949E-03
1.587990E+00 4.410456E-04 9.964197E-01 3.139293E-03
1.588991E+00 -1.000978E-03 9.979024E-01 3.098551E-03
1.589992E+00 -9.779361E-04 9.979971E-01 2.980879E-03
1.590992E+00 4.929456E-04 9.966079E-01 2.899113E-03
1.591993E+00 1.342227E-03 9.957406E-01 2.917178E-03
1.592994E+00 3.573853E-04 9.966823E-01 2.960301E-03
1.593995E+00 -1.088339E-03 9.981683E-01 2.920016E-03
1.594996E+00 -9.514731E-04 9.981450E-01 2.806480E-03
1.595997E+00 5.926558E-04 9.966731E-01 2.734228E-03
1.596997E+00 1.370709E-03 9.958680E-01 2.761261E-03
1.597998E+00 2.680163E-04 9.969246E-01 2.807379E-03
1.598999E+00 -1.176677E-03 9.984100E-01 2.766632E-03
1.600000E+00 -9.189171E-04 9.982627E-01 2.656231E-03
