# # t, EM energy in cavity (in meep units)
0.000000E+00 0.000000E+00
1.000000E-01 0.000000E+00
2.000000E-01 0.000000E+00
3.000000E-01 0.000000E+00
4.000000E-01 0.000000E+00
5.000000E-01 0.000000E+00
6.000000E-01 1.317018E-125
7.000000E-01 3.678148E-89
8.000000E-01 2.842840E-63
9.000000E-01 5.711115E-44
1.000000E+00 9.387472E-30
1.100000E+00 4.050681E-20
1.200000E+00 6.925892E-16
1.300000E+00 3.608812E-13
1.400000E+00 4.980455E-12
1.500000E+00 2.304680E-11
1.600000E+00 5.222440E-11
1.700000E+00 6.166188E-11
1.800000E+00 1.588799E-10
1.900000E+00 1.080819E-09
2.000000E+00 3.979189E-09
2.100000E+00 7.657277E-09
2.200000E+00 8.499746E-09
2.300000E+00 2.121323E-08
2.400000E+00 1.113075E-07
2.500000E+00 3.365216E-07
2.600000E+00 5.564751E-07
2.700000E+00 5.958172E-07
2.800000E+00 1.409207E-06
2.900000E+00 5.710773E-06
3.000000E+00 1.417861E-05
3.100000E+00 2.037225E-05
3.200000E+00 2.153700E-05
3.300000E+00 4.695896E-05
3.400000E+00 1.472822E-04
3.500000E+00 3.010722E-04
3.600000E+00 3.822210E-04
3.700000E+00 4.059105E-04
3.800000E+00 7.933047E-04
3.900000E+00 1.934396E-03
4.000000E+00 3.277725E-03
4.100000E+00 3.761199E-03
4.200000E+00 4.039325E-03
4.300000E+00 6.902882E-03
4.400000E+00 1.318692E-02
4.500000E+00 1.874679E-02
4.600000E+00 1.997448E-02
4.700000E+00 2.156735E-02
4.800000E+00 3.164458E-02
4.900000E+00 4.787998E-02
5.000000E+00 5.810802E-02
5.100000E+00 5.903769E-02
5.200000E+00 6.307387E-02
5.300000E+00 7.859595E-02
5.400000E+00 9.532791E-02
5.500000E+00 1.007621E-01
5.600000E+00 9.969887E-02
5.700000E+00 1.031840E-01
5.800000E+00 1.084390E-01
5.900000E+00 1.062738E-01
6.000000E+00 9.968079E-02
6.100000E+00 9.730227E-02
6.200000E+00 9.524787E-02
6.300000E+00 8.356341E-02
6.400000E+00 6.604424E-02
6.500000E+00 5.586005E-02
6.600000E+00 5.399271E-02
6.700000E+00 4.850614E-02
6.800000E+00 3.478019E-02
6.900000E+00 2.181604E-02
7.000000E+00 1.688375E-02
7.100000E+00 1.596198E-02
7.200000E+00 1.254295E-02
7.300000E+00 6.997355E-03
7.400000E+00 3.321459E-03
7.500000E+00 2.366739E-03
7.600000E+00 2.056286E-03
7.700000E+00 1.240571E-03
7.800000E+00 4.490601E-04
7.900000E+00 1.470494E-04
8.000000E+00 1.043027E-04
8.100000E+00 6.733565E-05
8.200000E+00 5.513402E-05
8.300000E+00 8.853558E-05
8.400000E+00 1.055051E-04
8.500000E+00 1.056235E-04
8.600000E+00 1.411220E-04
8.700000E+00 1.943063E-04
8.800000E+00 1.987524E-04
8.900000E+00 1.581702E-04
9.000000E+00 1.459542E-04
9.100000E+00 1.891329E-04
9.200000E+00 2.268853E-04
9.300000E+00 2.033186E-04
9.400000E+00 1.494075E-04
9.500000E+00 1.365843E-04
9.600000E+00 1.756394E-04
9.700000E+00 2.051140E-04
9.800000E+00 1.794750E-04
9.900000E+00 1.303732E-04
1.000000E+01 1.194772E-04
1.010000E+01 1.534302E-04
1.020000E+01 1.781038E-04
1.030000E+01 1.551306E-04
1.040000E+01 1.126865E-04
1.050000E+01 1.036634E-04
1.060000E+01 1.330247E-04
1.070000E+01 1.539254E-04
1.080000E+01 1.337888E-04
1.090000E+01 9.731277E-05
1.100000E+01 8.987321E-05
1.110000E+01 1.152506E-04
1.120000E+01 1.329733E-04
1.130000E+01 1.153662E-04
1.140000E+01 8.403965E-05
1.150000E+01 7.791904E-05
1.160000E+01 9.984473E-05
1.170000E+01 1.148643E-04
1.180000E+01 9.947573E-05
1.190000E+01 7.257945E-05
1.200000E+01 6.755434E-05
1.210000E+01 8.649251E-05
1.220000E+01 9.921475E-05
1.230000E+01 8.577090E-05
1.240000E+01 6.268240E-05
1.250000E+01 5.856775E-05
1.260000E+01 7.492095E-05
1.270000E+01 8.569112E-05
1.280000E+01 7.395108E-05
1.290000E+01 5.413619E-05
1.300000E+01 5.077613E-05
1.310000E+01 6.489316E-05
1.320000E+01 7.400558E-05
1.330000E+01 6.375747E-05
1.340000E+01 4.675589E-05
1.350000E+01 4.402046E-05
1.360000E+01 5.620378E-05
1.370000E+01 6.390908E-05
1.380000E+01 5.496683E-05
1.390000E+01 4.038246E-05
1.400000E+01 3.816306E-05
1.410000E+01 4.867457E-05
1.420000E+01 5.518601E-05
1.430000E+01 4.738622E-05
1.440000E+01 3.487831E-05
1.450000E+01 3.308447E-05
1.460000E+01 4.215107E-05
1.470000E+01 4.765009E-05
1.480000E+01 4.084937E-05
1.490000E+01 3.012485E-05
1.500000E+01 2.868122E-05
1.510000E+01 3.649928E-05
1.520000E+01 4.114025E-05
1.530000E+01 3.521299E-05
1.540000E+01 2.601977E-05
1.550000E+01 2.486351E-05
1.560000E+01 3.160310E-05
1.570000E+01 3.551731E-05
1.580000E+01 3.035312E-05
1.590000E+01 2.247430E-05
1.600000E+01 2.155346E-05
1.610000E+01 2.736171E-05
1.620000E+01 3.066054E-05
1.630000E+01 2.616296E-05
1.640000E+01 1.941236E-05
1.650000E+01 1.868367E-05
1.660000E+01 2.368786E-05
1.670000E+01 2.646607E-05
1.680000E+01 2.255032E-05
1.690000E+01 1.676774E-05
1.700000E+01 1.619558E-05
1.710000E+01 2.050575E-05
1.720000E+01 2.284372E-05
1.730000E+01 1.943587E-05
1.740000E+01 1.448366E-05
1.750000E+01 1.403842E-05
1.760000E+01 1.774980E-05
1.770000E+01 1.971567E-05
1.780000E+01 1.675090E-05
1.790000E+01 1.251093E-05
1.800000E+01 1.216826E-05
1.810000E+01 1.536311E-05
1.820000E+01 1.701473E-05
1.830000E+01 1.443627E-05
1.840000E+01 1.080703E-05
1.850000E+01 1.054693E-05
1.860000E+01 1.329631E-05
1.870000E+01 1.468274E-05
1.880000E+01 1.244103E-05
1.890000E+01 9.335297E-06
1.900000E+01 9.141339E-06
1.910000E+01 1.150668E-05
1.920000E+01 1.266942E-05
1.930000E+01 1.072117E-05
1.940000E+01 8.064097E-06
1.950000E+01 7.922804E-06
1.960000E+01 9.957149E-06
1.970000E+01 1.093136E-05
1.980000E+01 9.238748E-06
1.990000E+01 6.966095E-06
2.000000E+01 6.866460E-06
2.010000E+01 8.615609E-06
2.020000E+01 9.431035E-06
2.030000E+01 7.961014E-06
2.040000E+01 6.017678E-06
2.050000E+01 5.950743E-06
2.060000E+01 7.454227E-06
2.070000E+01 8.136020E-06
2.080000E+01 6.859749E-06
2.090000E+01 5.198451E-06
2.100000E+01 5.156953E-06
2.110000E+01 6.448884E-06
2.120000E+01 7.018308E-06
2.130000E+01 5.910617E-06
2.140000E+01 4.490805E-06
2.150000E+01 4.468875E-06
2.160000E+01 5.578681E-06
2.170000E+01 6.053695E-06
2.180000E+01 5.092634E-06
2.190000E+01 3.879533E-06
2.200000E+01 3.872448E-06
2.210000E+01 4.825509E-06
2.220000E+01 5.221272E-06
2.230000E+01 4.387705E-06
2.240000E+01 3.351501E-06
2.250000E+01 3.355480E-06
2.260000E+01 4.173680E-06
2.270000E+01 4.502977E-06
2.280000E+01 3.780226E-06
2.290000E+01 2.895367E-06
2.300000E+01 2.907400E-06
2.310000E+01 3.609602E-06
2.320000E+01 3.883209E-06
2.330000E+01 3.256746E-06
2.340000E+01 2.501336E-06
2.350000E+01 2.519041E-06
2.360000E+01 3.121499E-06
2.370000E+01 3.348492E-06
2.380000E+01 2.805666E-06
2.390000E+01 2.160949E-06
2.400000E+01 2.182457E-06
2.410000E+01 2.699172E-06
2.420000E+01 2.887190E-06
2.430000E+01 2.416987E-06
2.440000E+01 1.866898E-06
2.450000E+01 1.890756E-06
2.460000E+01 2.333786E-06
2.470000E+01 2.489252E-06
2.480000E+01 2.082087E-06
2.490000E+01 1.612874E-06
2.500000E+01 1.637962E-06
2.510000E+01 2.017690E-06
2.520000E+01 2.146001E-06
2.530000E+01 1.793535E-06
2.540000E+01 1.393424E-06
2.550000E+01 1.418895E-06
2.560000E+01 1.744256E-06
2.570000E+01 1.849943E-06
2.580000E+01 1.544926E-06
2.590000E+01 1.203843E-06
2.600000E+01 1.229063E-06
2.610000E+01 1.507747E-06
2.620000E+01 1.594610E-06
2.630000E+01 1.330737E-06
2.640000E+01 1.040062E-06
2.650000E+01 1.064571E-06
2.660000E+01 1.303193E-06
2.670000E+01 1.374415E-06
2.680000E+01 1.146210E-06
2.690000E+01 8.985689E-07
2.700000E+01 9.220432E-07
2.710000E+01 1.126292E-06
2.720000E+01 1.184537E-06
2.730000E+01 9.872419E-07
2.740000E+01 7.763296E-07
2.750000E+01 7.985524E-07
2.760000E+01 9.733186E-07
2.770000E+01 1.020814E-06
2.780000E+01 8.502974E-07
2.790000E+01 6.707230E-07
2.800000E+01 6.915612E-07
2.810000E+01 8.410471E-07
2.820000E+01 8.796535E-07
2.830000E+01 7.323295E-07
2.840000E+01 5.794851E-07
2.850000E+01 5.988697E-07
2.860000E+01 7.266853E-07
2.870000E+01 7.579559E-07
2.880000E+01 6.307119E-07
2.890000E+01 5.006600E-07
2.900000E+01 5.185706E-07
2.910000E+01 6.278168E-07
2.920000E+01 6.530460E-07
2.930000E+01 5.431812E-07
2.940000E+01 4.325583E-07
2.950000E+01 4.490106E-07
2.960000E+01 5.423501E-07
2.970000E+01 5.626152E-07
2.980000E+01 4.677868E-07
2.990000E+01 3.737204E-07
3.000000E+01 3.887566E-07
3.010000E+01 4.684753E-07
3.020000E+01 4.846714E-07
3.030000E+01 4.028475E-07
3.040000E+01 3.228856E-07
3.050000E+01 3.365668E-07
3.060000E+01 4.046260E-07
3.070000E+01 4.174953E-07
3.080000E+01 3.469147E-07
3.090000E+01 2.789652E-07
3.100000E+01 2.913646E-07
3.110000E+01 3.494467E-07
3.120000E+01 3.596035E-07
3.130000E+01 2.987403E-07
3.140000E+01 2.410189E-07
3.150000E+01 2.522169E-07
3.160000E+01 3.017644E-07
3.170000E+01 3.097166E-07
3.180000E+01 2.572491E-07
3.190000E+01 2.082342E-07
3.200000E+01 2.183148E-07
3.210000E+01 2.605639E-07
3.220000E+01 2.667306E-07
3.230000E+01 2.215152E-07
3.240000E+01 1.799093E-07
3.250000E+01 1.889568E-07
3.260000E+01 2.249675E-07
3.270000E+01 2.296936E-07
3.280000E+01 1.907408E-07
3.290000E+01 1.554376E-07
3.300000E+01 1.635351E-07
3.310000E+01 1.942156E-07
3.320000E+01 1.977846E-07
3.330000E+01 1.642385E-07
3.340000E+01 1.342947E-07
3.350000E+01 1.415232E-07
3.360000E+01 1.676514E-07
3.370000E+01 1.702957E-07
3.380000E+01 1.414163E-07
3.390000E+01 1.160272E-07
3.400000E+01 1.224650E-07
3.410000E+01 1.447069E-07
3.420000E+01 1.466165E-07
3.430000E+01 1.217637E-07
3.440000E+01 1.002438E-07
3.450000E+01 1.059655E-07
3.460000E+01 1.248906E-07
3.470000E+01 1.262208E-07
3.480000E+01 1.048405E-07
3.490000E+01 8.660654E-08
3.500000E+01 9.168229E-08
3.510000E+01 1.077775E-07
3.520000E+01 1.086548E-07
3.530000E+01 9.026787E-08
3.540000E+01 7.482375E-08
3.550000E+01 7.931866E-08
3.560000E+01 9.300013E-08
3.570000E+01 9.352714E-08
3.580000E+01 7.771923E-08
3.590000E+01 6.464353E-08
3.600000E+01 6.861723E-08
3.610000E+01 8.024107E-08
3.620000E+01 8.050013E-08
3.630000E+01 6.691362E-08
3.640000E+01 5.584821E-08
3.650000E+01 5.935499E-08
3.660000E+01 6.922582E-08
3.670000E+01 6.928273E-08
3.680000E+01 5.760922E-08
3.690000E+01 4.824952E-08
3.700000E+01 5.133886E-08
3.710000E+01 5.971701E-08
3.720000E+01 5.962407E-08
3.730000E+01 4.959791E-08
3.740000E+01 4.168455E-08
3.750000E+01 4.440168E-08
3.760000E+01 5.150942E-08
3.770000E+01 5.130805E-08
3.780000E+01 4.270037E-08
3.790000E+01 3.601252E-08
3.800000E+01 3.839873E-08
3.810000E+01 4.442555E-08
3.820000E+01 4.414869E-08
3.830000E+01 3.676194E-08
3.840000E+01 3.111183E-08
3.850000E+01 3.320468E-08
3.860000E+01 3.831199E-08
3.870000E+01 3.798579E-08
3.880000E+01 3.164925E-08
3.890000E+01 2.687753E-08
3.900000E+01 2.871092E-08
3.910000E+01 3.303634E-08
3.920000E+01 3.268121E-08
3.930000E+01 2.724736E-08
3.940000E+01 2.321906E-08
3.950000E+01 2.482331E-08
3.960000E+01 2.848429E-08
3.970000E+01 2.811576E-08
3.980000E+01 2.345730E-08
3.990000E+01 2.005829E-08
4.000000E+01 2.146032E-08
4.010000E+01 2.455709E-08
4.020000E+01 2.418661E-08
4.030000E+01 2.019403E-08
4.040000E+01 1.732764E-08
4.050000E+01 1.855136E-08
4.060000E+01 2.116937E-08
4.070000E+01 2.080513E-08
4.080000E+01 1.738447E-08
4.090000E+01 1.496865E-08
4.100000E+01 1.603534E-08
4.110000E+01 1.824727E-08
4.120000E+01 1.789507E-08
4.130000E+01 1.496574E-08
4.140000E+01 1.293075E-08
4.150000E+01 1.385936E-08
4.160000E+01 1.572694E-08
4.170000E+01 1.539092E-08
4.180000E+01 1.288362E-08
4.190000E+01 1.117014E-08
4.200000E+01 1.197759E-08
4.210000E+01 1.355329E-08
4.220000E+01 1.323634E-08
4.230000E+01 1.109130E-08
4.240000E+01 9.649030E-09
4.250000E+01 1.035038E-08
4.260000E+01 1.167883E-08
4.270000E+01 1.138278E-08
4.280000E+01 9.548369E-09
4.290000E+01 8.334837E-09
4.300000E+01 8.943405E-09
4.310000E+01 1.006259E-08
4.320000E+01 9.788353E-09
4.330000E+01 8.220005E-09
4.340000E+01 7.199428E-09
4.350000E+01 7.727010E-09
4.360000E+01 8.669214E-09
4.370000E+01 8.416828E-09
4.380000E+01 7.076340E-09
4.390000E+01 6.218559E-09
4.400000E+01 6.675479E-09
4.410000E+01 7.468137E-09
4.420000E+01 7.237012E-09
4.430000E+01 6.091704E-09
4.440000E+01 5.371298E-09
4.450000E+01 5.766549E-09
4.460000E+01 6.432855E-09
4.470000E+01 6.222140E-09
4.480000E+01 5.244070E-09
4.490000E+01 4.639453E-09
4.500000E+01 4.980959E-09
4.510000E+01 5.540494E-09
4.520000E+01 5.349213E-09
4.530000E+01 4.514494E-09
4.540000E+01 4.007260E-09
4.550000E+01 4.301977E-09
4.560000E+01 4.771403E-09
4.570000E+01 4.598481E-09
4.580000E+01 3.886540E-09
4.590000E+01 3.461132E-09
4.600000E+01 3.715142E-09
4.610000E+01 4.108636E-09
4.620000E+01 3.952987E-09
4.630000E+01 3.345974E-09
4.640000E+01 2.989312E-09
4.650000E+01 3.208043E-09
4.660000E+01 3.537570E-09
4.670000E+01 3.398024E-09
4.680000E+01 2.880596E-09
4.690000E+01 2.581667E-09
4.700000E+01 2.769926E-09
4.710000E+01 3.045635E-09
4.720000E+01 2.920841E-09
4.730000E+01 2.479909E-09
4.740000E+01 2.229554E-09
4.750000E+01 2.391429E-09
4.760000E+01 2.621918E-09
4.770000E+01 2.510525E-09
4.780000E+01 2.134892E-09
4.790000E+01 1.925484E-09
4.800000E+01 2.064489E-09
4.810000E+01 2.256919E-09
4.820000E+01 2.157718E-09
4.830000E+01 1.837884E-09
4.840000E+01 1.662885E-09
4.850000E+01 1.782105E-09
4.860000E+01 1.942513E-09
4.870000E+01 1.854348E-09
4.880000E+01 1.582288E-09
4.890000E+01 1.436086E-09
4.900000E+01 1.538159E-09
4.910000E+01 1.671741E-09
4.920000E+01 1.593547E-09
4.930000E+01 1.362309E-09
4.940000E+01 1.240200E-09
4.950000E+01 1.327428E-09
4.960000E+01 1.438557E-09
4.970000E+01 1.369428E-09
4.980000E+01 1.172947E-09
4.990000E+01 1.070955E-09
5.000000E+01 1.145467E-09
5.010000E+01 1.237775E-09
5.020000E+01 1.176822E-09
5.030000E+01 1.009932E-09
5.040000E+01 9.247212E-10
5.050000E+01 9.883701E-10
5.060000E+01 1.064956E-09
5.070000E+01 1.011272E-09
5.080000E+01 8.695526E-10
5.090000E+01 7.984399E-10
5.100000E+01 8.527467E-10
5.110000E+01 9.161984E-10
5.120000E+01 8.689850E-10
5.130000E+01 7.486503E-10
5.140000E+01 6.894163E-10
5.150000E+01 7.356894E-10
5.160000E+01 7.881311E-10
5.170000E+01 7.466794E-10
5.180000E+01 6.445758E-10
5.190000E+01 5.952833E-10
5.200000E+01 6.346404E-10
5.210000E+01 6.779020E-10
5.220000E+01 6.415400E-10
5.230000E+01 5.550110E-10
5.240000E+01 5.140108E-10
5.250000E+01 5.473865E-10
5.260000E+01 5.830384E-10
5.270000E+01 5.511958E-10
5.280000E+01 4.779203E-10
5.290000E+01 4.438171E-10
5.300000E+01 4.720731E-10
5.310000E+01 5.013980E-10
5.320000E+01 4.735822E-10
5.330000E+01 4.115643E-10
5.340000E+01 3.831650E-10
5.350000E+01 4.070907E-10
5.360000E+01 4.311617E-10
5.370000E+01 4.068946E-10
5.380000E+01 3.544292E-10
5.390000E+01 3.307792E-10
5.400000E+01 3.510260E-10
5.410000E+01 3.707432E-10
5.420000E+01 3.495987E-10
5.430000E+01 3.052115E-10
5.440000E+01 2.855568E-10
5.450000E+01 3.026670E-10
5.460000E+01 3.187592E-10
5.470000E+01 3.003669E-10
5.480000E+01 2.628288E-10
5.490000E+01 2.465213E-10
5.500000E+01 2.609491E-10
5.510000E+01 2.740414E-10
5.520000E+01 2.580531E-10
5.530000E+01 2.263476E-10
5.540000E+01 2.128301E-10
5.550000E+01 2.249462E-10
5.560000E+01 2.355806E-10
5.570000E+01 2.216970E-10
5.580000E+01 1.949466E-10
5.590000E+01 1.837387E-10
5.600000E+01 1.938860E-10
5.610000E+01 2.025000E-10
5.620000E+01 1.904679E-10
5.630000E+01 1.679207E-10
5.640000E+01 1.586027E-10
5.650000E+01 1.671021E-10
5.660000E+01 1.740566E-10
5.670000E+01 1.636407E-10
5.680000E+01 1.446487E-10
5.690000E+01 1.368929E-10
5.700000E+01 1.440095E-10
5.710000E+01 1.496010E-10
5.720000E+01 1.405997E-10
5.730000E+01 1.245947E-10
5.740000E+01 1.181542E-10
5.750000E+01 1.241059E-10
5.760000E+01 1.285689E-10
5.770000E+01 1.208060E-10
5.780000E+01 1.073186E-10
5.790000E+01 1.019858E-10
5.800000E+01 1.069444E-10
5.810000E+01 1.104865E-10
5.820000E+01 1.037952E-10
5.830000E+01 9.244256E-11
5.840000E+01 8.803838E-11
5.850000E+01 9.214041E-11
5.860000E+01 9.494126E-11
5.870000E+01 8.917888E-11
5.880000E+01 7.964067E-11
5.890000E+01 7.599475E-11
5.900000E+01 7.937457E-11
5.910000E+01 8.158120E-11
5.920000E+01 7.661835E-11
5.930000E+01 6.862767E-11
5.940000E+01 6.558922E-11
5.950000E+01 6.836695E-11
5.960000E+01 7.010393E-11
5.970000E+01 6.583200E-11
5.980000E+01 5.913808E-11
5.990000E+01 5.660429E-11
6.000000E+01 5.888661E-11
6.010000E+01 6.023196E-11
6.020000E+01 5.657864E-11
6.030000E+01 5.095731E-11
6.040000E+01 4.884074E-11
6.050000E+01 5.073239E-11
6.060000E+01 5.174352E-11
6.070000E+01 4.862494E-11
6.080000E+01 4.391335E-11
6.090000E+01 4.214372E-11
6.100000E+01 4.369931E-11
6.110000E+01 4.445911E-11
6.120000E+01 4.178674E-11
6.130000E+01 3.783615E-11
6.140000E+01 3.638361E-11
6.150000E+01 3.762915E-11
6.160000E+01 3.819437E-11
6.170000E+01 3.592049E-11
6.180000E+01 3.259967E-11
6.190000E+01 3.140758E-11
6.200000E+01 3.240630E-11
6.210000E+01 3.280842E-11
6.220000E+01 3.086984E-11
6.230000E+01 2.810915E-11
6.240000E+01 2.710176E-11
6.250000E+01 2.789741E-11
6.260000E+01 2.819746E-11
6.270000E+01 2.652294E-11
6.280000E+01 2.423549E-11
6.290000E+01 2.339539E-11
6.300000E+01 2.400882E-11
6.310000E+01 2.422520E-11
6.320000E+01 2.280979E-11
6.330000E+01 2.088617E-11
6.340000E+01 2.018362E-11
6.350000E+01 2.068611E-11
6.360000E+01 2.079667E-11
6.370000E+01 1.961370E-11
6.380000E+01 1.801952E-11
6.390000E+01 1.739812E-11
6.400000E+01 1.781851E-11
6.410000E+01 1.787526E-11
6.420000E+01 1.684934E-11
6.430000E+01 1.554059E-11
6.440000E+01 1.502672E-11
6.450000E+01 1.532289E-11
6.460000E+01 1.536449E-11
6.470000E+01 1.450038E-11
6.480000E+01 1.337793E-11
6.490000E+01 1.298529E-11
6.500000E+01 1.319639E-11
6.510000E+01 1.318091E-11
6.520000E+01 1.248526E-11
6.530000E+01 1.154246E-11
6.540000E+01 1.119086E-11
6.550000E+01 1.137333E-11
6.560000E+01 1.132992E-11
6.570000E+01 1.071917E-11
6.580000E+01 9.977026E-12
6.590000E+01 9.658081E-12
6.600000E+01 9.772728E-12
6.610000E+01 9.755862E-12
6.620000E+01 9.218057E-12
6.630000E+01 8.596086E-12
6.640000E+01 8.350630E-12
6.650000E+01 8.411743E-12
6.660000E+01 8.370426E-12
6.670000E+01 7.949117E-12
6.680000E+01 7.415057E-12
6.690000E+01 7.192733E-12
6.700000E+01 7.261890E-12
6.710000E+01 7.187787E-12
6.720000E+01 6.831480E-12
6.730000E+01 6.414713E-12
6.740000E+01 6.204799E-12
6.750000E+01 6.242815E-12
6.760000E+01 6.192174E-12
6.770000E+01 5.879259E-12
6.780000E+01 5.523434E-12
6.790000E+01 5.375452E-12
6.800000E+01 5.370786E-12
6.810000E+01 5.310627E-12
6.820000E+01 5.081188E-12
6.830000E+01 4.763617E-12
6.840000E+01 4.630942E-12
6.850000E+01 4.641523E-12
6.860000E+01 4.562744E-12
6.870000E+01 4.363457E-12
6.880000E+01 4.135057E-12
6.890000E+01 3.993080E-12
6.900000E+01 3.983436E-12
6.910000E+01 3.948443E-12
6.920000E+01 3.749977E-12
6.930000E+01 3.562055E-12
6.940000E+01 3.471225E-12
6.950000E+01 3.421095E-12
6.960000E+01 3.387761E-12
6.970000E+01 3.255740E-12
6.980000E+01 3.066370E-12
6.990000E+01 2.989369E-12
7.000000E+01 2.973938E-12
7.010000E+01 2.899658E-12
7.020000E+01 2.801844E-12
7.030000E+01 2.675189E-12
7.040000E+01 2.566182E-12
7.050000E+01 2.561067E-12
7.060000E+01 2.518077E-12
7.070000E+01 2.399884E-12
7.080000E+01 2.312306E-12
7.090000E+01 2.240997E-12
7.100000E+01 2.188591E-12
7.110000E+01 2.169505E-12
7.120000E+01 2.092277E-12
7.130000E+01 1.981136E-12
7.140000E+01 1.942236E-12
7.150000E+01 1.903935E-12
7.160000E+01 1.851194E-12
7.170000E+01 1.811994E-12
7.180000E+01 1.731303E-12
7.190000E+01 1.662083E-12
7.200000E+01 1.647184E-12
7.210000E+01 1.611725E-12
7.220000E+01 1.548305E-12
7.230000E+01 1.506260E-12
7.240000E+01 1.450650E-12
7.250000E+01 1.405881E-12
7.260000E+01 1.397578E-12
7.270000E+01 1.350556E-12
7.280000E+01 1.290729E-12
7.290000E+01 1.261246E-12
7.300000E+01 1.227159E-12
7.310000E+01 1.192140E-12
7.320000E+01 1.174441E-12
7.330000E+01 1.131124E-12
7.340000E+01 1.078948E-12
7.350000E+01 1.067300E-12
7.360000E+01 1.041114E-12
7.370000E+01 1.004183E-12
7.380000E+01 9.870761E-13
7.390000E+01 9.486906E-13
7.400000E+01 9.098501E-13
7.410000E+01 9.054589E-13
7.420000E+01 8.842222E-13
7.430000E+01 8.436606E-13
7.440000E+01 8.304530E-13
7.450000E+01 8.003800E-13
7.460000E+01 7.698150E-13
7.470000E+01 7.750986E-13
7.480000E+01 7.475739E-13
7.490000E+01 7.070169E-13
7.500000E+01 7.011851E-13
7.510000E+01 6.816264E-13
7.520000E+01 6.586278E-13
7.530000E+01 6.607861E-13
7.540000E+01 6.278394E-13
7.550000E+01 5.930061E-13
7.560000E+01 6.032508E-13
7.570000E+01 5.858050E-13
7.580000E+01 5.608090E-13
7.590000E+01 5.584252E-13
7.600000E+01 5.277308E-13
7.610000E+01 5.092318E-13
7.620000E+01 5.239326E-13
7.630000E+01 5.004159E-13
7.640000E+01 4.718585E-13
7.650000E+01 4.742996E-13
7.660000E+01 4.526450E-13
7.670000E+01 4.431450E-13
7.680000E+01 4.525097E-13
7.690000E+01 4.208389E-13
7.700000E+01 3.999436E-13
7.710000E+01 4.098758E-13
7.720000E+01 3.950944E-13
7.730000E+01 3.834966E-13
7.740000E+01 3.840341E-13
7.750000E+01 3.550513E-13
7.760000E+01 3.463498E-13
7.770000E+01 3.616904E-13
7.780000E+01 3.420855E-13
7.790000E+01 3.255387E-13
7.800000E+01 3.249388E-13
7.810000E+01 3.087368E-13
7.820000E+01 3.072786E-13
7.830000E+01 3.151205E-13
7.840000E+01 2.902511E-13
7.850000E+01 2.749745E-13
7.860000E+01 2.851796E-13
7.870000E+01 2.750914E-13
7.880000E+01 2.680172E-13
7.890000E+01 2.682119E-13
7.900000E+01 2.470358E-13
7.910000E+01 2.415626E-13
7.920000E+01 2.555051E-13
7.930000E+01 2.417958E-13
7.940000E+01 2.266725E-13
7.950000E+01 2.311622E-13
7.960000E+01 2.184819E-13
7.970000E+01 2.158322E-13
7.980000E+01 2.271322E-13
7.990000E+01 2.063679E-13
8.000000E+01 1.939945E-13
8.010000E+01 2.068442E-13
8.020000E+01 1.972264E-13
8.030000E+01 1.906201E-13
8.040000E+01 1.979331E-13
8.050000E+01 1.772551E-13
8.060000E+01 1.723075E-13
8.070000E+01 1.911799E-13
8.080000E+01 1.747341E-13
8.090000E+01 1.648832E-13
8.100000E+01 1.739655E-13
8.110000E+01 1.579182E-13
8.120000E+01 1.595211E-13
8.130000E+01 1.737836E-13
8.140000E+01 1.503526E-13
8.150000E+01 1.443794E-13
8.160000E+01 1.600756E-13
8.170000E+01 1.450814E-13
8.180000E+01 1.456165E-13
8.190000E+01 1.537806E-13
8.200000E+01 1.305843E-13
8.210000E+01 1.346926E-13
8.220000E+01 1.500852E-13
8.230000E+01 1.307902E-13
8.240000E+01 1.301819E-13
8.250000E+01 1.376500E-13
8.260000E+01 1.201779E-13
8.270000E+01 1.285824E-13
8.280000E+01 1.377228E-13
8.290000E+01 1.155492E-13
8.300000E+01 1.190656E-13
8.310000E+01 1.278229E-13
8.320000E+01 1.137068E-13
8.330000E+01 1.206549E-13
8.340000E+01 1.233617E-13
8.350000E+01 1.047404E-13
8.360000E+01 1.130655E-13
8.370000E+01 1.210240E-13
8.380000E+01 1.064218E-13
8.390000E+01 1.103335E-13
8.400000E+01 1.117271E-13
8.410000E+01 9.989456E-14
8.420000E+01 1.093948E-13
8.430000E+01 1.125296E-13
8.440000E+01 9.770558E-14
8.450000E+01 1.014927E-13
8.460000E+01 1.058554E-13
8.470000E+01 9.779197E-14
8.480000E+01 1.026783E-13
8.490000E+01 1.026513E-13
8.500000E+01 9.147769E-14
8.510000E+01 9.697595E-14
8.520000E+01 1.021593E-13
8.530000E+01 9.324688E-14
8.540000E+01 9.369197E-14
8.550000E+01 9.605910E-14
8.560000E+01 8.910866E-14
8.570000E+01 9.282338E-14
8.580000E+01 9.708752E-14
8.590000E+01 8.698398E-14
8.600000E+01 8.678439E-14
8.610000E+01 9.325539E-14
8.620000E+01 8.680983E-14
8.630000E+01 8.681172E-14
8.640000E+01 9.163826E-14
8.650000E+01 8.184749E-14
8.660000E+01 8.235320E-14
8.670000E+01 9.185596E-14
8.680000E+01 8.229249E-14
8.690000E+01 7.998707E-14
8.700000E+01 8.787268E-14
8.710000E+01 7.830217E-14
8.720000E+01 7.934758E-14
8.730000E+01 8.931062E-14
8.740000E+01 7.583599E-14
8.750000E+01 7.478005E-14
8.760000E+01 8.684619E-14
8.770000E+01 7.494071E-14
8.780000E+01 7.548436E-14
8.790000E+01 8.556344E-14
8.800000E+01 7.001686E-14
8.810000E+01 7.302661E-14
8.820000E+01 8.609225E-14
8.830000E+01 6.952550E-14
8.840000E+01 7.157175E-14
8.850000E+01 8.291369E-14
8.860000E+01 6.622221E-14
8.870000E+01 7.222491E-14
8.880000E+01 8.338737E-14
8.890000E+01 6.347840E-14
8.900000E+01 6.993988E-14
8.910000E+01 8.136128E-14
8.920000E+01 6.249677E-14
8.930000E+01 7.103207E-14
8.940000E+01 7.964282E-14
8.950000E+01 5.893784E-14
8.960000E+01 7.015695E-14
8.970000E+01 7.917818E-14
8.980000E+01 5.840554E-14
8.990000E+01 6.987704E-14
9.000000E+01 7.612112E-14
9.010000E+01 5.608394E-14
9.020000E+01 7.092837E-14
9.030000E+01 7.560960E-14
9.040000E+01 5.443530E-14
9.050000E+01 6.964513E-14
9.060000E+01 7.318192E-14
9.070000E+01 5.428417E-14
9.080000E+01 7.081788E-14
9.090000E+01 7.098658E-14
9.100000E+01 5.206614E-14
9.110000E+01 7.041419E-14
9.120000E+01 7.003744E-14
9.130000E+01 5.224398E-14
9.140000E+01 7.002484E-14
9.150000E+01 6.696927E-14
9.160000E+01 5.141326E-14
9.170000E+01 7.072103E-14
9.180000E+01 6.577902E-14
9.190000E+01 5.068291E-14
9.200000E+01 6.950422E-14
9.210000E+01 6.364084E-14
9.220000E+01 5.106922E-14
9.230000E+01 6.978491E-14
9.240000E+01 6.144409E-14
9.250000E+01 5.006759E-14
9.260000E+01 6.902283E-14
9.270000E+01 6.010500E-14
9.280000E+01 5.062947E-14
9.290000E+01 6.808895E-14
9.300000E+01 5.747987E-14
9.310000E+01 5.033655E-14
9.320000E+01 6.781018E-14
9.330000E+01 5.628065E-14
9.340000E+01 5.012137E-14
9.350000E+01 6.606721E-14
9.360000E+01 5.427887E-14
9.370000E+01 5.084963E-14
9.380000E+01 6.539737E-14
9.390000E+01 5.235562E-14
9.400000E+01 5.029687E-14
9.410000E+01 6.388288E-14
9.420000E+01 5.151261E-14
9.430000E+01 5.079878E-14
9.440000E+01 6.208637E-14
9.450000E+01 4.962557E-14
9.460000E+01 5.084307E-14
9.470000E+01 6.101872E-14
9.480000E+01 4.879360E-14
9.490000E+01 5.058809E-14
9.500000E+01 5.889101E-14
9.510000E+01 4.789760E-14
9.520000E+01 5.087547E-14
9.530000E+01 5.747572E-14
9.540000E+01 4.694371E-14
9.550000E+01 5.031732E-14
9.560000E+01 5.581697E-14
9.570000E+01 4.660988E-14
9.580000E+01 5.033411E-14
9.590000E+01 5.404895E-14
9.600000E+01 4.581442E-14
9.610000E+01 4.988262E-14
9.620000E+01 5.277491E-14
9.630000E+01 4.580096E-14
9.640000E+01 4.927645E-14
9.650000E+01 5.096734E-14
9.660000E+01 4.547309E-14
9.670000E+01 4.909337E-14
9.680000E+01 4.987153E-14
9.690000E+01 4.521440E-14
9.700000E+01 4.812282E-14
9.710000E+01 4.854910E-14
9.720000E+01 4.564461E-14
9.730000E+01 4.759328E-14
9.740000E+01 4.726087E-14
9.750000E+01 4.544501E-14
9.760000E+01 4.681976E-14
9.770000E+01 4.669145E-14
9.780000E+01 4.573927E-14
9.790000E+01 4.575435E-14
9.800000E+01 4.571591E-14
9.810000E+01 4.606329E-14
9.820000E+01 4.502297E-14
9.830000E+01 4.530326E-14
9.840000E+01 4.612041E-14
9.850000E+01 4.383477E-14
9.860000E+01 4.512183E-14
9.870000E+01 4.638258E-14
9.880000E+01 4.293187E-14
9.890000E+01 4.493384E-14
9.900000E+01 4.628919E-14
9.910000E+01 4.194799E-14
9.920000E+01 4.514025E-14
9.930000E+01 4.635154E-14
9.940000E+01 4.088998E-14
9.950000E+01 4.525220E-14
9.960000E+01 4.606786E-14
9.970000E+01 4.016899E-14
9.980000E+01 4.572564E-14
9.990000E+01 4.558770E-14
1.000000E+02 3.921976E-14
1.001000E+02 4.606253E-14
1.002000E+02 4.529776E-14
1.003000E+02 3.859396E-14
1.004000E+02 4.638297E-14
1.005000E+02 4.448355E-14
1.006000E+02 3.798488E-14
1.007000E+02 4.704363E-14
1.008000E+02 4.373394E-14
1.009000E+02 3.737439E-14
1.010000E+02 4.732578E-14
1.011000E+02 4.291192E-14
1.012000E+02 3.712264E-14
1.013000E+02 4.774678E-14
1.014000E+02 4.181228E-14
1.015000E+02 3.673195E-14
1.016000E+02 4.821613E-14
1.017000E+02 4.075215E-14
1.018000E+02 3.661766E-14
1.019000E+02 4.844880E-14
1.020000E+02 3.945699E-14
1.021000E+02 3.667302E-14
1.022000E+02 4.868826E-14
1.023000E+02 3.820712E-14
1.024000E+02 3.675043E-14
1.025000E+02 4.871329E-14
1.026000E+02 3.682914E-14
1.027000E+02 3.709824E-14
1.028000E+02 4.867952E-14
1.029000E+02 3.535630E-14
1.030000E+02 3.745490E-14
1.031000E+02 4.834407E-14
1.032000E+02 3.406421E-14
1.033000E+02 3.799117E-14
1.034000E+02 4.775702E-14
1.035000E+02 3.263342E-14
1.036000E+02 3.852798E-14
1.037000E+02 4.713571E-14
1.038000E+02 3.133794E-14
1.039000E+02 3.902971E-14
1.040000E+02 4.610688E-14
1.041000E+02 3.015781E-14
1.042000E+02 3.965001E-14
1.043000E+02 4.495256E-14
1.044000E+02 2.899319E-14
1.045000E+02 4.006489E-14
1.046000E+02 4.370953E-14
1.047000E+02 2.800944E-14
1.048000E+02 4.047368E-14
1.049000E+02 4.223721E-14
1.050000E+02 2.704445E-14
1.051000E+02 4.084957E-14
1.052000E+02 4.070965E-14
1.053000E+02 2.623895E-14
1.054000E+02 4.106369E-14
1.055000E+02 3.906288E-14
1.056000E+02 2.551458E-14
1.057000E+02 4.126730E-14
1.058000E+02 3.740031E-14
1.059000E+02 2.483502E-14
1.060000E+02 4.135708E-14
1.061000E+02 3.563304E-14
1.062000E+02 2.435412E-14
1.063000E+02 4.141129E-14
1.064000E+02 3.378508E-14
1.065000E+02 2.390729E-14
1.066000E+02 4.136038E-14
1.067000E+02 3.200245E-14
1.068000E+02 2.360311E-14
1.069000E+02 4.118446E-14
1.070000E+02 3.009968E-14
1.071000E+02 2.344468E-14
1.072000E+02 4.097721E-14
1.073000E+02 2.821261E-14
1.074000E+02 2.336118E-14
1.075000E+02 4.056755E-14
1.076000E+02 2.639723E-14
1.077000E+02 2.342745E-14
1.078000E+02 4.004379E-14
1.079000E+02 2.457883E-14
1.080000E+02 2.355062E-14
1.081000E+02 3.941328E-14
1.082000E+02 2.285741E-14
1.083000E+02 2.377295E-14
1.084000E+02 3.860404E-14
1.085000E+02 2.122717E-14
1.086000E+02 2.403908E-14
1.087000E+02 3.770476E-14
1.088000E+02 1.974353E-14
1.089000E+02 2.430570E-14
1.090000E+02 3.669056E-14
1.091000E+02 1.836546E-14
1.092000E+02 2.463470E-14
1.093000E+02 3.562329E-14
1.094000E+02 1.710892E-14
1.095000E+02 2.491994E-14
1.096000E+02 3.449757E-14
1.097000E+02 1.605031E-14
1.098000E+02 2.520859E-14
1.099000E+02 3.333037E-14
1.100000E+02 1.506732E-14
1.101000E+02 2.551066E-14
1.102000E+02 3.220500E-14
1.103000E+02 1.421504E-14
1.104000E+02 2.577863E-14
1.105000E+02 3.104373E-14
1.106000E+02 1.352204E-14
1.107000E+02 2.606626E-14
1.108000E+02 2.989971E-14
1.109000E+02 1.290951E-14
1.110000E+02 2.634065E-14
1.111000E+02 2.879684E-14
1.112000E+02 1.241624E-14
1.113000E+02 2.661875E-14
1.114000E+02 2.767871E-14
1.115000E+02 1.204251E-14
1.116000E+02 2.688375E-14
1.117000E+02 2.658337E-14
1.118000E+02 1.178872E-14
1.119000E+02 2.711081E-14
1.120000E+02 2.550465E-14
1.121000E+02 1.162317E-14
1.122000E+02 2.732263E-14
1.123000E+02 2.445515E-14
1.124000E+02 1.155299E-14
1.125000E+02 2.745908E-14
1.126000E+02 2.342590E-14
1.127000E+02 1.159969E-14
1.128000E+02 2.753485E-14
1.129000E+02 2.243281E-14
1.130000E+02 1.167621E-14
1.131000E+02 2.755268E-14
1.132000E+02 2.151498E-14
1.133000E+02 1.180025E-14
1.134000E+02 2.748615E-14
1.135000E+02 2.062244E-14
1.136000E+02 1.197585E-14
1.137000E+02 2.736946E-14
1.138000E+02 1.978573E-14
1.139000E+02 1.213477E-14
1.140000E+02 2.719752E-14
1.141000E+02 1.901630E-14
1.142000E+02 1.229174E-14
1.143000E+02 2.699213E-14
1.144000E+02 1.826063E-14
1.145000E+02 1.245496E-14
1.146000E+02 2.676064E-14
1.147000E+02 1.753100E-14
1.148000E+02 1.262054E-14
1.149000E+02 2.649634E-14
1.150000E+02 1.682288E-14
1.151000E+02 1.278305E-14
1.152000E+02 2.621931E-14
1.153000E+02 1.612049E-14
1.154000E+02 1.296915E-14
1.155000E+02 2.590035E-14
1.156000E+02 1.541332E-14
1.157000E+02 1.320691E-14
1.158000E+02 2.553108E-14
1.159000E+02 1.472106E-14
1.160000E+02 1.346144E-14
1.161000E+02 2.510150E-14
1.162000E+02 1.406857E-14
1.163000E+02 1.375160E-14
1.164000E+02 2.458540E-14
1.165000E+02 1.343848E-14
1.166000E+02 1.408470E-14
1.167000E+02 2.397979E-14
1.168000E+02 1.287249E-14
1.169000E+02 1.441060E-14
1.170000E+02 2.326911E-14
1.171000E+02 1.240267E-14
1.172000E+02 1.471428E-14
1.173000E+02 2.246576E-14
1.174000E+02 1.201281E-14
1.175000E+02 1.497741E-14
1.176000E+02 2.158084E-14
1.177000E+02 1.172458E-14
1.178000E+02 1.516558E-14
1.179000E+02 2.062391E-14
1.180000E+02 1.154831E-14
1.181000E+02 1.524255E-14
1.182000E+02 1.963603E-14
1.183000E+02 1.146605E-14
1.184000E+02 1.519988E-14
1.185000E+02 1.863885E-14
1.186000E+02 1.145468E-14
1.187000E+02 1.504105E-14
1.188000E+02 1.765983E-14
1.189000E+02 1.150655E-14
1.190000E+02 1.474360E-14
1.191000E+02 1.672963E-14
1.192000E+02 1.160655E-14
1.193000E+02 1.432889E-14
1.194000E+02 1.586680E-14
1.195000E+02 1.171015E-14
1.196000E+02 1.383101E-14
1.197000E+02 1.508824E-14
1.198000E+02 1.181414E-14
1.199000E+02 1.325666E-14
1.200000E+02 1.439322E-14
1.201000E+02 1.192050E-14
1.202000E+02 1.263623E-14
1.203000E+02 1.378919E-14
1.204000E+02 1.200422E-14
1.205000E+02 1.200498E-14
1.206000E+02 1.327395E-14
1.207000E+02 1.207467E-14
1.208000E+02 1.138125E-14
1.209000E+02 1.283131E-14
1.210000E+02 1.215347E-14
1.211000E+02 1.077263E-14
1.212000E+02 1.246258E-14
1.213000E+02 1.224496E-14
1.214000E+02 1.019261E-14
1.215000E+02 1.216400E-14
1.216000E+02 1.235391E-14
1.217000E+02 9.649231E-15
1.218000E+02 1.192949E-14
1.219000E+02 1.250169E-14
1.220000E+02 9.124792E-15
1.221000E+02 1.176017E-14
1.222000E+02 1.269842E-14
1.223000E+02 8.614228E-15
1.224000E+02 1.166361E-14
1.225000E+02 1.292739E-14
1.226000E+02 8.115101E-15
1.227000E+02 1.164763E-14
1.228000E+02 1.318984E-14
1.229000E+02 7.609019E-15
1.230000E+02 1.171129E-14
1.231000E+02 1.348218E-14
1.232000E+02 7.090058E-15
1.233000E+02 1.186613E-14
1.234000E+02 1.377250E-14
1.235000E+02 6.560103E-15
1.236000E+02 1.211969E-14
1.237000E+02 1.404204E-14
1.238000E+02 6.021037E-15
1.239000E+02 1.246349E-14
1.240000E+02 1.427886E-14
1.241000E+02 5.477703E-15
1.242000E+02 1.289644E-14
1.243000E+02 1.445863E-14
1.244000E+02 4.944067E-15
1.245000E+02 1.341361E-14
1.246000E+02 1.456083E-14
1.247000E+02 4.438570E-15
1.248000E+02 1.399797E-14
1.249000E+02 1.458395E-14
1.250000E+02 3.971752E-15
1.251000E+02 1.463101E-14
1.252000E+02 1.452809E-14
1.253000E+02 3.559282E-15
1.254000E+02 1.529977E-14
1.255000E+02 1.438745E-14
1.256000E+02 3.215937E-15
1.257000E+02 1.598840E-14
1.258000E+02 1.417675E-14
1.259000E+02 2.946491E-15
1.260000E+02 1.667494E-14
1.261000E+02 1.391567E-14
1.262000E+02 2.755547E-15
1.263000E+02 1.735202E-14
1.264000E+02 1.361216E-14
1.265000E+02 2.643080E-15
1.266000E+02 1.801642E-14
1.267000E+02 1.328427E-14
1.268000E+02 2.605341E-15
1.269000E+02 1.865856E-14
1.270000E+02 1.295258E-14
1.271000E+02 2.636290E-15
1.272000E+02 1.928199E-14
1.273000E+02 1.262560E-14
1.274000E+02 2.727603E-15
1.275000E+02 1.989664E-14
1.276000E+02 1.230857E-14
1.277000E+02 2.873883E-15
1.278000E+02 2.050610E-14
1.279000E+02 1.200813E-14
1.280000E+02 3.069954E-15
1.281000E+02 2.111571E-14
1.282000E+02 1.172301E-14
1.283000E+02 3.312472E-15
1.284000E+02 2.173522E-14
1.285000E+02 1.144369E-14
1.286000E+02 3.601646E-15
1.287000E+02 2.236691E-14
1.288000E+02 1.116489E-14
1.289000E+02 3.940465E-15
1.290000E+02 2.300420E-14
1.291000E+02 1.088029E-14
1.292000E+02 4.333099E-15
1.293000E+02 2.364326E-14
1.294000E+02 1.057959E-14
1.295000E+02 4.782087E-15
1.296000E+02 2.427472E-14
1.297000E+02 1.025907E-14
1.298000E+02 5.291812E-15
1.299000E+02 2.487988E-14
1.300000E+02 9.918436E-15
1.301000E+02 5.864120E-15
1.302000E+02 2.544351E-14
1.303000E+02 9.558367E-15
1.304000E+02 6.495164E-15
1.305000E+02 2.595076E-14
1.306000E+02 9.183804E-15
1.307000E+02 7.180784E-15
1.308000E+02 2.638369E-14
1.309000E+02 8.803396E-15
1.310000E+02 7.913291E-15
1.311000E+02 2.672870E-14
1.312000E+02 8.427266E-15
1.313000E+02 8.680010E-15
1.314000E+02 2.697817E-14
1.315000E+02 8.065510E-15
1.316000E+02 9.467080E-15
1.317000E+02 2.712693E-14
1.318000E+02 7.729641E-15
1.319000E+02 1.026018E-14
1.320000E+02 2.717360E-14
1.321000E+02 7.430053E-15
1.322000E+02 1.104378E-14
1.323000E+02 2.712462E-14
1.324000E+02 7.174357E-15
1.325000E+02 1.180247E-14
1.326000E+02 2.698985E-14
1.327000E+02 6.969149E-15
1.328000E+02 1.252480E-14
1.329000E+02 2.678075E-14
1.330000E+02 6.818048E-15
1.331000E+02 1.320166E-14
1.332000E+02 2.651369E-14
1.333000E+02 6.722132E-15
1.334000E+02 1.382589E-14
1.335000E+02 2.620589E-14
1.336000E+02 6.680945E-15
1.337000E+02 1.439573E-14
1.338000E+02 2.587336E-14
1.339000E+02 6.691799E-15
1.340000E+02 1.491263E-14
1.341000E+02 2.553241E-14
1.342000E+02 6.751058E-15
1.343000E+02 1.537985E-14
1.344000E+02 2.519768E-14
1.345000E+02 6.854523E-15
1.346000E+02 1.580384E-14
1.347000E+02 2.488057E-14
1.348000E+02 6.997447E-15
1.349000E+02 1.619291E-14
1.350000E+02 2.459003E-14
1.351000E+02 7.174918E-15
1.352000E+02 1.655547E-14
1.353000E+02 2.433243E-14
1.354000E+02 7.382749E-15
1.355000E+02 1.689993E-14
1.356000E+02 2.411011E-14
1.357000E+02 7.617509E-15
1.358000E+02 1.723472E-14
1.359000E+02 2.392283E-14
1.360000E+02 7.875780E-15
1.361000E+02 1.756621E-14
1.362000E+02 2.376868E-14
1.363000E+02 8.155736E-15
1.364000E+02 1.789866E-14
1.365000E+02 2.364255E-14
1.366000E+02 8.456725E-15
1.367000E+02 1.823491E-14
1.368000E+02 2.353858E-14
1.369000E+02 8.777901E-15
1.370000E+02 1.857439E-14
1.371000E+02 2.345152E-14
1.372000E+02 9.119327E-15
1.373000E+02 1.891416E-14
1.374000E+02 2.337498E-14
1.375000E+02 9.481275E-15
1.376000E+02 1.925008E-14
1.377000E+02 2.330344E-14
1.378000E+02 9.863058E-15
1.379000E+02 1.957540E-14
1.380000E+02 2.323370E-14
1.381000E+02 1.026329E-14
1.382000E+02 1.988229E-14
1.383000E+02 2.316285E-14
1.384000E+02 1.067967E-14
1.385000E+02 2.016373E-14
1.386000E+02 2.308855E-14
1.387000E+02 1.110876E-14
1.388000E+02 2.041231E-14
1.389000E+02 2.301063E-14
1.390000E+02 1.154614E-14
1.391000E+02 2.062079E-14
1.392000E+02 2.292960E-14
1.393000E+02 1.198692E-14
1.394000E+02 2.078443E-14
1.395000E+02 2.284536E-14
1.396000E+02 1.242587E-14
1.397000E+02 2.089988E-14
1.398000E+02 2.275924E-14
1.399000E+02 1.285825E-14
1.400000E+02 2.096397E-14
1.401000E+02 2.267354E-14
1.402000E+02 1.328002E-14
1.403000E+02 2.097613E-14
1.404000E+02 2.258994E-14
1.405000E+02 1.368752E-14
1.406000E+02 2.093787E-14
1.407000E+02 2.251105E-14
1.408000E+02 1.407857E-14
1.409000E+02 2.085040E-14
1.410000E+02 2.244079E-14
1.411000E+02 1.445219E-14
1.412000E+02 2.071656E-14
1.413000E+02 2.238312E-14
1.414000E+02 1.480758E-14
1.415000E+02 2.054122E-14
1.416000E+02 2.234220E-14
1.417000E+02 1.514496E-14
1.418000E+02 2.032890E-14
1.419000E+02 2.232318E-14
1.420000E+02 1.546558E-14
1.421000E+02 2.008418E-14
1.422000E+02 2.233134E-14
1.423000E+02 1.577029E-14
1.424000E+02 1.981309E-14
1.425000E+02 2.237151E-14
1.426000E+02 1.605978E-14
1.427000E+02 1.952137E-14
1.428000E+02 2.244873E-14
1.429000E+02 1.633518E-14
1.430000E+02 1.921364E-14
1.431000E+02 2.256810E-14
1.432000E+02 1.659670E-14
1.433000E+02 1.889528E-14
1.434000E+02 2.273402E-14
1.435000E+02 1.684315E-14
1.436000E+02 1.857207E-14
1.437000E+02 2.295046E-14
1.438000E+02 1.707302E-14
1.439000E+02 1.824888E-14
1.440000E+02 2.322094E-14
1.441000E+02 1.728398E-14
1.442000E+02 1.793136E-14
1.443000E+02 2.354787E-14
1.444000E+02 1.747206E-14
1.445000E+02 1.762661E-14
1.446000E+02 2.393215E-14
1.447000E+02 1.763316E-14
1.448000E+02 1.734170E-14
1.449000E+02 2.437320E-14
1.450000E+02 1.776366E-14
1.451000E+02 1.708408E-14
1.452000E+02 2.486862E-14
1.453000E+02 1.785979E-14
1.454000E+02 1.686237E-14
1.455000E+02 2.541384E-14
1.456000E+02 1.791858E-14
1.457000E+02 1.668491E-14
1.458000E+02 2.600245E-14
1.459000E+02 1.793915E-14
1.460000E+02 1.655875E-14
1.461000E+02 2.662658E-14
1.462000E+02 1.792193E-14
1.463000E+02 1.649046E-14
1.464000E+02 2.727708E-14
1.465000E+02 1.786839E-14
1.466000E+02 1.648534E-14
1.467000E+02 2.794404E-14
1.468000E+02 1.778219E-14
1.469000E+02 1.654616E-14
1.470000E+02 2.861739E-14
1.471000E+02 1.766850E-14
1.472000E+02 1.667391E-14
1.473000E+02 2.928746E-14
1.474000E+02 1.753280E-14
1.475000E+02 1.686816E-14
1.476000E+02 2.994532E-14
1.477000E+02 1.738171E-14
1.478000E+02 1.712605E-14
1.479000E+02 3.058312E-14
1.480000E+02 1.722285E-14
1.481000E+02 1.744282E-14
1.482000E+02 3.119471E-14
1.483000E+02 1.706337E-14
1.484000E+02 1.781276E-14
1.485000E+02 3.177597E-14
1.486000E+02 1.691009E-14
1.487000E+02 1.822881E-14
1.488000E+02 3.232473E-14
1.489000E+02 1.676983E-14
1.490000E+02 1.868281E-14
1.491000E+02 3.284111E-14
1.492000E+02 1.664798E-14
1.493000E+02 1.916671E-14
1.494000E+02 3.332770E-14
1.495000E+02 1.654794E-14
1.496000E+02 1.967292E-14
1.497000E+02 3.378881E-14
1.498000E+02 1.647177E-14
1.499000E+02 2.019451E-14
1.500000E+02 3.422996E-14
1.501000E+02 1.641948E-14
1.502000E+02 2.072619E-14
1.503000E+02 3.465757E-14
1.504000E+02 1.638858E-14
1.505000E+02 2.126472E-14
1.506000E+02 3.507789E-14
1.507000E+02 1.637506E-14
1.508000E+02 2.180883E-14
1.509000E+02 3.549584E-14
1.510000E+02 1.637400E-14
1.511000E+02 2.235920E-14
1.512000E+02 3.591484E-14
1.513000E+02 1.637944E-14
1.514000E+02 2.291830E-14
1.515000E+02 3.633624E-14
1.516000E+02 1.638549E-14
1.517000E+02 2.348980E-14
1.518000E+02 3.675875E-14
1.519000E+02 1.638730E-14
1.520000E+02 2.407784E-14
1.521000E+02 3.717880E-14
1.522000E+02 1.638105E-14
1.523000E+02 2.468657E-14
1.524000E+02 3.759108E-14
1.525000E+02 1.636437E-14
1.526000E+02 2.531957E-14
1.527000E+02 3.798866E-14
1.528000E+02 1.633687E-14
1.529000E+02 2.597938E-14
1.530000E+02 3.836364E-14
1.531000E+02 1.630007E-14
1.532000E+02 2.666722E-14
1.533000E+02 3.870814E-14
1.534000E+02 1.625699E-14
1.535000E+02 2.738288E-14
1.536000E+02 3.901464E-14
1.537000E+02 1.621236E-14
1.538000E+02 2.812466E-14
1.539000E+02 3.927640E-14
1.540000E+02 1.617233E-14
1.541000E+02 2.888937E-14
1.542000E+02 3.948826E-14
1.543000E+02 1.614388E-14
1.544000E+02 2.967242E-14
1.545000E+02 3.964687E-14
1.546000E+02 1.613453E-14
1.547000E+02 3.046806E-14
1.548000E+02 3.975085E-14
1.549000E+02 1.615198E-14
1.550000E+02 3.126949E-14
1.551000E+02 3.980107E-14
1.552000E+02 1.620343E-14
1.553000E+02 3.206916E-14
1.554000E+02 3.980072E-14
1.555000E+02 1.629498E-14
1.556000E+02 3.285920E-14
1.557000E+02 3.975500E-14
1.558000E+02 1.643131E-14
1.559000E+02 3.363179E-14
1.560000E+02 3.967084E-14
1.561000E+02 1.661516E-14
1.562000E+02 3.437958E-14
1.563000E+02 3.955659E-14
1.564000E+02 1.684700E-14
1.565000E+02 3.509627E-14
1.566000E+02 3.942127E-14
1.567000E+02 1.712511E-14
1.568000E+02 3.577688E-14
1.569000E+02 3.927392E-14
1.570000E+02 1.744566E-14
1.571000E+02 3.641804E-14
1.572000E+02 3.912309E-14
1.573000E+02 1.780301E-14
1.574000E+02 3.701819E-14
1.575000E+02 3.897618E-14
1.576000E+02 1.819020E-14
1.577000E+02 3.757751E-14
1.578000E+02 3.883896E-14
1.579000E+02 1.859954E-14
1.580000E+02 3.809776E-14
1.581000E+02 3.871539E-14
1.582000E+02 1.902314E-14
1.583000E+02 3.858201E-14
1.584000E+02 3.860744E-14
1.585000E+02 1.945341E-14
1.586000E+02 3.903436E-14
1.587000E+02 3.851511E-14
1.588000E+02 1.988357E-14
1.589000E+02 3.945955E-14
1.590000E+02 3.843655E-14
1.591000E+02 2.030798E-14
1.592000E+02 3.986251E-14
1.593000E+02 3.836832E-14
1.594000E+02 2.072236E-14
1.595000E+02 4.024816E-14
1.596000E+02 3.830551E-14
1.597000E+02 2.112402E-14
1.598000E+02 4.062089E-14
1.599000E+02 3.824206E-14
1.600000E+02 2.151192E-14
1.601000E+02 4.098421E-14
1.602000E+02 3.817109E-14
1.603000E+02 2.188668E-14
1.604000E+02 4.134043E-14
1.605000E+02 3.808512E-14
1.606000E+02 2.225054E-14
1.607000E+02 4.169022E-14
1.608000E+02 3.797649E-14
1.609000E+02 2.260719E-14
1.610000E+02 4.203225E-14
1.611000E+02 3.783784E-14
1.612000E+02 2.296147E-14
1.613000E+02 4.236294E-14
1.614000E+02 3.766260E-14
1.615000E+02 2.331898E-14
1.616000E+02 4.267641E-14
1.617000E+02 3.744542E-14
1.618000E+02 2.368561E-14
1.619000E+02 4.296444E-14
1.620000E+02 3.718282E-14
1.621000E+02 2.406694E-14
1.622000E+02 4.321674E-14
1.623000E+02 3.687346E-14
1.624000E+02 2.446766E-14
1.625000E+02 4.342158E-14
1.626000E+02 3.651849E-14
1.627000E+02 2.489106E-14
1.628000E+02 4.356627E-14
1.629000E+02 3.612167E-14
1.630000E+02 2.533859E-14
1.631000E+02 4.363800E-14
1.632000E+02 3.568931E-14
1.633000E+02 2.580953E-14
1.634000E+02 4.362472E-14
1.635000E+02 3.522999E-14
1.636000E+02 2.630090E-14
1.637000E+02 4.351588E-14
1.638000E+02 3.475423E-14
1.639000E+02 2.680750E-14
1.640000E+02 4.330312E-14
1.641000E+02 3.427399E-14
1.642000E+02 2.732212E-14
1.643000E+02 4.298085E-14
1.644000E+02 3.380206E-14
1.645000E+02 2.783579E-14
1.646000E+02 4.254666E-14
1.647000E+02 3.335152E-14
1.648000E+02 2.833826E-14
1.649000E+02 4.200145E-14
1.650000E+02 3.293513E-14
1.651000E+02 2.881841E-14
1.652000E+02 4.134945E-14
1.653000E+02 3.256481E-14
1.654000E+02 2.926467E-14
1.655000E+02 4.059821E-14
1.656000E+02 3.225109E-14
1.657000E+02 2.966550E-14
1.658000E+02 3.975821E-14
1.659000E+02 3.200275E-14
1.660000E+02 3.000983E-14
1.661000E+02 3.884251E-14
1.662000E+02 3.182639E-14
1.663000E+02 3.028746E-14
1.664000E+02 3.786636E-14
1.665000E+02 3.172616E-14
1.666000E+02 3.048946E-14
1.667000E+02 3.684662E-14
1.668000E+02 3.170362E-14
1.669000E+02 3.060859E-14
1.670000E+02 3.580113E-14
1.671000E+02 3.175771E-14
1.672000E+02 3.063960E-14
1.673000E+02 3.474811E-14
1.674000E+02 3.188478E-14
1.675000E+02 3.057948E-14
1.676000E+02 3.370550E-14
1.677000E+02 3.207890E-14
1.678000E+02 3.042766E-14
1.679000E+02 3.269026E-14
1.680000E+02 3.233220E-14
1.681000E+02 3.018607E-14
1.682000E+02 3.171787E-14
1.683000E+02 3.263543E-14
1.684000E+02 2.985900E-14
1.685000E+02 3.080185E-14
1.686000E+02 3.297845E-14
1.687000E+02 2.945290E-14
1.688000E+02 2.995344E-14
1.689000E+02 3.335087E-14
1.690000E+02 2.897611E-14
1.691000E+02 2.918143E-14
1.692000E+02 3.374258E-14
1.693000E+02 2.843837E-14
1.694000E+02 2.849225E-14
1.695000E+02 3.414419E-14
1.696000E+02 2.785040E-14
1.697000E+02 2.789006E-14
1.698000E+02 3.454740E-14
1.699000E+02 2.722353E-14
1.700000E+02 2.737704E-14
1.701000E+02 3.494515E-14
1.702000E+02 2.656929E-14
1.703000E+02 2.695366E-14
1.704000E+02 3.533172E-14
1.705000E+02 2.589911E-14
1.706000E+02 2.661901E-14
1.707000E+02 3.570268E-14
1.708000E+02 2.522415E-14
1.709000E+02 2.637098E-14
1.710000E+02 3.605478E-14
1.711000E+02 2.455514E-14
1.712000E+02 2.620638E-14
1.713000E+02 3.638590E-14
1.714000E+02 2.390223E-14
1.715000E+02 2.612110E-14
1.716000E+02 3.669486E-14
1.717000E+02 2.327491E-14
1.718000E+02 2.610998E-14
1.719000E+02 3.698146E-14
1.720000E+02 2.268184E-14
1.721000E+02 2.616685E-14
1.722000E+02 3.724642E-14
1.723000E+02 2.213060E-14
1.724000E+02 2.628456E-14
1.725000E+02 3.749141E-14
1.726000E+02 2.162741E-14
1.727000E+02 2.645500E-14
1.728000E+02 3.771907E-14
1.729000E+02 2.117683E-14
1.730000E+02 2.666935E-14
1.731000E+02 3.793292E-14
1.732000E+02 2.078143E-14
1.733000E+02 2.691834E-14
1.734000E+02 3.813730E-14
1.735000E+02 2.044152E-14
1.736000E+02 2.719275E-14
1.737000E+02 3.833711E-14
1.738000E+02 2.015504E-14
1.739000E+02 2.748376E-14
1.740000E+02 3.853749E-14
1.741000E+02 1.991753E-14
1.742000E+02 2.778351E-14
1.743000E+02 3.874340E-14
1.744000E+02 1.972237E-14
1.745000E+02 2.808548E-14
1.746000E+02 3.895920E-14
1.747000E+02 1.956111E-14
1.748000E+02 2.838479E-14
1.749000E+02 3.918819E-14
1.750000E+02 1.942402E-14
1.751000E+02 2.867831E-14
1.752000E+02 3.943225E-14
1.753000E+02 1.930072E-14
1.754000E+02 2.896466E-14
1.755000E+02 3.969162E-14
1.756000E+02 1.918083E-14
1.757000E+02 2.924399E-14
1.758000E+02 3.996477E-14
1.759000E+02 1.905457E-14
1.760000E+02 2.951764E-14
1.761000E+02 4.024849E-14
1.762000E+02 1.891338E-14
1.763000E+02 2.978773E-14
1.764000E+02 4.053816E-14
1.765000E+02 1.875019E-14
1.766000E+02 3.005677E-14
1.767000E+02 4.082809E-14
1.768000E+02 1.855975E-14
1.769000E+02 3.032723E-14
1.770000E+02 4.111195E-14
1.771000E+02 1.833863E-14
1.772000E+02 3.060124E-14
1.773000E+02 4.138328E-14
1.774000E+02 1.808509E-14
1.775000E+02 3.088047E-14
1.776000E+02 4.163592E-14
1.777000E+02 1.779893E-14
1.778000E+02 3.116601E-14
1.779000E+02 4.186437E-14
1.780000E+02 1.748117E-14
1.781000E+02 3.145848E-14
1.782000E+02 4.206402E-14
1.783000E+02 1.713378E-14
1.784000E+02 3.175815E-14
1.785000E+02 4.223128E-14
1.786000E+02 1.675938E-14
1.787000E+02 3.206513E-14
1.788000E+02 4.236360E-14
1.789000E+02 1.636111E-14
1.790000E+02 3.237955E-14
1.791000E+02 4.245932E-14
1.792000E+02 1.594243E-14
1.793000E+02 3.270166E-14
1.794000E+02 4.251759E-14
1.795000E+02 1.550713E-14
1.796000E+02 3.303194E-14
1.797000E+02 4.253817E-14
1.798000E+02 1.505927E-14
1.799000E+02 3.337102E-14
1.800000E+02 4.252126E-14
1.801000E+02 1.460326E-14
1.802000E+02 3.371959E-14
1.803000E+02 4.246745E-14
1.804000E+02 1.414378E-14
1.805000E+02 3.407827E-14
1.806000E+02 4.237771E-14
1.807000E+02 1.368582E-14
1.808000E+02 3.444743E-14
1.809000E+02 4.225334E-14
1.810000E+02 1.323456E-14
1.811000E+02 3.482705E-14
1.812000E+02 4.209615E-14
1.813000E+02 1.279520E-14
1.814000E+02 3.521666E-14
1.815000E+02 4.190849E-14
1.816000E+02 1.237277E-14
1.817000E+02 3.561528E-14
1.818000E+02 4.169339E-14
1.819000E+02 1.197186E-14
1.820000E+02 3.602156E-14
1.821000E+02 4.145454E-14
1.822000E+02 1.159640E-14
1.823000E+02 3.643397E-14
1.824000E+02 4.119630E-14
1.825000E+02 1.124945E-14
1.826000E+02 3.685097E-14
1.827000E+02 4.092356E-14
1.828000E+02 1.093301E-14
1.829000E+02 3.727137E-14
1.830000E+02 4.064155E-14
1.831000E+02 1.064801E-14
1.832000E+02 3.769451E-14
1.833000E+02 4.035557E-14
1.834000E+02 1.039435E-14
1.835000E+02 3.812058E-14
1.836000E+02 4.007065E-14
1.837000E+02 1.017102E-14
1.838000E+02 3.855069E-14
1.839000E+02 3.979123E-14
1.840000E+02 9.976408E-15
1.841000E+02 3.898695E-14
1.842000E+02 3.952089E-14
1.843000E+02 9.808607E-15
1.844000E+02 3.943235E-14
1.845000E+02 3.926202E-14
1.846000E+02 9.665754E-15
1.847000E+02 3.989058E-14
1.848000E+02 3.901579E-14
1.849000E+02 9.546409E-15
1.850000E+02 4.036571E-14
1.851000E+02 3.878204E-14
1.852000E+02 9.449840E-15
1.853000E+02 4.086179E-14
1.854000E+02 3.855944E-14
1.855000E+02 9.376226E-15
1.856000E+02 4.138250E-14
1.857000E+02 3.834565E-14
1.858000E+02 9.326755E-15
1.859000E+02 4.193073E-14
1.860000E+02 3.813768E-14
1.861000E+02 9.303574E-15
1.862000E+02 4.250825E-14
1.863000E+02 3.793218E-14
1.864000E+02 9.309625E-15
1.865000E+02 4.311557E-14
1.866000E+02 3.772585E-14
1.867000E+02 9.348383E-15
1.868000E+02 4.375178E-14
1.869000E+02 3.751567E-14
1.870000E+02 9.423544E-15
1.871000E+02 4.441459E-14
1.872000E+02 3.729921E-14
1.873000E+02 9.538670E-15
1.874000E+02 4.510053E-14
1.875000E+02 3.707473E-14
1.876000E+02 9.696877E-15
1.877000E+02 4.580509E-14
1.878000E+02 3.684125E-14
1.879000E+02 9.900576E-15
1.880000E+02 4.652303E-14
1.881000E+02 3.659850E-14
1.882000E+02 1.015129E-14
1.883000E+02 4.724866E-14
1.884000E+02 3.634683E-14
1.885000E+02 1.044955E-14
1.886000E+02 4.797606E-14
1.887000E+02 3.608703E-14
1.888000E+02 1.079490E-14
1.889000E+02 4.869934E-14
1.890000E+02 3.582021E-14
1.891000E+02 1.118595E-14
1.892000E+02 4.941280E-14
1.893000E+02 3.554763E-14
1.894000E+02 1.162051E-14
1.895000E+02 5.011102E-14
1.896000E+02 3.527061E-14
1.897000E+02 1.209570E-14
1.898000E+02 5.078895E-14
1.899000E+02 3.499041E-14
1.900000E+02 1.260812E-14
1.901000E+02 5.144193E-14
1.902000E+02 3.470827E-14
1.903000E+02 1.315401E-14
1.904000E+02 5.206569E-14
1.905000E+02 3.442535E-14
1.906000E+02 1.372931E-14
1.907000E+02 5.265636E-14
1.908000E+02 3.414283E-14
1.909000E+02 1.432981E-14
1.910000E+02 5.321048E-14
1.911000E+02 3.386192E-14
1.912000E+02 1.495113E-14
1.913000E+02 5.372502E-14
1.914000E+02 3.358396E-14
1.915000E+02 1.558877E-14
1.916000E+02 5.419742E-14
1.917000E+02 3.331045E-14
1.918000E+02 1.623809E-14
1.919000E+02 5.462572E-14
1.920000E+02 3.304302E-14
1.921000E+02 1.689431E-14
1.922000E+02 5.500864E-14
1.923000E+02 3.278340E-14
1.924000E+02 1.755248E-14
1.925000E+02 5.534568E-14
1.926000E+02 3.253337E-14
1.927000E+02 1.820758E-14
1.928000E+02 5.563723E-14
1.929000E+02 3.229455E-14
1.930000E+02 1.885457E-14
1.931000E+02 5.588467E-14
1.932000E+02 3.206829E-14
1.933000E+02 1.948851E-14
1.934000E+02 5.609032E-14
1.935000E+02 3.185552E-14
1.936000E+02 2.010476E-14
1.937000E+02 5.625745E-14
1.938000E+02 3.165654E-14
1.939000E+02 2.069916E-14
1.940000E+02 5.639015E-14
1.941000E+02 3.147098E-14
1.942000E+02 2.126823E-14
1.943000E+02 5.649311E-14
1.944000E+02 3.129774E-14
1.945000E+02 2.180936E-14
1.946000E+02 5.657146E-14
1.947000E+02 3.113496E-14
1.948000E+02 2.232100E-14
1.949000E+02 5.663045E-14
1.950000E+02 3.098017E-14
1.951000E+02 2.280271E-14
1.952000E+02 5.667521E-14
1.953000E+02 3.083035E-14
1.954000E+02 2.325520E-14
1.955000E+02 5.671052E-14
1.956000E+02 3.068220E-14
1.957000E+02 2.368035E-14
1.958000E+02 5.674053E-14
1.959000E+02 3.053228E-14
1.960000E+02 2.408106E-14
1.961000E+02 5.676868E-14
1.962000E+02 3.037727E-14
1.963000E+02 2.446115E-14
1.964000E+02 5.679750E-14
1.965000E+02 3.021417E-14
1.966000E+02 2.482517E-14
1.967000E+02 5.682860E-14
1.968000E+02 3.004049E-14
1.969000E+02 2.517814E-14
1.970000E+02 5.686270E-14
1.971000E+02 2.985445E-14
1.972000E+02 2.552541E-14
1.973000E+02 5.689964E-14
1.974000E+02 2.965506E-14
1.975000E+02 2.587231E-14
1.976000E+02 5.693855E-14
1.977000E+02 2.944219E-14
1.978000E+02 2.622404E-14
1.979000E+02 5.697796E-14
1.980000E+02 2.921662E-14
1.981000E+02 2.658541E-14
1.982000E+02 5.701604E-14
1.983000E+02 2.897993E-14
1.984000E+02 2.696072E-14
1.985000E+02 5.705071E-14
1.986000E+02 2.873448E-14
1.987000E+02 2.735365E-14
1.988000E+02 5.707990E-14
1.989000E+02 2.848319E-14
1.990000E+02 2.776722E-14
1.991000E+02 5.710163E-14
1.992000E+02 2.822943E-14
1.993000E+02 2.820379E-14
1.994000E+02 5.711415E-14
1.995000E+02 2.797687E-14
1.996000E+02 2.866509E-14
1.997000E+02 5.711602E-14
1.998000E+02 2.772925E-14
1.999000E+02 2.915235E-14
2.000000E+02 5.710607E-14
2.001000E+02 2.749033E-14
2.002000E+02 2.966631E-14
2.003000E+02 5.708338E-14
2.004000E+02 2.726374E-14
2.005000E+02 3.020734E-14
2.006000E+02 5.704725E-14
2.007000E+02 2.705296E-14
2.008000E+02 3.077549E-14
2.009000E+02 5.699706E-14
2.010000E+02 2.686129E-14
2.011000E+02 3.137049E-14
2.012000E+02 5.693227E-14
2.013000E+02 2.669183E-14
2.014000E+02 3.199178E-14
2.015000E+02 5.685228E-14
2.016000E+02 2.654753E-14
2.017000E+02 3.263845E-14
2.018000E+02 5.675646E-14
2.019000E+02 2.643118E-14
2.020000E+02 3.330921E-14
2.021000E+02 5.664414E-14
2.022000E+02 2.634541E-14
2.023000E+02 3.400232E-14
2.024000E+02 5.651462E-14
2.025000E+02 2.629270E-14
2.026000E+02 3.471561E-14
2.027000E+02 5.636720E-14
2.028000E+02 2.627531E-14
2.029000E+02 3.544642E-14
2.030000E+02 5.620131E-14
2.031000E+02 2.629532E-14
2.032000E+02 3.619164E-14
2.033000E+02 5.601649E-14
2.034000E+02 2.635451E-14
2.035000E+02 3.694775E-14
2.036000E+02 5.581251E-14
2.037000E+02 2.645439E-14
2.038000E+02 3.771091E-14
2.039000E+02 5.558937E-14
2.040000E+02 2.659611E-14
2.041000E+02 3.847703E-14
2.042000E+02 5.534739E-14
2.043000E+02 2.678054E-14
2.044000E+02 3.924185E-14
2.045000E+02 5.508722E-14
2.046000E+02 2.700819E-14
2.047000E+02 4.000111E-14
2.048000E+02 5.480985E-14
2.049000E+02 2.727928E-14
2.050000E+02 4.075058E-14
2.051000E+02 5.451662E-14
2.052000E+02 2.759374E-14
2.053000E+02 4.148618E-14
2.054000E+02 5.420926E-14
2.055000E+02 2.795125E-14
2.056000E+02 4.220407E-14
2.057000E+02 5.388985E-14
2.058000E+02 2.835126E-14
2.059000E+02 4.290068E-14
2.060000E+02 5.356083E-14
2.061000E+02 2.879303E-14
2.062000E+02 4.357282E-14
2.063000E+02 5.322495E-14
2.064000E+02 2.927562E-14
2.065000E+02 4.421765E-14
2.066000E+02 5.288529E-14
2.067000E+02 2.979793E-14
2.068000E+02 4.483277E-14
2.069000E+02 5.254518E-14
2.070000E+02 3.035872E-14
2.071000E+02 4.541615E-14
2.072000E+02 5.220815E-14
2.073000E+02 3.095653E-14
2.074000E+02 4.596621E-14
2.075000E+02 5.187794E-14
2.076000E+02 3.158977E-14
2.077000E+02 4.648175E-14
2.078000E+02 5.155836E-14
2.079000E+02 3.225660E-14
2.080000E+02 4.696194E-14
2.081000E+02 5.125332E-14
2.082000E+02 3.295497E-14
