# # freq, loss, reflectance, transmittance (in meep units)
4.000000E-01 3.101970E-04 2.770298E-06 9.996870E-01
4.010008E-01 3.104990E-04 2.723453E-06 9.996868E-01
4.020017E-01 3.110467E-04 2.676723E-06 9.996863E-01
4.030025E-01 3.117946E-04 2.630113E-06 9.996856E-01
4.040033E-01 3.123899E-04 2.583617E-06 9.996850E-01
4.050042E-01 3.126772E-04 2.537239E-06 9.996848E-01
4.060050E-01 3.129106E-04 2.490999E-06 9.996846E-01
4.070058E-01 3.133920E-04 2.444917E-06 9.996842E-01
4.080067E-01 3.140607E-04 2.398997E-06 9.996835E-01
4.090075E-01 3.146031E-04 2.353235E-06 9.996830E-01
4.100083E-01 3.149073E-04 2.307637E-06 9.996828E-01
4.110092E-01 3.152185E-04 2.262221E-06 9.996825E-01
4.120100E-01 3.157937E-04 2.217005E-06 9.996820E-01
4.130108E-01 3.165552E-04 2.171994E-06 9.996813E-01
4.140117E-01 3.172208E-04 2.127185E-06 9.996807E-01
4.150125E-01 3.177108E-04 2.082585E-06 9.996802E-01
4.160133E-01 3.182564E-04 2.038212E-06 9.996797E-01
4.170142E-01 3.190740E-04 1.994082E-06 9.996789E-01
4.180150E-01 3.200755E-04 1.950199E-06 9.996780E-01
4.190158E-01 3.210112E-04 1.906564E-06 9.996771E-01
4.200167E-01 3.218311E-04 1.863184E-06 9.996763E-01
4.210175E-01 3.227534E-04 1.820076E-06 9.996754E-01
4.220183E-01 3.239605E-04 1.777254E-06 9.996743E-01
4.230192E-01 3.253573E-04 1.734724E-06 9.996729E-01
4.240200E-01 3.267229E-04 1.692487E-06 9.996716E-01
4.250209E-01 3.280282E-04 1.650550E-06 9.996703E-01
4.260217E-01 3.294726E-04 1.608931E-06 9.996689E-01
4.270225E-01 3.312023E-04 1.567641E-06 9.996672E-01
4.280234E-01 3.331126E-04 1.526688E-06 9.996654E-01
4.290242E-01 3.350040E-04 1.486072E-06 9.996635E-01
4.300250E-01 3.368596E-04 1.445804E-06 9.996617E-01
4.310259E-01 3.388561E-04 1.405896E-06 9.996597E-01
4.320267E-01 3.411063E-04 1.366364E-06 9.996575E-01
4.330275E-01 3.434985E-04 1.327211E-06 9.996552E-01
4.340284E-01 3.458531E-04 1.288441E-06 9.996529E-01
4.350292E-01 3.481635E-04 1.250064E-06 9.996506E-01
4.360300E-01 3.505870E-04 1.212093E-06 9.996482E-01
4.370309E-01 3.532098E-04 1.174540E-06 9.996456E-01
4.380317E-01 3.559198E-04 1.137412E-06 9.996429E-01
4.390325E-01 3.585595E-04 1.100712E-06 9.996403E-01
4.400334E-01 3.611345E-04 1.064450E-06 9.996378E-01
4.410342E-01 3.637887E-04 1.028638E-06 9.996352E-01
4.420350E-01 3.665906E-04 9.932889E-07 9.996324E-01
4.430359E-01 3.694344E-04 9.584081E-07 9.996296E-01
4.440367E-01 3.721871E-04 9.240008E-07 9.996269E-01
4.450375E-01 3.748673E-04 8.900762E-07 9.996242E-01
4.460384E-01 3.776082E-04 8.566468E-07 9.996215E-01
4.470392E-01 3.804645E-04 8.237234E-07 9.996187E-01
4.480400E-01 3.833376E-04 7.913124E-07 9.996159E-01
4.490409E-01 3.861150E-04 7.594194E-07 9.996131E-01
4.500417E-01 3.888237E-04 7.280538E-07 9.996104E-01
4.510425E-01 3.915841E-04 6.972273E-07 9.996077E-01
4.520434E-01 3.944378E-04 6.669500E-07 9.996049E-01
4.530442E-01 3.972918E-04 6.372286E-07 9.996021E-01
4.540450E-01 4.000515E-04 6.080694E-07 9.995993E-01
4.550459E-01 4.027498E-04 5.794815E-07 9.995967E-01
4.560467E-01 4.054962E-04 5.514760E-07 9.995940E-01
4.570475E-01 4.083229E-04 5.240625E-07 9.995912E-01
4.580484E-01 4.111457E-04 4.972479E-07 9.995884E-01
4.590492E-01 4.138874E-04 4.710389E-07 9.995856E-01
4.600500E-01 4.165875E-04 4.454445E-07 9.995830E-01
4.610509E-01 4.193465E-04 4.204751E-07 9.995802E-01
4.620517E-01 4.221900E-04 3.961401E-07 9.995774E-01
4.630525E-01 4.250419E-04 3.724463E-07 9.995746E-01
4.640534E-01 4.278399E-04 3.494008E-07 9.995718E-01
4.650542E-01 4.306260E-04 3.270124E-07 9.995690E-01
4.660550E-01 4.334900E-04 3.052909E-07 9.995662E-01
4.670559E-01 4.364493E-04 2.842453E-07 9.995633E-01
4.680567E-01 4.394332E-04 2.638827E-07 9.995603E-01
4.690575E-01 4.423888E-04 2.442100E-07 9.995574E-01
4.700584E-01 4.453570E-04 2.252361E-07 9.995544E-01
4.710592E-01 4.484153E-04 2.069701E-07 9.995514E-01
4.720601E-01 4.515726E-04 1.894207E-07 9.995482E-01
4.730609E-01 4.547618E-04 1.725948E-07 9.995451E-01
4.740617E-01 4.579372E-04 1.564998E-07 9.995419E-01
4.750626E-01 4.611371E-04 1.411441E-07 9.995387E-01
4.760634E-01 4.644279E-04 1.265363E-07 9.995354E-01
4.770642E-01 4.678116E-04 1.126847E-07 9.995321E-01
4.780651E-01 4.712252E-04 9.959630E-08 9.995287E-01
4.790659E-01 4.746297E-04 8.727848E-08 9.995253E-01
4.800667E-01 4.780617E-04 7.573929E-08 9.995219E-01
4.810676E-01 4.815785E-04 6.498701E-08 9.995184E-01
4.820684E-01 4.851773E-04 5.502937E-08 9.995148E-01
4.830692E-01 4.888004E-04 4.587350E-08 9.995112E-01
4.840701E-01 4.924152E-04 3.752668E-08 9.995075E-01
4.850709E-01 4.960566E-04 2.999663E-08 9.995039E-01
4.860717E-01 4.997742E-04 2.329114E-08 9.995002E-01
4.870726E-01 5.035618E-04 1.741760E-08 9.994964E-01
4.880734E-01 5.073665E-04 1.238308E-08 9.994926E-01
4.890742E-01 5.111611E-04 8.194747E-09 9.994888E-01
4.900751E-01 5.149783E-04 4.859971E-09 9.994850E-01
4.910759E-01 5.188607E-04 2.386050E-09 9.994811E-01
4.920767E-01 5.227997E-04 7.800342E-10 9.994772E-01
4.930776E-01 5.267466E-04 4.887775E-11 9.994733E-01
4.940784E-01 5.306792E-04 1.995975E-10 9.994693E-01
4.950792E-01 5.346282E-04 1.239179E-09 9.994654E-01
4.960801E-01 5.386310E-04 3.174434E-09 9.994614E-01
4.970809E-01 5.426775E-04 6.012085E-09 9.994573E-01
4.980817E-01 5.467244E-04 9.758930E-09 9.994533E-01
4.990826E-01 5.507542E-04 1.442178E-08 9.994492E-01
5.000834E-01 5.547969E-04 2.000721E-08 9.994452E-01
5.010842E-01 5.588858E-04 2.652156E-08 9.994411E-01
5.020851E-01 5.630110E-04 3.397121E-08 9.994370E-01
5.030859E-01 5.671343E-04 4.236278E-08 9.994328E-01
5.040867E-01 5.712429E-04 5.170282E-08 9.994287E-01
5.050876E-01 5.753658E-04 6.199747E-08 9.994246E-01
5.060884E-01 5.795332E-04 7.325260E-08 9.994204E-01
5.070892E-01 5.837352E-04 8.547426E-08 9.994162E-01
5.080901E-01 5.879382E-04 9.866882E-08 9.994120E-01
5.090909E-01 5.921327E-04 1.128425E-07 9.994078E-01
5.100917E-01 5.963465E-04 1.280011E-07 9.994035E-01
5.110926E-01 6.006064E-04 1.441499E-07 9.993992E-01
5.120934E-01 6.049025E-04 1.612947E-07 9.993949E-01
5.130942E-01 6.092045E-04 1.794415E-07 9.993906E-01
5.140951E-01 6.135053E-04 1.985963E-07 9.993863E-01
5.150959E-01 6.178310E-04 2.187643E-07 9.993820E-01
5.160967E-01 6.222050E-04 2.399505E-07 9.993776E-01
5.170976E-01 6.266172E-04 2.621601E-07 9.993731E-01
5.180984E-01 6.310402E-04 2.853990E-07 9.993687E-01
5.190992E-01 6.354685E-04 3.096727E-07 9.993642E-01
5.201001E-01 6.399263E-04 3.349860E-07 9.993597E-01
5.211009E-01 6.444342E-04 3.613433E-07 9.993552E-01
5.221018E-01 6.489818E-04 3.887497E-07 9.993506E-01
5.231026E-01 6.535440E-04 4.172105E-07 9.993460E-01
5.241034E-01 6.581168E-04 4.467308E-07 9.993414E-01
5.251043E-01 6.627226E-04 4.773151E-07 9.993368E-01
5.261051E-01 6.673792E-04 5.089672E-07 9.993321E-01
5.271059E-01 6.720761E-04 5.416918E-07 9.993274E-01
5.281068E-01 6.767904E-04 5.754939E-07 9.993226E-01
5.291076E-01 6.815187E-04 6.103782E-07 9.993179E-01
5.301084E-01 6.862820E-04 6.463485E-07 9.993131E-01
5.311093E-01 6.910956E-04 6.834083E-07 9.993082E-01
5.321101E-01 6.959488E-04 7.215619E-07 9.993033E-01
5.331109E-01 7.008205E-04 7.608138E-07 9.992984E-01
5.341118E-01 7.057082E-04 8.011683E-07 9.992935E-01
5.351126E-01 7.106311E-04 8.426287E-07 9.992885E-01
5.361134E-01 7.156028E-04 8.851980E-07 9.992835E-01
5.371143E-01 7.206127E-04 9.288800E-07 9.992785E-01
5.381151E-01 7.256411E-04 9.736789E-07 9.992734E-01
5.391159E-01 7.306867E-04 1.019598E-06 9.992683E-01
5.401168E-01 7.357675E-04 1.066642E-06 9.992632E-01
5.411176E-01 7.408955E-04 1.114811E-06 9.992580E-01
5.421184E-01 7.460603E-04 1.164109E-06 9.992528E-01
5.431193E-01 7.512443E-04 1.214540E-06 9.992475E-01
5.441201E-01 7.564468E-04 1.266108E-06 9.992423E-01
5.451209E-01 7.616849E-04 1.318814E-06 9.992370E-01
5.461218E-01 7.669697E-04 1.372661E-06 9.992317E-01
5.471226E-01 7.722910E-04 1.427652E-06 9.992263E-01
5.481234E-01 7.776328E-04 1.483789E-06 9.992209E-01
5.491243E-01 7.829953E-04 1.541076E-06 9.992155E-01
5.501251E-01 7.883949E-04 1.599514E-06 9.992100E-01
5.511259E-01 7.938415E-04 1.659105E-06 9.992045E-01
5.521268E-01 7.993256E-04 1.719851E-06 9.991990E-01
5.531276E-01 8.048324E-04 1.781756E-06 9.991934E-01
5.541284E-01 8.103629E-04 1.844820E-06 9.991878E-01
5.551293E-01 8.159329E-04 1.909046E-06 9.991822E-01
5.561301E-01 8.215514E-04 1.974434E-06 9.991765E-01
5.571309E-01 8.272091E-04 2.040986E-06 9.991707E-01
5.581318E-01 8.328926E-04 2.108706E-06 9.991650E-01
5.591326E-01 8.386037E-04 2.177593E-06 9.991592E-01
5.601334E-01 8.443573E-04 2.247650E-06 9.991534E-01
5.611343E-01 8.501618E-04 2.318875E-06 9.991475E-01
5.621351E-01 8.560082E-04 2.391272E-06 9.991416E-01
5.631359E-01 8.618840E-04 2.464842E-06 9.991357E-01
5.641368E-01 8.677916E-04 2.539585E-06 9.991297E-01
5.651376E-01 8.737455E-04 2.615501E-06 9.991236E-01
5.661384E-01 8.797530E-04 2.692592E-06 9.991176E-01
5.671393E-01 8.858054E-04 2.770857E-06 9.991114E-01
5.681401E-01 8.918911E-04 2.850298E-06 9.991053E-01
5.691410E-01 8.980128E-04 2.930916E-06 9.990991E-01
5.701418E-01 9.041844E-04 3.012709E-06 9.990928E-01
5.711426E-01 9.104124E-04 3.095678E-06 9.990865E-01
5.721435E-01 9.166880E-04 3.179823E-06 9.990801E-01
5.731443E-01 9.230004E-04 3.265144E-06 9.990737E-01
5.741451E-01 9.293527E-04 3.351641E-06 9.990673E-01
5.751460E-01 9.357580E-04 3.439314E-06 9.990608E-01
5.761468E-01 9.422220E-04 3.528161E-06 9.990542E-01
5.771476E-01 9.487359E-04 3.618182E-06 9.990476E-01
5.781485E-01 9.552894E-04 3.709377E-06 9.990410E-01
5.791493E-01 9.618861E-04 3.801746E-06 9.990343E-01
5.801501E-01 9.685386E-04 3.895287E-06 9.990276E-01
5.811510E-01 9.752517E-04 3.989998E-06 9.990208E-01
5.821518E-01 9.820165E-04 4.085878E-06 9.990139E-01
5.831526E-01 9.888238E-04 4.182928E-06 9.990070E-01
5.841535E-01 9.956772E-04 4.281145E-06 9.990000E-01
5.851543E-01 1.002589E-03 4.380528E-06 9.989930E-01
5.861551E-01 1.009563E-03 4.481074E-06 9.989860E-01
5.871560E-01 1.016591E-03 4.582783E-06 9.989788E-01
5.881568E-01 1.023664E-03 4.685653E-06 9.989717E-01
5.891576E-01 1.030786E-03 4.789682E-06 9.989644E-01
5.901585E-01 1.037970E-03 4.894868E-06 9.989571E-01
5.911593E-01 1.045218E-03 5.001207E-06 9.989498E-01
5.921601E-01 1.052521E-03 5.108698E-06 9.989424E-01
5.931610E-01 1.059873E-03 5.217340E-06 9.989349E-01
5.941618E-01 1.067278E-03 5.327130E-06 9.989274E-01
5.951626E-01 1.074746E-03 5.438064E-06 9.989198E-01
5.961635E-01 1.082282E-03 5.550139E-06 9.989122E-01
5.971643E-01 1.089876E-03 5.663353E-06 9.989045E-01
5.981651E-01 1.097521E-03 5.777703E-06 9.988967E-01
5.991660E-01 1.105224E-03 5.893187E-06 9.988889E-01
6.001668E-01 1.112993E-03 6.009801E-06 9.988810E-01
6.011676E-01 1.120833E-03 6.127540E-06 9.988730E-01
6.021685E-01 1.128734E-03 6.246402E-06 9.988650E-01
6.031693E-01 1.136691E-03 6.366384E-06 9.988569E-01
6.041701E-01 1.144709E-03 6.487482E-06 9.988488E-01
6.051710E-01 1.152798E-03 6.609692E-06 9.988406E-01
6.061718E-01 1.160961E-03 6.733009E-06 9.988323E-01
6.071726E-01 1.169190E-03 6.857430E-06 9.988240E-01
6.081735E-01 1.177479E-03 6.982951E-06 9.988155E-01
6.091743E-01 1.185834E-03 7.109568E-06 9.988071E-01
6.101751E-01 1.194265E-03 7.237276E-06 9.987985E-01
6.111760E-01 1.202774E-03 7.366070E-06 9.987899E-01
6.121768E-01 1.211352E-03 7.495945E-06 9.987812E-01
6.131776E-01 1.219996E-03 7.626899E-06 9.987724E-01
6.141785E-01 1.228712E-03 7.758925E-06 9.987635E-01
6.151793E-01 1.237508E-03 7.892018E-06 9.987546E-01
6.161802E-01 1.246387E-03 8.026173E-06 9.987456E-01
6.171810E-01 1.255340E-03 8.161385E-06 9.987365E-01
6.181818E-01 1.264363E-03 8.297649E-06 9.987273E-01
6.191827E-01 1.273463E-03 8.434959E-06 9.987181E-01
6.201835E-01 1.282650E-03 8.573310E-06 9.987088E-01
6.211843E-01 1.291922E-03 8.712696E-06 9.986994E-01
6.221852E-01 1.301274E-03 8.853110E-06 9.986899E-01
6.231860E-01 1.310700E-03 8.994549E-06 9.986803E-01
6.241868E-01 1.320209E-03 9.137004E-06 9.986707E-01
6.251877E-01 1.329809E-03 9.280471E-06 9.986609E-01
6.261885E-01 1.339499E-03 9.424942E-06 9.986511E-01
6.271893E-01 1.349272E-03 9.570411E-06 9.986412E-01
6.281902E-01 1.359125E-03 9.716872E-06 9.986312E-01
6.291910E-01 1.369066E-03 9.864319E-06 9.986211E-01
6.301918E-01 1.379101E-03 1.001274E-05 9.986109E-01
6.311927E-01 1.389232E-03 1.016214E-05 9.986006E-01
6.321935E-01 1.399449E-03 1.031250E-05 9.985902E-01
6.331943E-01 1.409752E-03 1.046382E-05 9.985798E-01
6.341952E-01 1.420146E-03 1.061609E-05 9.985692E-01
6.351960E-01 1.430641E-03 1.076930E-05 9.985586E-01
6.361968E-01 1.441234E-03 1.092345E-05 9.985478E-01
6.371977E-01 1.451918E-03 1.107853E-05 9.985370E-01
6.381985E-01 1.462692E-03 1.123452E-05 9.985261E-01
6.391993E-01 1.473564E-03 1.139143E-05 9.985150E-01
6.402002E-01 1.484540E-03 1.154925E-05 9.985039E-01
6.412010E-01 1.495619E-03 1.170796E-05 9.984927E-01
6.422018E-01 1.506794E-03 1.186755E-05 9.984813E-01
6.432027E-01 1.518064E-03 1.202803E-05 9.984699E-01
6.442035E-01 1.529436E-03 1.218938E-05 9.984584E-01
6.452043E-01 1.540918E-03 1.235160E-05 9.984467E-01
6.462052E-01 1.552507E-03 1.251467E-05 9.984350E-01
6.472060E-01 1.564198E-03 1.267858E-05 9.984231E-01
6.482068E-01 1.575990E-03 1.284333E-05 9.984112E-01
6.492077E-01 1.587889E-03 1.300892E-05 9.983991E-01
6.502085E-01 1.599904E-03 1.317532E-05 9.983869E-01
6.512093E-01 1.612032E-03 1.334253E-05 9.983746E-01
6.522102E-01 1.624267E-03 1.351054E-05 9.983622E-01
6.532110E-01 1.636608E-03 1.367934E-05 9.983497E-01
6.542118E-01 1.649065E-03 1.384892E-05 9.983371E-01
6.552127E-01 1.661644E-03 1.401928E-05 9.983243E-01
6.562135E-01 1.674341E-03 1.419040E-05 9.983115E-01
6.572143E-01 1.687151E-03 1.436227E-05 9.982985E-01
6.582152E-01 1.700076E-03 1.453489E-05 9.982854E-01
6.592160E-01 1.713124E-03 1.470824E-05 9.982722E-01
6.602168E-01 1.726300E-03 1.488231E-05 9.982588E-01
6.612177E-01 1.739602E-03 1.505709E-05 9.982453E-01
6.622185E-01 1.753024E-03 1.523258E-05 9.982317E-01
6.632193E-01 1.766570E-03 1.540876E-05 9.982180E-01
6.642202E-01 1.780246E-03 1.558562E-05 9.982042E-01
6.652210E-01 1.794058E-03 1.576315E-05 9.981902E-01
6.662219E-01 1.808004E-03 1.594133E-05 9.981761E-01
6.672227E-01 1.822079E-03 1.612017E-05 9.981618E-01
6.682235E-01 1.836286E-03 1.629964E-05 9.981474E-01
6.692244E-01 1.850632E-03 1.647974E-05 9.981329E-01
6.702252E-01 1.865123E-03 1.666046E-05 9.981182E-01
6.712260E-01 1.879755E-03 1.684178E-05 9.981034E-01
6.722269E-01 1.894526E-03 1.702369E-05 9.980884E-01
6.732277E-01 1.909439E-03 1.720618E-05 9.980734E-01
6.742285E-01 1.924500E-03 1.738925E-05 9.980581E-01
6.752294E-01 1.939715E-03 1.757286E-05 9.980427E-01
6.762302E-01 1.955081E-03 1.775703E-05 9.980272E-01
6.772310E-01 1.970595E-03 1.794172E-05 9.980115E-01
6.782319E-01 1.986260E-03 1.812694E-05 9.979956E-01
6.792327E-01 2.002085E-03 1.831267E-05 9.979796E-01
6.802335E-01 2.018073E-03 1.849890E-05 9.979634E-01
6.812344E-01 2.034221E-03 1.868560E-05 9.979471E-01
6.822352E-01 2.050528E-03 1.887278E-05 9.979306E-01
6.832360E-01 2.066997E-03 1.906042E-05 9.979139E-01
6.842369E-01 2.083636E-03 1.924851E-05 9.978971E-01
6.852377E-01 2.100448E-03 1.943703E-05 9.978801E-01
6.862385E-01 2.117431E-03 1.962597E-05 9.978629E-01
6.872394E-01 2.134583E-03 1.981532E-05 9.978456E-01
6.882402E-01 2.151909E-03 2.000506E-05 9.978281E-01
6.892410E-01 2.169416E-03 2.019518E-05 9.978104E-01
6.902419E-01 2.187107E-03 2.038567E-05 9.977925E-01
6.912427E-01 2.204980E-03 2.057652E-05 9.977744E-01
6.922435E-01 2.223034E-03 2.076770E-05 9.977562E-01
6.932444E-01 2.241273E-03 2.095922E-05 9.977378E-01
6.942452E-01 2.259706E-03 2.115105E-05 9.977191E-01
6.952460E-01 2.278334E-03 2.134317E-05 9.977003E-01
6.962469E-01 2.297156E-03 2.153558E-05 9.976813E-01
6.972477E-01 2.316172E-03 2.172827E-05 9.976621E-01
6.982485E-01 2.335385E-03 2.192121E-05 9.976427E-01
6.992494E-01 2.354805E-03 2.211439E-05 9.976231E-01
7.002502E-01 2.374433E-03 2.230781E-05 9.976033E-01
7.012510E-01 2.394268E-03 2.250144E-05 9.975832E-01
7.022519E-01 2.414309E-03 2.269526E-05 9.975630E-01
7.032527E-01 2.434563E-03 2.288928E-05 9.975425E-01
7.042535E-01 2.455036E-03 2.308346E-05 9.975219E-01
7.052544E-01 2.475732E-03 2.327780E-05 9.975010E-01
7.062552E-01 2.496648E-03 2.347228E-05 9.974799E-01
7.072560E-01 2.517786E-03 2.366688E-05 9.974585E-01
7.082569E-01 2.539152E-03 2.386160E-05 9.974370E-01
7.092577E-01 2.560752E-03 2.405641E-05 9.974152E-01
7.102585E-01 2.582590E-03 2.425130E-05 9.973932E-01
7.112594E-01 2.604664E-03 2.444625E-05 9.973709E-01
7.122602E-01 2.626975E-03 2.464125E-05 9.973484E-01
7.132611E-01 2.649531E-03 2.483629E-05 9.973256E-01
7.142619E-01 2.672338E-03 2.503134E-05 9.973026E-01
7.152627E-01 2.695400E-03 2.522640E-05 9.972794E-01
7.162636E-01 2.718714E-03 2.542144E-05 9.972559E-01
7.172644E-01 2.742285E-03 2.561645E-05 9.972321E-01
7.182652E-01 2.766117E-03 2.581141E-05 9.972081E-01
7.192661E-01 2.790220E-03 2.600631E-05 9.971838E-01
7.202669E-01 2.814595E-03 2.620114E-05 9.971592E-01
7.212677E-01 2.839242E-03 2.639586E-05 9.971344E-01
7.222686E-01 2.864164E-03 2.659048E-05 9.971092E-01
7.232694E-01 2.889369E-03 2.678496E-05 9.970838E-01
7.242702E-01 2.914864E-03 2.697930E-05 9.970582E-01
7.252711E-01 2.940652E-03 2.717348E-05 9.970322E-01
7.262719E-01 2.966732E-03 2.736748E-05 9.970059E-01
7.272727E-01 2.993110E-03 2.756128E-05 9.969793E-01
7.282736E-01 3.019791E-03 2.775487E-05 9.969525E-01
7.292744E-01 3.046785E-03 2.794823E-05 9.969253E-01
7.302752E-01 3.074094E-03 2.814134E-05 9.968978E-01
7.312761E-01 3.101719E-03 2.833418E-05 9.968699E-01
7.322769E-01 3.129664E-03 2.852674E-05 9.968418E-01
7.332777E-01 3.157938E-03 2.871901E-05 9.968133E-01
7.342786E-01 3.186548E-03 2.891095E-05 9.967845E-01
7.352794E-01 3.215498E-03 2.910256E-05 9.967554E-01
7.362802E-01 3.244788E-03 2.929381E-05 9.967259E-01
7.372811E-01 3.274425E-03 2.948469E-05 9.966961E-01
7.382819E-01 3.304417E-03 2.967518E-05 9.966659E-01
7.392827E-01 3.334771E-03 2.986526E-05 9.966354E-01
7.402836E-01 3.365492E-03 3.005492E-05 9.966045E-01
7.412844E-01 3.396582E-03 3.024413E-05 9.965732E-01
7.422852E-01 3.428046E-03 3.043288E-05 9.965415E-01
7.432861E-01 3.459894E-03 3.062114E-05 9.965095E-01
7.442869E-01 3.492134E-03 3.080890E-05 9.964771E-01
7.452877E-01 3.524770E-03 3.099614E-05 9.964442E-01
7.462886E-01 3.557805E-03 3.118285E-05 9.964110E-01
7.472894E-01 3.591245E-03 3.136899E-05 9.963774E-01
7.482902E-01 3.625101E-03 3.155456E-05 9.963433E-01
7.492911E-01 3.659380E-03 3.173953E-05 9.963089E-01
7.502919E-01 3.694088E-03 3.192388E-05 9.962740E-01
7.512927E-01 3.729229E-03 3.210760E-05 9.962387E-01
7.522936E-01 3.764809E-03 3.229066E-05 9.962029E-01
7.532944E-01 3.800839E-03 3.247305E-05 9.961667E-01
7.542952E-01 3.837328E-03 3.265474E-05 9.961300E-01
7.552961E-01 3.874282E-03 3.283572E-05 9.960929E-01
7.562969E-01 3.911705E-03 3.301596E-05 9.960553E-01
7.572977E-01 3.949605E-03 3.319544E-05 9.960172E-01
7.582986E-01 3.987994E-03 3.337415E-05 9.959786E-01
7.592994E-01 4.026880E-03 3.355206E-05 9.959396E-01
7.603003E-01 4.066271E-03 3.372916E-05 9.959000E-01
7.613011E-01 4.106171E-03 3.390541E-05 9.958599E-01
7.623019E-01 4.146591E-03 3.408081E-05 9.958193E-01
7.633028E-01 4.187542E-03 3.425533E-05 9.957782E-01
7.643036E-01 4.229033E-03 3.442894E-05 9.957365E-01
7.653044E-01 4.271073E-03 3.460163E-05 9.956943E-01
7.663053E-01 4.313667E-03 3.477338E-05 9.956516E-01
7.673061E-01 4.356827E-03 3.494417E-05 9.956082E-01
7.683069E-01 4.400565E-03 3.511396E-05 9.955643E-01
7.693078E-01 4.444893E-03 3.528275E-05 9.955198E-01
7.703086E-01 4.489817E-03 3.545050E-05 9.954747E-01
7.713094E-01 4.535346E-03 3.561720E-05 9.954290E-01
7.723103E-01 4.581492E-03 3.578283E-05 9.953827E-01
7.733111E-01 4.628269E-03 3.594736E-05 9.953358E-01
7.743119E-01 4.675688E-03 3.611076E-05 9.952882E-01
7.753128E-01 4.723758E-03 3.627303E-05 9.952400E-01
7.763136E-01 4.772490E-03 3.643412E-05 9.951911E-01
7.773144E-01 4.821896E-03 3.659403E-05 9.951415E-01
7.783153E-01 4.871992E-03 3.675272E-05 9.950913E-01
7.793161E-01 4.922789E-03 3.691018E-05 9.950403E-01
7.803169E-01 4.974299E-03 3.706637E-05 9.949886E-01
7.813178E-01 5.026533E-03 3.722128E-05 9.949362E-01
7.823186E-01 5.079505E-03 3.737489E-05 9.948831E-01
7.833194E-01 5.133232E-03 3.752716E-05 9.948292E-01
7.843203E-01 5.187728E-03 3.767808E-05 9.947746E-01
7.853211E-01 5.243004E-03 3.782761E-05 9.947192E-01
7.863219E-01 5.299075E-03 3.797574E-05 9.946629E-01
7.873228E-01 5.355956E-03 3.812243E-05 9.946059E-01
7.883236E-01 5.413666E-03 3.826767E-05 9.945481E-01
7.893244E-01 5.472219E-03 3.841143E-05 9.944894E-01
7.903253E-01 5.531629E-03 3.855368E-05 9.944298E-01
7.913261E-01 5.591912E-03 3.869440E-05 9.943694E-01
7.923269E-01 5.653087E-03 3.883356E-05 9.943081E-01
7.933278E-01 5.715172E-03 3.897113E-05 9.942459E-01
7.943286E-01 5.778185E-03 3.910710E-05 9.941827E-01
7.953294E-01 5.842142E-03 3.924142E-05 9.941186E-01
7.963303E-01 5.907060E-03 3.937408E-05 9.940536E-01
7.973311E-01 5.972960E-03 3.950504E-05 9.939875E-01
7.983319E-01 6.039864E-03 3.963428E-05 9.939205E-01
7.993328E-01 6.107790E-03 3.976178E-05 9.938524E-01
8.003336E-01 6.176758E-03 3.988750E-05 9.937834E-01
8.013344E-01 6.246787E-03 4.001141E-05 9.937132E-01
8.023353E-01 6.317900E-03 4.013349E-05 9.936420E-01
8.033361E-01 6.390121E-03 4.025371E-05 9.935696E-01
8.043369E-01 6.463473E-03 4.037203E-05 9.934962E-01
8.053378E-01 6.537975E-03 4.048844E-05 9.934215E-01
8.063386E-01 6.613652E-03 4.060289E-05 9.933457E-01
8.073394E-01 6.690529E-03 4.071536E-05 9.932688E-01
8.083403E-01 6.768633E-03 4.082582E-05 9.931905E-01
8.093411E-01 6.847988E-03 4.093424E-05 9.931111E-01
8.103420E-01 6.928619E-03 4.104058E-05 9.930303E-01
8.113428E-01 7.010552E-03 4.114482E-05 9.929483E-01
8.123436E-01 7.093817E-03 4.124692E-05 9.928649E-01
8.133445E-01 7.178443E-03 4.134685E-05 9.927802E-01
8.143453E-01 7.264459E-03 4.144457E-05 9.926941E-01
8.153461E-01 7.351892E-03 4.154006E-05 9.926066E-01
8.163470E-01 7.440774E-03 4.163328E-05 9.925176E-01
8.173478E-01 7.531137E-03 4.172420E-05 9.924271E-01
8.183486E-01 7.623014E-03 4.181278E-05 9.923352E-01
8.193495E-01 7.716438E-03 4.189899E-05 9.922417E-01
8.203503E-01 7.811442E-03 4.198279E-05 9.921466E-01
8.213511E-01 7.908059E-03 4.206414E-05 9.920499E-01
8.223520E-01 8.006329E-03 4.214301E-05 9.919515E-01
8.233528E-01 8.106289E-03 4.221937E-05 9.918515E-01
8.243536E-01 8.207976E-03 4.229317E-05 9.917497E-01
8.253545E-01 8.311427E-03 4.236438E-05 9.916462E-01
8.263553E-01 8.416683E-03 4.243296E-05 9.915409E-01
8.273561E-01 8.523787E-03 4.249887E-05 9.914337E-01
8.283570E-01 8.632781E-03 4.256207E-05 9.913247E-01
8.293578E-01 8.743709E-03 4.262252E-05 9.912137E-01
8.303586E-01 8.856615E-03 4.268018E-05 9.911007E-01
8.313595E-01 8.971544E-03 4.273501E-05 9.909857E-01
8.323603E-01 9.088546E-03 4.278697E-05 9.908687E-01
8.333611E-01 9.207670E-03 4.283601E-05 9.907495E-01
8.343620E-01 9.328966E-03 4.288209E-05 9.906282E-01
8.353628E-01 9.452484E-03 4.292516E-05 9.905046E-01
8.363636E-01 9.578279E-03 4.296519E-05 9.903788E-01
8.373645E-01 9.706406E-03 4.300212E-05 9.902506E-01
8.383653E-01 9.836924E-03 4.303591E-05 9.901200E-01
8.393661E-01 9.969888E-03 4.306652E-05 9.899870E-01
8.403670E-01 1.010536E-02 4.309389E-05 9.898515E-01
8.413678E-01 1.024340E-02 4.311797E-05 9.897135E-01
8.423686E-01 1.038407E-02 4.313873E-05 9.895728E-01
8.433695E-01 1.052745E-02 4.315609E-05 9.894294E-01
8.443703E-01 1.067359E-02 4.317002E-05 9.892832E-01
8.453711E-01 1.082257E-02 4.318047E-05 9.891343E-01
8.463720E-01 1.097445E-02 4.318737E-05 9.889824E-01
8.473728E-01 1.112932E-02 4.319067E-05 9.888275E-01
8.483736E-01 1.128726E-02 4.319033E-05 9.886696E-01
8.493745E-01 1.144833E-02 4.318628E-05 9.885085E-01
8.503753E-01 1.161263E-02 4.317846E-05 9.883442E-01
8.513761E-01 1.178023E-02 4.316682E-05 9.881766E-01
8.523770E-01 1.195123E-02 4.315129E-05 9.880056E-01
8.533778E-01 1.212571E-02 4.313182E-05 9.878312E-01
8.543786E-01 1.230377E-02 4.310835E-05 9.876531E-01
8.553795E-01 1.248551E-02 4.308080E-05 9.874714E-01
8.563803E-01 1.267101E-02 4.304912E-05 9.872859E-01
8.573812E-01 1.286040E-02 4.301324E-05 9.870966E-01
8.583820E-01 1.305377E-02 4.297309E-05 9.869033E-01
8.593828E-01 1.325123E-02 4.292861E-05 9.867058E-01
8.603837E-01 1.345289E-02 4.287972E-05 9.865042E-01
8.613845E-01 1.365888E-02 4.282635E-05 9.862983E-01
8.623853E-01 1.386932E-02 4.276842E-05 9.860879E-01
8.633862E-01 1.408433E-02 4.270587E-05 9.858730E-01
8.643870E-01 1.430404E-02 4.263862E-05 9.856533E-01
8.653878E-01 1.452858E-02 4.256659E-05 9.854289E-01
8.663887E-01 1.475810E-02 4.248969E-05 9.851994E-01
8.673895E-01 1.499275E-02 4.240786E-05 9.849648E-01
8.683903E-01 1.523266E-02 4.232099E-05 9.847250E-01
8.693912E-01 1.547800E-02 4.222902E-05 9.844798E-01
8.703920E-01 1.572893E-02 4.213185E-05 9.842289E-01
8.713928E-01 1.598561E-02 4.202939E-05 9.839724E-01
8.723937E-01 1.624822E-02 4.192155E-05 9.837099E-01
8.733945E-01 1.651694E-02 4.180825E-05 9.834412E-01
8.743953E-01 1.679195E-02 4.168937E-05 9.831664E-01
8.753962E-01 1.707345E-02 4.156484E-05 9.828850E-01
8.763970E-01 1.736163E-02 4.143454E-05 9.825969E-01
8.773978E-01 1.765672E-02 4.129838E-05 9.823020E-01
8.783987E-01 1.795891E-02 4.115625E-05 9.819999E-01
8.793995E-01 1.826844E-02 4.100804E-05 9.816906E-01
8.804003E-01 1.858554E-02 4.085365E-05 9.813736E-01
8.814012E-01 1.891045E-02 4.069297E-05 9.810489E-01
8.824020E-01 1.924343E-02 4.052588E-05 9.807160E-01
8.834028E-01 1.958473E-02 4.035227E-05 9.803749E-01
8.844037E-01 1.993464E-02 4.017201E-05 9.800252E-01
8.854045E-01 2.029343E-02 3.998499E-05 9.796666E-01
8.864053E-01 2.066140E-02 3.979109E-05 9.792988E-01
8.874062E-01 2.103886E-02 3.959017E-05 9.789215E-01
8.884070E-01 2.142613E-02 3.938210E-05 9.785345E-01
8.894078E-01 2.182354E-02 3.916677E-05 9.781373E-01
8.904087E-01 2.223144E-02 3.894402E-05 9.777296E-01
8.914095E-01 2.265019E-02 3.871372E-05 9.773111E-01
8.924103E-01 2.308018E-02 3.847574E-05 9.768813E-01
8.934112E-01 2.352179E-02 3.822993E-05 9.764400E-01
8.944120E-01 2.397544E-02 3.797614E-05 9.759866E-01
8.954128E-01 2.444155E-02 3.771423E-05 9.755207E-01
8.964137E-01 2.492058E-02 3.744404E-05 9.750420E-01
8.974145E-01 2.541298E-02 3.716543E-05 9.745498E-01
8.984153E-01 2.591926E-02 3.687823E-05 9.740439E-01
8.994162E-01 2.643993E-02 3.658229E-05 9.735235E-01
9.004170E-01 2.697550E-02 3.627744E-05 9.729882E-01
9.014178E-01 2.752655E-02 3.596353E-05 9.724375E-01
9.024187E-01 2.809366E-02 3.564038E-05 9.718707E-01
9.034195E-01 2.867744E-02 3.530784E-05 9.712873E-01
9.044204E-01 2.927852E-02 3.496573E-05 9.706865E-01
9.054212E-01 2.989758E-02 3.461389E-05 9.700678E-01
9.064220E-01 3.053533E-02 3.425213E-05 9.694304E-01
9.074229E-01 3.119248E-02 3.388030E-05 9.687736E-01
9.084237E-01 3.186983E-02 3.349823E-05 9.680967E-01
9.094245E-01 3.256816E-02 3.310573E-05 9.673987E-01
9.104254E-01 3.328834E-02 3.270264E-05 9.666790E-01
9.114262E-01 3.403124E-02 3.228879E-05 9.659365E-01
9.124270E-01 3.479781E-02 3.186402E-05 9.651703E-01
9.134279E-01 3.558903E-02 3.142816E-05 9.643795E-01
9.144287E-01 3.640591E-02 3.098105E-05 9.635631E-01
9.154295E-01 3.724955E-02 3.052254E-05 9.627199E-01
9.164304E-01 3.812109E-02 3.005248E-05 9.618489E-01
9.174312E-01 3.902172E-02 2.957073E-05 9.609487E-01
9.184320E-01 3.995270E-02 2.907716E-05 9.600182E-01
9.194329E-01 4.091536E-02 2.857165E-05 9.590561E-01
9.204337E-01 4.191108E-02 2.805409E-05 9.580609E-01
9.214345E-01 4.294136E-02 2.752438E-05 9.570311E-01
9.224354E-01 4.400772E-02 2.698246E-05 9.559653E-01
9.234362E-01 4.511182E-02 2.642826E-05 9.548618E-01
9.244370E-01 4.625536E-02 2.586176E-05 9.537188E-01
9.254379E-01 4.744017E-02 2.528295E-05 9.525345E-01
9.264387E-01 4.866817E-02 2.469185E-05 9.513071E-01
9.274395E-01 4.994139E-02 2.408853E-05 9.500345E-01
9.284404E-01 5.126197E-02 2.347309E-05 9.487146E-01
9.294412E-01 5.263216E-02 2.284567E-05 9.473450E-01
9.304420E-01 5.405437E-02 2.220647E-05 9.459234E-01
9.314429E-01 5.553111E-02 2.155575E-05 9.444473E-01
9.324437E-01 5.706508E-02 2.089384E-05 9.429140E-01
9.334445E-01 5.865909E-02 2.022112E-05 9.413207E-01
9.344454E-01 6.031616E-02 1.953809E-05 9.396643E-01
9.354462E-01 6.203946E-02 1.884532E-05 9.379417E-01
9.364470E-01 6.383235E-02 1.814351E-05 9.361495E-01
9.374479E-01 6.569840E-02 1.743347E-05 9.342842E-01
9.384487E-01 6.764139E-02 1.671615E-05 9.323419E-01
9.394495E-01 6.966534E-02 1.599265E-05 9.303187E-01
9.404504E-01 7.177449E-02 1.526426E-05 9.282102E-01
9.414512E-01 7.397337E-02 1.453247E-05 9.260121E-01
9.424520E-01 7.626676E-02 1.379896E-05 9.237194E-01
9.434529E-01 7.865975E-02 1.306570E-05 9.213272E-01
9.444537E-01 8.115773E-02 1.233492E-05 9.188299E-01
9.454545E-01 8.376643E-02 1.160916E-05 9.162220E-01
9.464554E-01 8.649195E-02 1.089134E-05 9.134972E-01
9.474562E-01 8.934073E-02 1.018474E-05 9.106491E-01
9.484570E-01 9.231964E-02 9.493127E-06 9.076709E-01
9.494579E-01 9.543595E-02 8.820734E-06 9.045552E-01
9.504587E-01 9.869740E-02 8.172369E-06 9.012944E-01
9.514595E-01 1.021122E-01 7.553464E-06 8.978803E-01
9.524604E-01 1.056890E-01 6.970152E-06 8.943041E-01
9.534612E-01 1.094370E-01 6.429345E-06 8.905566E-01
9.544621E-01 1.133660E-01 5.938831E-06 8.866280E-01
9.554629E-01 1.174864E-01 5.507369E-06 8.825081E-01
9.564637E-01 1.218090E-01 5.144800E-06 8.781859E-01
9.574646E-01 1.263453E-01 4.862169E-06 8.736498E-01
9.584654E-01 1.311076E-01 4.671852E-06 8.688878E-01
9.594662E-01 1.361086E-01 4.587699E-06 8.638869E-01
9.604671E-01 1.413617E-01 4.625187E-06 8.586337E-01
9.614679E-01 1.468810E-01 4.801577E-06 8.531142E-01
9.624687E-01 1.526812E-01 5.136088E-06 8.473136E-01
9.634696E-01 1.587777E-01 5.650071E-06 8.412167E-01
9.644704E-01 1.651861E-01 6.367186E-06 8.348075E-01
9.654712E-01 1.719229E-01 7.313584E-06 8.280698E-01
9.664721E-01 1.790046E-01 8.518072E-06 8.209868E-01
9.674729E-01 1.864484E-01 1.001227E-05 8.135416E-01
9.684737E-01 1.942712E-01 1.183075E-05 8.057169E-01
9.694746E-01 2.024901E-01 1.401107E-05 7.974959E-01
9.704754E-01 2.111215E-01 1.659389E-05 7.888619E-01
9.714762E-01 2.201814E-01 1.962283E-05 7.797990E-01
9.724771E-01 2.296845E-01 2.314435E-05 7.702923E-01
9.734779E-01 2.396441E-01 2.720741E-05 7.603287E-01
9.744787E-01 2.500712E-01 3.186303E-05 7.498969E-01
9.754796E-01 2.609741E-01 3.716353E-05 7.389888E-01
9.764804E-01 2.723572E-01 4.316152E-05 7.275997E-01
9.774812E-01 2.842206E-01 4.990863E-05 7.157295E-01
9.784821E-01 2.965587E-01 5.745376E-05 7.033838E-01
9.794829E-01 3.093593E-01 6.584096E-05 6.905749E-01
9.804837E-01 3.226019E-01 7.510676E-05 6.773230E-01
9.814846E-01 3.362569E-01 8.527713E-05 6.636578E-01
9.824854E-01 3.502841E-01 9.636382E-05 6.496195E-01
9.834862E-01 3.646310E-01 1.083603E-04 6.352606E-01
9.844871E-01 3.792321E-01 1.212375E-04 6.206466E-01
9.854879E-01 3.940075E-01 1.349391E-04 6.058576E-01
9.864887E-01 4.088621E-01 1.493772E-04 5.909885E-01
9.874896E-01 4.236859E-01 1.644281E-04 5.761497E-01
9.884904E-01 4.383536E-01 1.799297E-04 5.614664E-01
9.894912E-01 4.527262E-01 1.956790E-04 5.470781E-01
9.904921E-01 4.666523E-01 2.114328E-04 5.331363E-01
9.914929E-01 4.799711E-01 2.269098E-04 5.198020E-01
9.924937E-01 4.925157E-01 2.417962E-04 5.072425E-01
9.934946E-01 5.041176E-01 2.557541E-04 4.956266E-01
9.944954E-01 5.146113E-01 2.684330E-04 4.851203E-01
9.954962E-01 5.238393E-01 2.794846E-04 4.758812E-01
9.964971E-01 5.316578E-01 2.885792E-04 4.680536E-01
9.974979E-01 5.379416E-01 2.954237E-04 4.617630E-01
9.984987E-01 5.425881E-01 2.997797E-04 4.571122E-01
9.994996E-01 5.455216E-01 3.014787E-04 4.541770E-01
1.000500E+00 5.466957E-01 3.004355E-04 4.530039E-01
1.001501E+00 5.460950E-01 2.966550E-04 4.536084E-01
1.002502E+00 5.437355E-01 2.902347E-04 4.559743E-01
1.003503E+00 5.396639E-01 2.813595E-04 4.600547E-01
1.004504E+00 5.339559E-01 2.702914E-04 4.657738E-01
1.005505E+00 5.267128E-01 2.573540E-04 4.730299E-01
1.006505E+00 5.180584E-01 2.429137E-04 4.816986E-01
1.007506E+00 5.081343E-01 2.273589E-04 4.916383E-01
1.008507E+00 4.970947E-01 2.110805E-04 5.026943E-01
1.009508E+00 4.851016E-01 1.944535E-04 5.147039E-01
1.010509E+00 4.723201E-01 1.778226E-04 5.275020E-01
1.011510E+00 4.589132E-01 1.614911E-04 5.409253E-01
1.012510E+00 4.450383E-01 1.457142E-04 5.548160E-01
1.013511E+00 4.308434E-01 1.306963E-04 5.690259E-01
1.014512E+00 4.164650E-01 1.165912E-04 5.834184E-01
1.015513E+00 4.020263E-01 1.035054E-04 5.978702E-01
1.016514E+00 3.876359E-01 9.150266E-05 6.122726E-01
1.017515E+00 3.733878E-01 8.060998E-05 6.265315E-01
1.018515E+00 3.593617E-01 7.082400E-05 6.405674E-01
1.019516E+00 3.456233E-01 6.211718E-05 6.543145E-01
1.020517E+00 3.322256E-01 5.444373E-05 6.677199E-01
1.021518E+00 3.192098E-01 4.774481E-05 6.807424E-01
1.022519E+00 3.066069E-01 4.195306E-05 6.933511E-01
1.023520E+00 2.944386E-01 3.699637E-05 7.055244E-01
1.024520E+00 2.827188E-01 3.280080E-05 7.172484E-01
1.025521E+00 2.714548E-01 2.929293E-05 7.285159E-01
1.026522E+00 2.606482E-01 2.640157E-05 7.393254E-01
1.027523E+00 2.502964E-01 2.405896E-05 7.496795E-01
1.028524E+00 2.403927E-01 2.220155E-05 7.595851E-01
1.029525E+00 2.309278E-01 2.077050E-05 7.690514E-01
1.030525E+00 2.218901E-01 1.971187E-05 7.780902E-01
1.031526E+00 2.132662E-01 1.897662E-05 7.867148E-01
1.032527E+00 2.050418E-01 1.852053E-05 7.949397E-01
1.033528E+00 1.972016E-01 1.830396E-05 8.027801E-01
1.034529E+00 1.897298E-01 1.829159E-05 8.102519E-01
1.035530E+00 1.826106E-01 1.845210E-05 8.173710E-01
1.036530E+00 1.758280E-01 1.875783E-05 8.241533E-01
1.037531E+00 1.693663E-01 1.918447E-05 8.306145E-01
1.038532E+00 1.632102E-01 1.971074E-05 8.367701E-01
1.039533E+00 1.573445E-01 2.031804E-05 8.426352E-01
1.040534E+00 1.517547E-01 2.099023E-05 8.482243E-01
1.041535E+00 1.464269E-01 2.171329E-05 8.535514E-01
1.042535E+00 1.413475E-01 2.247512E-05 8.586300E-01
1.043536E+00 1.365037E-01 2.326532E-05 8.634731E-01
1.044537E+00 1.318831E-01 2.407494E-05 8.680928E-01
1.045538E+00 1.274741E-01 2.489635E-05 8.725010E-01
1.046539E+00 1.232655E-01 2.572305E-05 8.767088E-01
1.047540E+00 1.192468E-01 2.654954E-05 8.807267E-01
1.048540E+00 1.154079E-01 2.737118E-05 8.845647E-01
1.049541E+00 1.117394E-01 2.818409E-05 8.882324E-01
1.050542E+00 1.082323E-01 2.898504E-05 8.917387E-01
1.051543E+00 1.048782E-01 2.977137E-05 8.950920E-01
1.052544E+00 1.016691E-01 3.054090E-05 8.983004E-01
1.053545E+00 9.859733E-02 3.129189E-05 9.013714E-01
1.054545E+00 9.565588E-02 3.202296E-05 9.043121E-01
1.055546E+00 9.283801E-02 3.273302E-05 9.071293E-01
1.056547E+00 9.013738E-02 3.342129E-05 9.098292E-01
1.057548E+00 8.754801E-02 3.408717E-05 9.124179E-01
1.058549E+00 8.506426E-02 3.473031E-05 9.149010E-01
1.059550E+00 8.268083E-02 3.535048E-05 9.172838E-01
1.060550E+00 8.039269E-02 3.594761E-05 9.195714E-01
1.061551E+00 7.819512E-02 3.652175E-05 9.217684E-01
1.062552E+00 7.608365E-02 3.707304E-05 9.238793E-01
1.063553E+00 7.405408E-02 3.760171E-05 9.259083E-01
1.064554E+00 7.210244E-02 3.810806E-05 9.278595E-01
1.065555E+00 7.022496E-02 3.859244E-05 9.297364E-01
1.066555E+00 6.841812E-02 3.905524E-05 9.315428E-01
1.067556E+00 6.667856E-02 3.949690E-05 9.332819E-01
1.068557E+00 6.500313E-02 3.991787E-05 9.349570E-01
1.069558E+00 6.338884E-02 4.031864E-05 9.365708E-01
1.070559E+00 6.183285E-02 4.069970E-05 9.381265E-01
1.071560E+00 6.033250E-02 4.106156E-05 9.396264E-01
1.072560E+00 5.888527E-02 4.140474E-05 9.410733E-01
1.073561E+00 5.748876E-02 4.172974E-05 9.424695E-01
1.074562E+00 5.614071E-02 4.203709E-05 9.438173E-01
1.075563E+00 5.483896E-02 4.232731E-05 9.451187E-01
1.076564E+00 5.358149E-02 4.260089E-05 9.463759E-01
1.077565E+00 5.236638E-02 4.285834E-05 9.475908E-01
1.078565E+00 5.119179E-02 4.310016E-05 9.487651E-01
1.079566E+00 5.005598E-02 4.332683E-05 9.499007E-01
1.080567E+00 4.895733E-02 4.353883E-05 9.509991E-01
1.081568E+00 4.789425E-02 4.373662E-05 9.520620E-01
1.082569E+00 4.686528E-02 4.392065E-05 9.530908E-01
1.083570E+00 4.586900E-02 4.409138E-05 9.540869E-01
1.084570E+00 4.490407E-02 4.424923E-05 9.550517E-01
1.085571E+00 4.396922E-02 4.439462E-05 9.559864E-01
1.086572E+00 4.306324E-02 4.452796E-05 9.568922E-01
1.087573E+00 4.218498E-02 4.464964E-05 9.577704E-01
1.088574E+00 4.133333E-02 4.476004E-05 9.586219E-01
1.089575E+00 4.050726E-02 4.485954E-05 9.594479E-01
1.090575E+00 3.970576E-02 4.494850E-05 9.602493E-01
1.091576E+00 3.892790E-02 4.502726E-05 9.610271E-01
1.092577E+00 3.817276E-02 4.509616E-05 9.617821E-01
1.093578E+00 3.743948E-02 4.515553E-05 9.625154E-01
1.094579E+00 3.672724E-02 4.520568E-05 9.632276E-01
1.095580E+00 3.603526E-02 4.524692E-05 9.639195E-01
1.096580E+00 3.536278E-02 4.527954E-05 9.645919E-01
1.097581E+00 3.470909E-02 4.530382E-05 9.652456E-01
1.098582E+00 3.407350E-02 4.532004E-05 9.658812E-01
1.099583E+00 3.345537E-02 4.532846E-05 9.664993E-01
1.100584E+00 3.285405E-02 4.532934E-05 9.671006E-01
1.101585E+00 3.226897E-02 4.532293E-05 9.676857E-01
1.102585E+00 3.169954E-02 4.530946E-05 9.682552E-01
1.103586E+00 3.114522E-02 4.528917E-05 9.688095E-01
1.104587E+00 3.060548E-02 4.526228E-05 9.693493E-01
1.105588E+00 3.007982E-02 4.522900E-05 9.698750E-01
1.106589E+00 2.956776E-02 4.518954E-05 9.703871E-01
1.107590E+00 2.906884E-02 4.514410E-05 9.708860E-01
1.108590E+00 2.858261E-02 4.509288E-05 9.713723E-01
1.109591E+00 2.810866E-02 4.503605E-05 9.718463E-01
1.110592E+00 2.764658E-02 4.497381E-05 9.723084E-01
1.111593E+00 2.719597E-02 4.490633E-05 9.727591E-01
1.112594E+00 2.675647E-02 4.483377E-05 9.731987E-01
1.113595E+00 2.632771E-02 4.475630E-05 9.736275E-01
1.114595E+00 2.590934E-02 4.467407E-05 9.740460E-01
1.115596E+00 2.550105E-02 4.458724E-05 9.744544E-01
1.116597E+00 2.510250E-02 4.449595E-05 9.748530E-01
1.117598E+00 2.471339E-02 4.440035E-05 9.752422E-01
1.118599E+00 2.433343E-02 4.430057E-05 9.756223E-01
1.119600E+00 2.396234E-02 4.419675E-05 9.759935E-01
1.120601E+00 2.359983E-02 4.408902E-05 9.763561E-01
1.121601E+00 2.324566E-02 4.397749E-05 9.767104E-01
1.122602E+00 2.289956E-02 4.386229E-05 9.770566E-01
1.123603E+00 2.256130E-02 4.374354E-05 9.773950E-01
1.124604E+00 2.223063E-02 4.362135E-05 9.777257E-01
1.125605E+00 2.190735E-02 4.349583E-05 9.780492E-01
1.126606E+00 2.159122E-02 4.336708E-05 9.783654E-01
1.127606E+00 2.128203E-02 4.323521E-05 9.786747E-01
1.128607E+00 2.097960E-02 4.310031E-05 9.789773E-01
1.129608E+00 2.068372E-02 4.296249E-05 9.792733E-01
1.130609E+00 2.039420E-02 4.282183E-05 9.795630E-01
1.131610E+00 2.011086E-02 4.267843E-05 9.798465E-01
1.132611E+00 1.983354E-02 4.253237E-05 9.801239E-01
1.133611E+00 1.956205E-02 4.238374E-05 9.803956E-01
1.134612E+00 1.929625E-02 4.223263E-05 9.806615E-01
1.135613E+00 1.903596E-02 4.207910E-05 9.809220E-01
1.136614E+00 1.878104E-02 4.192324E-05 9.811770E-01
1.137615E+00 1.853134E-02 4.176513E-05 9.814269E-01
1.138616E+00 1.828673E-02 4.160484E-05 9.816717E-01
1.139616E+00 1.804705E-02 4.144243E-05 9.819115E-01
1.140617E+00 1.781219E-02 4.127799E-05 9.821465E-01
1.141618E+00 1.758201E-02 4.111157E-05 9.823769E-01
1.142619E+00 1.735639E-02 4.094324E-05 9.826027E-01
1.143620E+00 1.713521E-02 4.077306E-05 9.828240E-01
1.144621E+00 1.691835E-02 4.060111E-05 9.830411E-01
1.145621E+00 1.670570E-02 4.042743E-05 9.832539E-01
1.146622E+00 1.649715E-02 4.025208E-05 9.834626E-01
1.147623E+00 1.629261E-02 4.007513E-05 9.836673E-01
1.148624E+00 1.609196E-02 3.989663E-05 9.838681E-01
1.149625E+00 1.589510E-02 3.971662E-05 9.840652E-01
1.150626E+00 1.570195E-02 3.953518E-05 9.842585E-01
1.151626E+00 1.551240E-02 3.935234E-05 9.844482E-01
1.152627E+00 1.532638E-02 3.916815E-05 9.846345E-01
1.153628E+00 1.514379E-02 3.898267E-05 9.848172E-01
1.154629E+00 1.496454E-02 3.879594E-05 9.849967E-01
1.155630E+00 1.478857E-02 3.860800E-05 9.851728E-01
1.156631E+00 1.461578E-02 3.841892E-05 9.853458E-01
1.157631E+00 1.444610E-02 3.822871E-05 9.855157E-01
1.158632E+00 1.427946E-02 3.803744E-05 9.856825E-01
1.159633E+00 1.411578E-02 3.784514E-05 9.858464E-01
1.160634E+00 1.395499E-02 3.765185E-05 9.860074E-01
1.161635E+00 1.379703E-02 3.745762E-05 9.861655E-01
1.162636E+00 1.364183E-02 3.726248E-05 9.863209E-01
1.163636E+00 1.348932E-02 3.706646E-05 9.864736E-01
1.164637E+00 1.333945E-02 3.686962E-05 9.866237E-01
1.165638E+00 1.319215E-02 3.667198E-05 9.867712E-01
1.166639E+00 1.304736E-02 3.647357E-05 9.869162E-01
1.167640E+00 1.290503E-02 3.627444E-05 9.870587E-01
1.168641E+00 1.276510E-02 3.607462E-05 9.871988E-01
1.169641E+00 1.262751E-02 3.587414E-05 9.873366E-01
1.170642E+00 1.249222E-02 3.567303E-05 9.874721E-01
1.171643E+00 1.235917E-02 3.547133E-05 9.876054E-01
1.172644E+00 1.222832E-02 3.526906E-05 9.877364E-01
1.173645E+00 1.209961E-02 3.506627E-05 9.878653E-01
1.174646E+00 1.197300E-02 3.486296E-05 9.879921E-01
1.175646E+00 1.184844E-02 3.465919E-05 9.881169E-01
1.176647E+00 1.172589E-02 3.445497E-05 9.882397E-01
1.177648E+00 1.160531E-02 3.425033E-05 9.883604E-01
1.178649E+00 1.148664E-02 3.404530E-05 9.884793E-01
1.179650E+00 1.136986E-02 3.383991E-05 9.885963E-01
1.180651E+00 1.125492E-02 3.363418E-05 9.887114E-01
1.181651E+00 1.114178E-02 3.342814E-05 9.888248E-01
1.182652E+00 1.103041E-02 3.322181E-05 9.889364E-01
1.183653E+00 1.092077E-02 3.301523E-05 9.890462E-01
1.184654E+00 1.081282E-02 3.280841E-05 9.891544E-01
1.185655E+00 1.070652E-02 3.260137E-05 9.892609E-01
1.186656E+00 1.060186E-02 3.239415E-05 9.893658E-01
1.187656E+00 1.049878E-02 3.218676E-05 9.894690E-01
1.188657E+00 1.039726E-02 3.197923E-05 9.895708E-01
1.189658E+00 1.029726E-02 3.177157E-05 9.896710E-01
1.190659E+00 1.019876E-02 3.156382E-05 9.897697E-01
1.191660E+00 1.010173E-02 3.135599E-05 9.898669E-01
1.192661E+00 1.000613E-02 3.114810E-05 9.899627E-01
1.193661E+00 9.911944E-03 3.094017E-05 9.900571E-01
1.194662E+00 9.819136E-03 3.073223E-05 9.901501E-01
1.195663E+00 9.727680E-03 3.052429E-05 9.902418E-01
1.196664E+00 9.637553E-03 3.031637E-05 9.903321E-01
1.197665E+00 9.548727E-03 3.010850E-05 9.904212E-01
1.198666E+00 9.461176E-03 2.990069E-05 9.905089E-01
1.199666E+00 9.374875E-03 2.969295E-05 9.905954E-01
1.200667E+00 9.289802E-03 2.948532E-05 9.906807E-01
1.201668E+00 9.205935E-03 2.927779E-05 9.907648E-01
1.202669E+00 9.123248E-03 2.907041E-05 9.908477E-01
1.203670E+00 9.041719E-03 2.886317E-05 9.909294E-01
1.204671E+00 8.961327E-03 2.865609E-05 9.910100E-01
1.205671E+00 8.882051E-03 2.844921E-05 9.910895E-01
1.206672E+00 8.803870E-03 2.824252E-05 9.911679E-01
1.207673E+00 8.726765E-03 2.803605E-05 9.912452E-01
1.208674E+00 8.650713E-03 2.782981E-05 9.913215E-01
1.209675E+00 8.575697E-03 2.762381E-05 9.913967E-01
1.210676E+00 8.501697E-03 2.741809E-05 9.914709E-01
1.211676E+00 8.428697E-03 2.721263E-05 9.915441E-01
1.212677E+00 8.356676E-03 2.700747E-05 9.916163E-01
1.213678E+00 8.285617E-03 2.680262E-05 9.916876E-01
1.214679E+00 8.215503E-03 2.659809E-05 9.917579E-01
1.215680E+00 8.146317E-03 2.639390E-05 9.918273E-01
1.216681E+00 8.078044E-03 2.619005E-05 9.918958E-01
1.217681E+00 8.010667E-03 2.598657E-05 9.919633E-01
1.218682E+00 7.944168E-03 2.578347E-05 9.920300E-01
1.219683E+00 7.878533E-03 2.558075E-05 9.920959E-01
1.220684E+00 7.813748E-03 2.537844E-05 9.921609E-01
1.221685E+00 7.749799E-03 2.517655E-05 9.922250E-01
1.222686E+00 7.686669E-03 2.497508E-05 9.922884E-01
1.223686E+00 7.624344E-03 2.477405E-05 9.923509E-01
1.224687E+00 7.562811E-03 2.457348E-05 9.924126E-01
1.225688E+00 7.502057E-03 2.437337E-05 9.924736E-01
1.226689E+00 7.442069E-03 2.417373E-05 9.925338E-01
1.227690E+00 7.382833E-03 2.397459E-05 9.925932E-01
1.228691E+00 7.324336E-03 2.377594E-05 9.926519E-01
1.229691E+00 7.266566E-03 2.357781E-05 9.927099E-01
1.230692E+00 7.209512E-03 2.338019E-05 9.927671E-01
1.231693E+00 7.153161E-03 2.318311E-05 9.928237E-01
1.232694E+00 7.097502E-03 2.298657E-05 9.928795E-01
1.233695E+00 7.042521E-03 2.279059E-05 9.929347E-01
1.234696E+00 6.988209E-03 2.259517E-05 9.929892E-01
1.235696E+00 6.934556E-03 2.240033E-05 9.930430E-01
1.236697E+00 6.881551E-03 2.220607E-05 9.930962E-01
1.237698E+00 6.829182E-03 2.201240E-05 9.931488E-01
1.238699E+00 6.777438E-03 2.181934E-05 9.932007E-01
1.239700E+00 6.726310E-03 2.162689E-05 9.932521E-01
1.240701E+00 6.675790E-03 2.143506E-05 9.933028E-01
1.241701E+00 6.625867E-03 2.124386E-05 9.933529E-01
1.242702E+00 6.576530E-03 2.105331E-05 9.934024E-01
1.243703E+00 6.527771E-03 2.086341E-05 9.934514E-01
1.244704E+00 6.479580E-03 2.067416E-05 9.934997E-01
1.245705E+00 6.431949E-03 2.048558E-05 9.935476E-01
1.246706E+00 6.384871E-03 2.029768E-05 9.935948E-01
1.247706E+00 6.338334E-03 2.011046E-05 9.936416E-01
1.248707E+00 6.292330E-03 1.992393E-05 9.936877E-01
1.249708E+00 6.246852E-03 1.973811E-05 9.937334E-01
1.250709E+00 6.201892E-03 1.955299E-05 9.937786E-01
1.251710E+00 6.157443E-03 1.936858E-05 9.938232E-01
1.252711E+00 6.113495E-03 1.918490E-05 9.938673E-01
1.253711E+00 6.070040E-03 1.900196E-05 9.939110E-01
1.254712E+00 6.027072E-03 1.881974E-05 9.939541E-01
1.255713E+00 5.984584E-03 1.863828E-05 9.939968E-01
1.256714E+00 5.942569E-03 1.845756E-05 9.940390E-01
1.257715E+00 5.901018E-03 1.827761E-05 9.940807E-01
1.258716E+00 5.859924E-03 1.809842E-05 9.941220E-01
1.259716E+00 5.819282E-03 1.792000E-05 9.941628E-01
1.260717E+00 5.779085E-03 1.774237E-05 9.942032E-01
1.261718E+00 5.739327E-03 1.756552E-05 9.942431E-01
1.262719E+00 5.700000E-03 1.738946E-05 9.942826E-01
1.263720E+00 5.661097E-03 1.721419E-05 9.943217E-01
1.264721E+00 5.622613E-03 1.703974E-05 9.943603E-01
1.265721E+00 5.584543E-03 1.686609E-05 9.943986E-01
1.266722E+00 5.546881E-03 1.669326E-05 9.944364E-01
1.267723E+00 5.509619E-03 1.652125E-05 9.944739E-01
1.268724E+00 5.472751E-03 1.635006E-05 9.945109E-01
1.269725E+00 5.436273E-03 1.617971E-05 9.945475E-01
1.270726E+00 5.400181E-03 1.601020E-05 9.945838E-01
1.271726E+00 5.364467E-03 1.584153E-05 9.946197E-01
1.272727E+00 5.329126E-03 1.567371E-05 9.946552E-01
1.273728E+00 5.294152E-03 1.550674E-05 9.946903E-01
1.274729E+00 5.259541E-03 1.534063E-05 9.947251E-01
1.275730E+00 5.225289E-03 1.517538E-05 9.947595E-01
1.276731E+00 5.191389E-03 1.501099E-05 9.947936E-01
1.277731E+00 5.157837E-03 1.484749E-05 9.948273E-01
1.278732E+00 5.124627E-03 1.468485E-05 9.948607E-01
1.279733E+00 5.091756E-03 1.452310E-05 9.948937E-01
1.280734E+00 5.059219E-03 1.436223E-05 9.949264E-01
1.281735E+00 5.027011E-03 1.420225E-05 9.949588E-01
1.282736E+00 4.995127E-03 1.404316E-05 9.949908E-01
1.283736E+00 4.963562E-03 1.388497E-05 9.950226E-01
1.284737E+00 4.932314E-03 1.372768E-05 9.950540E-01
1.285738E+00 4.901378E-03 1.357130E-05 9.950851E-01
1.286739E+00 4.870750E-03 1.341582E-05 9.951158E-01
1.287740E+00 4.840423E-03 1.326125E-05 9.951463E-01
1.288741E+00 4.810395E-03 1.310760E-05 9.951765E-01
1.289741E+00 4.780663E-03 1.295486E-05 9.952064E-01
1.290742E+00 4.751223E-03 1.280305E-05 9.952360E-01
1.291743E+00 4.722070E-03 1.265216E-05 9.952653E-01
1.292744E+00 4.693199E-03 1.250219E-05 9.952943E-01
1.293745E+00 4.664608E-03 1.235316E-05 9.953230E-01
1.294746E+00 4.636294E-03 1.220506E-05 9.953515E-01
1.295746E+00 4.608253E-03 1.205789E-05 9.953797E-01
1.296747E+00 4.580480E-03 1.191166E-05 9.954076E-01
1.297748E+00 4.552972E-03 1.176638E-05 9.954353E-01
1.298749E+00 4.525726E-03 1.162203E-05 9.954627E-01
1.299750E+00 4.498739E-03 1.147863E-05 9.954898E-01
1.300751E+00 4.472007E-03 1.133618E-05 9.955167E-01
1.301751E+00 4.445528E-03 1.119467E-05 9.955433E-01
1.302752E+00 4.419296E-03 1.105412E-05 9.955696E-01
1.303753E+00 4.393310E-03 1.091452E-05 9.955958E-01
1.304754E+00 4.367566E-03 1.077587E-05 9.956217E-01
1.305755E+00 4.342063E-03 1.063818E-05 9.956473E-01
1.306756E+00 4.316796E-03 1.050145E-05 9.956727E-01
1.307756E+00 4.291761E-03 1.036568E-05 9.956979E-01
1.308757E+00 4.266956E-03 1.023087E-05 9.957228E-01
1.309758E+00 4.242379E-03 1.009702E-05 9.957475E-01
1.310759E+00 4.218028E-03 9.964137E-06 9.957720E-01
1.311760E+00 4.193898E-03 9.832218E-06 9.957963E-01
1.312761E+00 4.169986E-03 9.701265E-06 9.958203E-01
1.313761E+00 4.146291E-03 9.571279E-06 9.958441E-01
1.314762E+00 4.122810E-03 9.442261E-06 9.958677E-01
1.315763E+00 4.099540E-03 9.314212E-06 9.958911E-01
1.316764E+00 4.076479E-03 9.187133E-06 9.959143E-01
1.317765E+00 4.053622E-03 9.061024E-06 9.959373E-01
1.318766E+00 4.030969E-03 8.935886E-06 9.959601E-01
1.319766E+00 4.008518E-03 8.811720E-06 9.959827E-01
1.320767E+00 3.986265E-03 8.688525E-06 9.960050E-01
1.321768E+00 3.964208E-03 8.566302E-06 9.960272E-01
1.322769E+00 3.942344E-03 8.445052E-06 9.960492E-01
1.323770E+00 3.920672E-03 8.324775E-06 9.960710E-01
1.324771E+00 3.899189E-03 8.205470E-06 9.960926E-01
1.325771E+00 3.877893E-03 8.087138E-06 9.961140E-01
1.326772E+00 3.856782E-03 7.969779E-06 9.961352E-01
1.327773E+00 3.835852E-03 7.853393E-06 9.961563E-01
1.328774E+00 3.815102E-03 7.737978E-06 9.961772E-01
1.329775E+00 3.794531E-03 7.623536E-06 9.961978E-01
1.330776E+00 3.774137E-03 7.510066E-06 9.962184E-01
1.331776E+00 3.753916E-03 7.397567E-06 9.962387E-01
1.332777E+00 3.733867E-03 7.286039E-06 9.962588E-01
1.333778E+00 3.713987E-03 7.175481E-06 9.962788E-01
1.334779E+00 3.694276E-03 7.065892E-06 9.962987E-01
1.335780E+00 3.674731E-03 6.957272E-06 9.963183E-01
1.336781E+00 3.655351E-03 6.849621E-06 9.963378E-01
1.337781E+00 3.636131E-03 6.742936E-06 9.963571E-01
1.338782E+00 3.617072E-03 6.637218E-06 9.963763E-01
1.339783E+00 3.598173E-03 6.532465E-06 9.963953E-01
1.340784E+00 3.579430E-03 6.428676E-06 9.964141E-01
1.341785E+00 3.560842E-03 6.325849E-06 9.964328E-01
1.342786E+00 3.542407E-03 6.223985E-06 9.964514E-01
1.343786E+00 3.524123E-03 6.123081E-06 9.964698E-01
1.344787E+00 3.505990E-03 6.023135E-06 9.964880E-01
1.345788E+00 3.488005E-03 5.924148E-06 9.965061E-01
1.346789E+00 3.470167E-03 5.826116E-06 9.965240E-01
1.347790E+00 3.452472E-03 5.729039E-06 9.965418E-01
1.348791E+00 3.434922E-03 5.632915E-06 9.965594E-01
1.349791E+00 3.417513E-03 5.537742E-06 9.965769E-01
1.350792E+00 3.400245E-03 5.443519E-06 9.965943E-01
1.351793E+00 3.383115E-03 5.350243E-06 9.966115E-01
1.352794E+00 3.366122E-03 5.257912E-06 9.966286E-01
1.353795E+00 3.349265E-03 5.166526E-06 9.966456E-01
1.354796E+00 3.332543E-03 5.076081E-06 9.966624E-01
1.355796E+00 3.315953E-03 4.986576E-06 9.966791E-01
1.356797E+00 3.299495E-03 4.898008E-06 9.966956E-01
1.357798E+00 3.283166E-03 4.810376E-06 9.967120E-01
1.358799E+00 3.266965E-03 4.723676E-06 9.967283E-01
1.359800E+00 3.250893E-03 4.637907E-06 9.967445E-01
1.360801E+00 3.234946E-03 4.553067E-06 9.967605E-01
1.361802E+00 3.219124E-03 4.469152E-06 9.967764E-01
1.362802E+00 3.203425E-03 4.386161E-06 9.967922E-01
1.363803E+00 3.187847E-03 4.304091E-06 9.968078E-01
1.364804E+00 3.172391E-03 4.222939E-06 9.968234E-01
1.365805E+00 3.157054E-03 4.142702E-06 9.968388E-01
1.366806E+00 3.141835E-03 4.063379E-06 9.968541E-01
1.367807E+00 3.126733E-03 3.984965E-06 9.968693E-01
1.368807E+00 3.111747E-03 3.907459E-06 9.968843E-01
1.369808E+00 3.096875E-03 3.830856E-06 9.968993E-01
1.370809E+00 3.082117E-03 3.755156E-06 9.969141E-01
1.371810E+00 3.067471E-03 3.680354E-06 9.969288E-01
1.372811E+00 3.052936E-03 3.606447E-06 9.969435E-01
1.373812E+00 3.038510E-03 3.533433E-06 9.969580E-01
1.374812E+00 3.024194E-03 3.461307E-06 9.969723E-01
1.375813E+00 3.009985E-03 3.390068E-06 9.969866E-01
1.376814E+00 2.995883E-03 3.319711E-06 9.970008E-01
1.377815E+00 2.981885E-03 3.250234E-06 9.970149E-01
1.378816E+00 2.967992E-03 3.181633E-06 9.970288E-01
1.379817E+00 2.954203E-03 3.113905E-06 9.970427E-01
1.380817E+00 2.940517E-03 3.047046E-06 9.970564E-01
1.381818E+00 2.926931E-03 2.981053E-06 9.970701E-01
1.382819E+00 2.913445E-03 2.915922E-06 9.970836E-01
1.383820E+00 2.900058E-03 2.851650E-06 9.970971E-01
1.384821E+00 2.886769E-03 2.788233E-06 9.971104E-01
1.385822E+00 2.873578E-03 2.725667E-06 9.971237E-01
1.386822E+00 2.860483E-03 2.663949E-06 9.971369E-01
1.387823E+00 2.847483E-03 2.603075E-06 9.971499E-01
1.388824E+00 2.834577E-03 2.543042E-06 9.971629E-01
1.389825E+00 2.821764E-03 2.483844E-06 9.971758E-01
1.390826E+00 2.809045E-03 2.425480E-06 9.971885E-01
1.391827E+00 2.796416E-03 2.367943E-06 9.972012E-01
1.392827E+00 2.783877E-03 2.311232E-06 9.972138E-01
1.393828E+00 2.771428E-03 2.255341E-06 9.972263E-01
1.394829E+00 2.759068E-03 2.200267E-06 9.972387E-01
1.395830E+00 2.746796E-03 2.146005E-06 9.972511E-01
1.396831E+00 2.734611E-03 2.092552E-06 9.972633E-01
1.397832E+00 2.722511E-03 2.039904E-06 9.972754E-01
1.398832E+00 2.710496E-03 1.988055E-06 9.972875E-01
1.399833E+00 2.698566E-03 1.937002E-06 9.972995E-01
1.400834E+00 2.686720E-03 1.886741E-06 9.973114E-01
1.401835E+00 2.674956E-03 1.837268E-06 9.973232E-01
1.402836E+00 2.663273E-03 1.788578E-06 9.973349E-01
1.403837E+00 2.651672E-03 1.740666E-06 9.973466E-01
1.404837E+00 2.640151E-03 1.693529E-06 9.973582E-01
1.405838E+00 2.628710E-03 1.647162E-06 9.973696E-01
1.406839E+00 2.617347E-03 1.601560E-06 9.973811E-01
1.407840E+00 2.606062E-03 1.556719E-06 9.973924E-01
1.408841E+00 2.594854E-03 1.512635E-06 9.974036E-01
1.409842E+00 2.583723E-03 1.469303E-06 9.974148E-01
1.410842E+00 2.572668E-03 1.426718E-06 9.974259E-01
1.411843E+00 2.561687E-03 1.384877E-06 9.974369E-01
1.412844E+00 2.550781E-03 1.343773E-06 9.974479E-01
1.413845E+00 2.539947E-03 1.303403E-06 9.974587E-01
1.414846E+00 2.529188E-03 1.263762E-06 9.974695E-01
1.415847E+00 2.518500E-03 1.224846E-06 9.974803E-01
1.416847E+00 2.507885E-03 1.186648E-06 9.974909E-01
1.417848E+00 2.497339E-03 1.149166E-06 9.975015E-01
1.418849E+00 2.486864E-03 1.112393E-06 9.975120E-01
1.419850E+00 2.476459E-03 1.076326E-06 9.975225E-01
1.420851E+00 2.466123E-03 1.040959E-06 9.975328E-01
1.421852E+00 2.455856E-03 1.006287E-06 9.975431E-01
1.422852E+00 2.445656E-03 9.723062E-07 9.975534E-01
1.423853E+00 2.435522E-03 9.390109E-07 9.975635E-01
1.424854E+00 2.425457E-03 9.063965E-07 9.975736E-01
1.425855E+00 2.415458E-03 8.744581E-07 9.975837E-01
1.426856E+00 2.405524E-03 8.431906E-07 9.975936E-01
1.427857E+00 2.395655E-03 8.125891E-07 9.976035E-01
1.428857E+00 2.385849E-03 7.826485E-07 9.976134E-01
1.429858E+00 2.376109E-03 7.533639E-07 9.976231E-01
1.430859E+00 2.366433E-03 7.247303E-07 9.976328E-01
1.431860E+00 2.356820E-03 6.967426E-07 9.976425E-01
1.432861E+00 2.347268E-03 6.693958E-07 9.976521E-01
1.433862E+00 2.337778E-03 6.426847E-07 9.976616E-01
1.434862E+00 2.328351E-03 6.166043E-07 9.976710E-01
1.435863E+00 2.318985E-03 5.911496E-07 9.976804E-01
1.436864E+00 2.309680E-03 5.663154E-07 9.976898E-01
1.437865E+00 2.300434E-03 5.420965E-07 9.976990E-01
1.438866E+00 2.291248E-03 5.184877E-07 9.977082E-01
1.439867E+00 2.282122E-03 4.954840E-07 9.977174E-01
1.440867E+00 2.273056E-03 4.730802E-07 9.977265E-01
1.441868E+00 2.264048E-03 4.512711E-07 9.977355E-01
1.442869E+00 2.255096E-03 4.300515E-07 9.977445E-01
1.443870E+00 2.246203E-03 4.094161E-07 9.977534E-01
1.444871E+00 2.237368E-03 3.893599E-07 9.977622E-01
1.445872E+00 2.228591E-03 3.698775E-07 9.977710E-01
1.446872E+00 2.219870E-03 3.509639E-07 9.977798E-01
1.447873E+00 2.211204E-03 3.326135E-07 9.977885E-01
1.448874E+00 2.202594E-03 3.148213E-07 9.977971E-01
1.449875E+00 2.194041E-03 2.975820E-07 9.978057E-01
1.450876E+00 2.185544E-03 2.808904E-07 9.978142E-01
1.451877E+00 2.177100E-03 2.647412E-07 9.978226E-01
1.452877E+00 2.168710E-03 2.491290E-07 9.978310E-01
1.453878E+00 2.160374E-03 2.340487E-07 9.978394E-01
1.454879E+00 2.152093E-03 2.194949E-07 9.978477E-01
1.455880E+00 2.143867E-03 2.054624E-07 9.978559E-01
1.456881E+00 2.135692E-03 1.919459E-07 9.978641E-01
1.457882E+00 2.127569E-03 1.789400E-07 9.978723E-01
1.458882E+00 2.119498E-03 1.664395E-07 9.978803E-01
1.459883E+00 2.111481E-03 1.544391E-07 9.978884E-01
1.460884E+00 2.103517E-03 1.429336E-07 9.978963E-01
1.461885E+00 2.095602E-03 1.319175E-07 9.979043E-01
1.462886E+00 2.087737E-03 1.213857E-07 9.979121E-01
1.463887E+00 2.079924E-03 1.113327E-07 9.979200E-01
1.464887E+00 2.072162E-03 1.017533E-07 9.979277E-01
1.465888E+00 2.064451E-03 9.264226E-08 9.979355E-01
1.466889E+00 2.056788E-03 8.399424E-08 9.979431E-01
1.467890E+00 2.049173E-03 7.580391E-08 9.979508E-01
1.468891E+00 2.041607E-03 6.806600E-08 9.979583E-01
1.469892E+00 2.034092E-03 6.077524E-08 9.979658E-01
1.470892E+00 2.026625E-03 5.392638E-08 9.979733E-01
1.471893E+00 2.019205E-03 4.751408E-08 9.979807E-01
1.472894E+00 2.011830E-03 4.153307E-08 9.979881E-01
1.473895E+00 2.004504E-03 3.597807E-08 9.979955E-01
1.474896E+00 1.997226E-03 3.084386E-08 9.980027E-01
1.475897E+00 1.989995E-03 2.612517E-08 9.980100E-01
1.476897E+00 1.982808E-03 2.181673E-08 9.980172E-01
1.477898E+00 1.975665E-03 1.791327E-08 9.980243E-01
1.478899E+00 1.968568E-03 1.440958E-08 9.980314E-01
1.479900E+00 1.961519E-03 1.130043E-08 9.980385E-01
1.480901E+00 1.954514E-03 8.580609E-09 9.980455E-01
1.481902E+00 1.947551E-03 6.244876E-09 9.980524E-01
1.482902E+00 1.940629E-03 4.288020E-09 9.980594E-01
1.483903E+00 1.933753E-03 2.704855E-09 9.980662E-01
1.484904E+00 1.926922E-03 1.490202E-09 9.980731E-01
1.485905E+00 1.920134E-03 6.388808E-10 9.980799E-01
1.486906E+00 1.913384E-03 1.457189E-10 9.980866E-01
1.487907E+00 1.906676E-03 5.562455E-12 9.980933E-01
1.488907E+00 1.900010E-03 2.132732E-10 9.981000E-01
1.489908E+00 1.893387E-03 7.637174E-10 9.981066E-01
1.490909E+00 1.886805E-03 1.651771E-09 9.981132E-01
1.491910E+00 1.880260E-03 2.872330E-09 9.981197E-01
1.492911E+00 1.873754E-03 4.420313E-09 9.981262E-01
1.493912E+00 1.867289E-03 6.290640E-09 9.981327E-01
1.494912E+00 1.860865E-03 8.478229E-09 9.981391E-01
1.495913E+00 1.854479E-03 1.097802E-08 9.981455E-01
1.496914E+00 1.848128E-03 1.378500E-08 9.981519E-01
1.497915E+00 1.841814E-03 1.689417E-08 9.981582E-01
1.498916E+00 1.835540E-03 2.030050E-08 9.981644E-01
1.499917E+00 1.829305E-03 2.399899E-08 9.981707E-01
1.500917E+00 1.823106E-03 2.798464E-08 9.981769E-01
1.501918E+00 1.816940E-03 3.225255E-08 9.981830E-01
1.502919E+00 1.810808E-03 3.679779E-08 9.981892E-01
1.503920E+00 1.804715E-03 4.161542E-08 9.981952E-01
1.504921E+00 1.798659E-03 4.670050E-08 9.982013E-01
1.505922E+00 1.792637E-03 5.204814E-08 9.982073E-01
1.506922E+00 1.786646E-03 5.765351E-08 9.982133E-01
1.507923E+00 1.780688E-03 6.351181E-08 9.982192E-01
1.508924E+00 1.774767E-03 6.961818E-08 9.982252E-01
1.509925E+00 1.768881E-03 7.596774E-08 9.982310E-01
1.510926E+00 1.763027E-03 8.255571E-08 9.982369E-01
1.511927E+00 1.757202E-03 8.937738E-08 9.982427E-01
1.512927E+00 1.751409E-03 9.642805E-08 9.982485E-01
1.513928E+00 1.745652E-03 1.037029E-07 9.982542E-01
1.514929E+00 1.739928E-03 1.111973E-07 9.982600E-01
1.515930E+00 1.734234E-03 1.189064E-07 9.982656E-01
1.516931E+00 1.728567E-03 1.268257E-07 9.982713E-01
1.517932E+00 1.722931E-03 1.349505E-07 9.982769E-01
1.518932E+00 1.717329E-03 1.432763E-07 9.982825E-01
1.519933E+00 1.711760E-03 1.517984E-07 9.982881E-01
1.520934E+00 1.706219E-03 1.605121E-07 9.982936E-01
1.521935E+00 1.700703E-03 1.694130E-07 9.982991E-01
1.522936E+00 1.695217E-03 1.784967E-07 9.983046E-01
1.523937E+00 1.689764E-03 1.877585E-07 9.983100E-01
1.524937E+00 1.684343E-03 1.971940E-07 9.983155E-01
1.525938E+00 1.678947E-03 2.067986E-07 9.983208E-01
1.526939E+00 1.673576E-03 2.165681E-07 9.983262E-01
1.527940E+00 1.668234E-03 2.264981E-07 9.983315E-01
1.528941E+00 1.662924E-03 2.365841E-07 9.983368E-01
1.529942E+00 1.657644E-03 2.468218E-07 9.983421E-01
1.530942E+00 1.652389E-03 2.572067E-07 9.983474E-01
1.531943E+00 1.647156E-03 2.677347E-07 9.983526E-01
1.532944E+00 1.641952E-03 2.784017E-07 9.983578E-01
1.533945E+00 1.636780E-03 2.892032E-07 9.983629E-01
1.534946E+00 1.631636E-03 3.001349E-07 9.983681E-01
1.535947E+00 1.626515E-03 3.111927E-07 9.983732E-01
1.536947E+00 1.621416E-03 3.223725E-07 9.983783E-01
1.537948E+00 1.616345E-03 3.336703E-07 9.983833E-01
1.538949E+00 1.611305E-03 3.450819E-07 9.983883E-01
1.539950E+00 1.606292E-03 3.566030E-07 9.983934E-01
1.540951E+00 1.601301E-03 3.682296E-07 9.983983E-01
1.541952E+00 1.596330E-03 3.799579E-07 9.984033E-01
1.542952E+00 1.591387E-03 3.917839E-07 9.984082E-01
1.543953E+00 1.586474E-03 4.037036E-07 9.984131E-01
1.544954E+00 1.581588E-03 4.157128E-07 9.984180E-01
1.545955E+00 1.576720E-03 4.278077E-07 9.984229E-01
1.546956E+00 1.571873E-03 4.399847E-07 9.984277E-01
1.547957E+00 1.567052E-03 4.522399E-07 9.984325E-01
1.548957E+00 1.562261E-03 4.645693E-07 9.984373E-01
1.549958E+00 1.557494E-03 4.769691E-07 9.984420E-01
1.550959E+00 1.552746E-03 4.894354E-07 9.984468E-01
1.551960E+00 1.548016E-03 5.019648E-07 9.984515E-01
1.552961E+00 1.543312E-03 5.145539E-07 9.984562E-01
1.553962E+00 1.538636E-03 5.271985E-07 9.984608E-01
1.554962E+00 1.533983E-03 5.398948E-07 9.984655E-01
1.555963E+00 1.529346E-03 5.526395E-07 9.984701E-01
1.556964E+00 1.524727E-03 5.654291E-07 9.984747E-01
1.557965E+00 1.520132E-03 5.782604E-07 9.984793E-01
1.558966E+00 1.515565E-03 5.911293E-07 9.984838E-01
1.559967E+00 1.511019E-03 6.040323E-07 9.984884E-01
1.560967E+00 1.506486E-03 6.169661E-07 9.984929E-01
1.561968E+00 1.501969E-03 6.299276E-07 9.984974E-01
1.562969E+00 1.497476E-03 6.429134E-07 9.985019E-01
1.563970E+00 1.493009E-03 6.559199E-07 9.985063E-01
1.564971E+00 1.488560E-03 6.689435E-07 9.985108E-01
1.565972E+00 1.484122E-03 6.819811E-07 9.985152E-01
1.566972E+00 1.479698E-03 6.950299E-07 9.985196E-01
1.567973E+00 1.475298E-03 7.080866E-07 9.985240E-01
1.568974E+00 1.470920E-03 7.211478E-07 9.985284E-01
1.569975E+00 1.466558E-03 7.342100E-07 9.985327E-01
1.570976E+00 1.462204E-03 7.472703E-07 9.985370E-01
1.571977E+00 1.457863E-03 7.603260E-07 9.985414E-01
1.572977E+00 1.453543E-03 7.733742E-07 9.985457E-01
1.573978E+00 1.449243E-03 7.864114E-07 9.985500E-01
1.574979E+00 1.444956E-03 7.994342E-07 9.985542E-01
1.575980E+00 1.440674E-03 8.124401E-07 9.985585E-01
1.576981E+00 1.436403E-03 8.254266E-07 9.985628E-01
1.577982E+00 1.432150E-03 8.383908E-07 9.985670E-01
1.578982E+00 1.427916E-03 8.513293E-07 9.985712E-01
1.579983E+00 1.423690E-03 8.642390E-07 9.985754E-01
1.580984E+00 1.419467E-03 8.771176E-07 9.985797E-01
1.581985E+00 1.415252E-03 8.899628E-07 9.985839E-01
1.582986E+00 1.411052E-03 9.027717E-07 9.985880E-01
1.583987E+00 1.406868E-03 9.155413E-07 9.985922E-01
1.584987E+00 1.402688E-03 9.282684E-07 9.985964E-01
1.585988E+00 1.398509E-03 9.409510E-07 9.986006E-01
1.586989E+00 1.394334E-03 9.535870E-07 9.986047E-01
1.587990E+00 1.390173E-03 9.661737E-07 9.986089E-01
1.588991E+00 1.386023E-03 9.787081E-07 9.986130E-01
1.589992E+00 1.381875E-03 9.911874E-07 9.986171E-01
1.590992E+00 1.377723E-03 1.003609E-06 9.986213E-01
1.591993E+00 1.373573E-03 1.015973E-06 9.986254E-01
1.592994E+00 1.369433E-03 1.028275E-06 9.986295E-01
1.593995E+00 1.365302E-03 1.040512E-06 9.986337E-01
1.594996E+00 1.361168E-03 1.052682E-06 9.986378E-01
1.595997E+00 1.357027E-03 1.064784E-06 9.986419E-01
1.596997E+00 1.352885E-03 1.076815E-06 9.986460E-01
1.597998E+00 1.348751E-03 1.088773E-06 9.986502E-01
1.598999E+00 1.344621E-03 1.100656E-06 9.986543E-01
1.600000E+00 1.340485E-03 1.112461E-06 9.986584E-01
