# # t, EM energy in cavity (in meep units)
0.000000E+00 0.000000E+00
1.000000E-01 0.000000E+00
2.000000E-01 0.000000E+00
3.000000E-01 0.000000E+00
4.000000E-01 0.000000E+00
5.000000E-01 0.000000E+00
6.000000E-01 1.317018E-125
7.000000E-01 3.678148E-89
8.000000E-01 2.842840E-63
9.000000E-01 5.711115E-44
1.000000E+00 9.387472E-30
1.100000E+00 4.050681E-20
1.200000E+00 6.925887E-16
1.300000E+00 3.608810E-13
1.400000E+00 4.980432E-12
1.500000E+00 2.304649E-11
1.600000E+00 5.222277E-11
1.700000E+00 6.165753E-11
1.800000E+00 1.588732E-10
1.900000E+00 1.080800E-09
2.000000E+00 3.979075E-09
2.100000E+00 7.656840E-09
2.200000E+00 8.498775E-09
2.300000E+00 2.121175E-08
2.400000E+00 1.113040E-07
2.500000E+00 3.365067E-07
2.600000E+00 5.564292E-07
2.700000E+00 5.957272E-07
2.800000E+00 1.409072E-06
2.900000E+00 5.710476E-06
3.000000E+00 1.417765E-05
3.100000E+00 2.036980E-05
3.200000E+00 2.153267E-05
3.300000E+00 4.695257E-05
3.400000E+00 1.472693E-04
3.500000E+00 3.010392E-04
3.600000E+00 3.821507E-04
3.700000E+00 4.057977E-04
3.800000E+00 7.931411E-04
3.900000E+00 1.934101E-03
4.000000E+00 3.277111E-03
4.100000E+00 3.760087E-03
4.200000E+00 4.037676E-03
4.300000E+00 6.900567E-03
4.400000E+00 1.318321E-02
4.500000E+00 1.874041E-02
4.600000E+00 1.996447E-02
4.700000E+00 2.155346E-02
4.800000E+00 3.162603E-02
4.900000E+00 4.785392E-02
5.000000E+00 5.807025E-02
5.100000E+00 5.898491E-02
5.200000E+00 6.300474E-02
5.300000E+00 7.850999E-02
5.400000E+00 9.522318E-02
5.500000E+00 1.006319E-01
5.600000E+00 9.953215E-02
5.700000E+00 1.029770E-01
5.800000E+00 1.082054E-01
5.900000E+00 1.060301E-01
6.000000E+00 9.941521E-02
6.100000E+00 9.698149E-02
6.200000E+00 9.487256E-02
6.300000E+00 8.318955E-02
6.400000E+00 6.571402E-02
6.500000E+00 5.553635E-02
6.600000E+00 5.361509E-02
6.700000E+00 4.809759E-02
6.800000E+00 3.443099E-02
6.900000E+00 2.155728E-02
7.000000E+00 1.664824E-02
7.100000E+00 1.569485E-02
7.200000E+00 1.228470E-02
7.300000E+00 6.815355E-03
7.400000E+00 3.210658E-03
7.500000E+00 2.270417E-03
7.600000E+00 1.953427E-03
7.700000E+00 1.159848E-03
7.800000E+00 4.095797E-04
7.900000E+00 1.315779E-04
8.000000E+00 9.254630E-05
8.100000E+00 6.106343E-05
8.200000E+00 6.148504E-05
8.300000E+00 1.019072E-04
8.400000E+00 1.174928E-04
8.500000E+00 1.185676E-04
8.600000E+00 1.607024E-04
8.700000E+00 2.168811E-04
8.800000E+00 2.158470E-04
8.900000E+00 1.693846E-04
9.000000E+00 1.587301E-04
9.100000E+00 2.066368E-04
9.200000E+00 2.434040E-04
9.300000E+00 2.132782E-04
9.400000E+00 1.554060E-04
9.500000E+00 1.449178E-04
9.600000E+00 1.870772E-04
9.700000E+00 2.145259E-04
9.800000E+00 1.838295E-04
9.900000E+00 1.329395E-04
1.000000E+01 1.247725E-04
1.010000E+01 1.609346E-04
1.020000E+01 1.835781E-04
1.030000E+01 1.569452E-04
1.040000E+01 1.139768E-04
1.050000E+01 1.077593E-04
1.060000E+01 1.389708E-04
1.070000E+01 1.581464E-04
1.080000E+01 1.351660E-04
1.090000E+01 9.861041E-05
1.100000E+01 9.385633E-05
1.110000E+01 1.209927E-04
1.120000E+01 1.372628E-04
1.130000E+01 1.171088E-04
1.140000E+01 8.567311E-05
1.150000E+01 8.203509E-05
1.160000E+01 1.056602E-04
1.170000E+01 1.193073E-04
1.180000E+01 1.013726E-04
1.190000E+01 7.421542E-05
1.200000E+01 7.147055E-05
1.210000E+01 9.193427E-05
1.220000E+01 1.031603E-04
1.230000E+01 8.711979E-05
1.240000E+01 6.374270E-05
1.250000E+01 6.174800E-05
1.260000E+01 7.930280E-05
1.270000E+01 8.834041E-05
1.280000E+01 7.408037E-05
1.290000E+01 5.416579E-05
1.300000E+01 5.280957E-05
1.310000E+01 6.770835E-05
1.320000E+01 7.486772E-05
1.330000E+01 6.236933E-05
1.340000E+01 4.562772E-05
1.350000E+01 4.480225E-05
1.360000E+01 5.734884E-05
1.370000E+01 6.299813E-05
1.380000E+01 5.222736E-05
1.390000E+01 3.831036E-05
1.400000E+01 3.790306E-05
1.410000E+01 4.844989E-05
1.420000E+01 5.295841E-05
1.430000E+01 4.380163E-05
1.440000E+01 3.229001E-05
1.450000E+01 3.219001E-05
1.460000E+01 4.110103E-05
1.470000E+01 4.478172E-05
1.480000E+01 3.703955E-05
1.490000E+01 2.748472E-05
1.500000E+01 2.759343E-05
1.510000E+01 3.519764E-05
1.520000E+01 3.827396E-05
1.530000E+01 3.169713E-05
1.540000E+01 2.367969E-05
1.550000E+01 2.391820E-05
1.560000E+01 3.047622E-05
1.570000E+01 3.307956E-05
1.580000E+01 2.741827E-05
1.590000E+01 2.059504E-05
1.600000E+01 2.090717E-05
1.610000E+01 2.659976E-05
1.620000E+01 2.878967E-05
1.630000E+01 2.383638E-05
1.640000E+01 1.796305E-05
1.650000E+01 1.831360E-05
1.660000E+01 2.325170E-05
1.670000E+01 2.504847E-05
1.680000E+01 2.066093E-05
1.690000E+01 1.558763E-05
1.700000E+01 1.595855E-05
1.710000E+01 2.020747E-05
1.720000E+01 2.162490E-05
1.730000E+01 1.772839E-05
1.740000E+01 1.337481E-05
1.750000E+01 1.375828E-05
1.760000E+01 1.736652E-05
1.770000E+01 1.843575E-05
1.780000E+01 1.500480E-05
1.790000E+01 1.132376E-05
1.800000E+01 1.171550E-05
1.810000E+01 1.473808E-05
1.820000E+01 1.551558E-05
1.830000E+01 1.254468E-05
1.840000E+01 9.487858E-06
1.850000E+01 9.882557E-06
1.860000E+01 1.239189E-05
1.870000E+01 1.295130E-05
1.880000E+01 1.042701E-05
1.890000E+01 7.925659E-06
1.900000E+01 8.315838E-06
1.910000E+01 1.039888E-05
1.920000E+01 1.081412E-05
1.930000E+01 8.699677E-06
1.940000E+01 6.663992E-06
1.950000E+01 7.041462E-06
1.960000E+01 8.787699E-06
1.970000E+01 9.117540E-06
1.980000E+01 7.353358E-06
1.990000E+01 5.684807E-06
2.000000E+01 6.042395E-06
2.010000E+01 7.530367E-06
2.020000E+01 7.810645E-06
2.030000E+01 6.325691E-06
2.040000E+01 4.932805E-06
2.050000E+01 5.265173E-06
2.060000E+01 6.553363E-06
2.070000E+01 6.797673E-06
2.080000E+01 5.523685E-06
2.090000E+01 4.334113E-06
2.100000E+01 4.637992E-06
2.110000E+01 5.762481E-06
2.120000E+01 5.968545E-06
2.130000E+01 4.851326E-06
2.140000E+01 3.817499E-06
2.150000E+01 4.091882E-06
2.160000E+01 5.070078E-06
2.170000E+01 5.228752E-06
2.180000E+01 4.234145E-06
2.190000E+01 3.332338E-06
2.200000E+01 3.578462E-06
2.210000E+01 4.416784E-06
2.220000E+01 4.521073E-06
2.230000E+01 3.634811E-06
2.240000E+01 2.858311E-06
2.250000E+01 3.078935E-06
2.260000E+01 3.781672E-06
2.270000E+01 3.832980E-06
2.280000E+01 3.054649E-06
2.290000E+01 2.403265E-06
2.300000E+01 2.601464E-06
2.310000E+01 3.177708E-06
2.320000E+01 3.187085E-06
2.330000E+01 2.520465E-06
2.340000E+01 1.990593E-06
2.350000E+01 2.168890E-06
2.360000E+01 2.635219E-06
2.370000E+01 2.619578E-06
2.380000E+01 2.063738E-06
2.390000E+01 1.643197E-06
2.400000E+01 1.803505E-06
2.410000E+01 2.182071E-06
2.420000E+01 2.158113E-06
2.430000E+01 1.703205E-06
2.440000E+01 1.372090E-06
2.450000E+01 1.516082E-06
2.460000E+01 1.829982E-06
2.470000E+01 1.809354E-06
2.480000E+01 1.437927E-06
2.490000E+01 1.173207E-06
2.500000E+01 1.302427E-06
2.510000E+01 1.571086E-06
2.520000E+01 1.558615E-06
2.530000E+01 1.250095E-06
2.540000E+01 1.030558E-06
2.550000E+01 1.146176E-06
2.560000E+01 1.382623E-06
2.570000E+01 1.377187E-06
2.580000E+01 1.112517E-06
2.590000E+01 9.221385E-07
2.600000E+01 1.024833E-06
2.610000E+01 1.235291E-06
2.620000E+01 1.232017E-06
2.630000E+01 9.969425E-07
2.640000E+01 8.264647E-07
2.650000E+01 9.167334E-07
2.660000E+01 1.102062E-06
2.670000E+01 1.095034E-06
2.680000E+01 8.817701E-07
2.690000E+01 7.286072E-07
2.700000E+01 8.072163E-07
2.710000E+01 9.655384E-07
2.720000E+01 9.505154E-07
2.730000E+01 7.576306E-07
2.740000E+01 6.239269E-07
2.750000E+01 6.920251E-07
2.760000E+01 8.217074E-07
2.770000E+01 7.980080E-07
2.780000E+01 6.282823E-07
2.790000E+01 5.174941E-07
2.800000E+01 5.763680E-07
2.810000E+01 6.782966E-07
2.820000E+01 6.488935E-07
2.830000E+01 5.057675E-07
2.840000E+01 4.193161E-07
2.850000E+01 4.701793E-07
2.860000E+01 5.484183E-07
2.870000E+01 5.181843E-07
2.880000E+01 4.025837E-07
2.890000E+01 3.383494E-07
2.900000E+01 3.823929E-07
2.910000E+01 4.431342E-07
2.920000E+01 4.164593E-07
2.930000E+01 3.256489E-07
2.940000E+01 2.787275E-07
2.950000E+01 3.172137E-07
2.960000E+01 3.668745E-07
2.970000E+01 3.461294E-07
2.980000E+01 2.747205E-07
2.990000E+01 2.392782E-07
3.000000E+01 2.733830E-07
3.010000E+01 3.169717E-07
3.020000E+01 3.023158E-07
3.030000E+01 2.441507E-07
3.040000E+01 2.149719E-07
3.050000E+01 2.454594E-07
3.060000E+01 2.858051E-07
3.070000E+01 2.757861E-07
3.080000E+01 2.254488E-07
3.090000E+01 1.987586E-07
3.100000E+01 2.258628E-07
3.110000E+01 2.636414E-07
3.120000E+01 2.559316E-07
3.130000E+01 2.096207E-07
3.140000E+01 1.835236E-07
3.150000E+01 2.071959E-07
3.160000E+01 2.414762E-07
3.170000E+01 2.336361E-07
3.180000E+01 1.896637E-07
3.190000E+01 1.643027E-07
3.200000E+01 1.845697E-07
3.210000E+01 2.137113E-07
3.220000E+01 2.040668E-07
3.230000E+01 1.629144E-07
3.240000E+01 1.399740E-07
3.250000E+01 1.570696E-07
3.260000E+01 1.797857E-07
3.270000E+01 1.681133E-07
3.280000E+01 1.316785E-07
3.290000E+01 1.131368E-07
3.300000E+01 1.274026E-07
3.310000E+01 1.435789E-07
3.320000E+01 1.310594E-07
3.330000E+01 1.012184E-07
3.340000E+01 8.804619E-08
3.350000E+01 9.985134E-08
3.360000E+01 1.106949E-07
3.370000E+01 9.906932E-08
3.380000E+01 7.641836E-08
3.390000E+01 6.812406E-08
3.400000E+01 7.792645E-08
3.410000E+01 8.541282E-08
3.420000E+01 7.597907E-08
3.430000E+01 5.957214E-08
3.440000E+01 5.472428E-08
3.450000E+01 6.311111E-08
3.460000E+01 6.917147E-08
3.470000E+01 6.233320E-08
3.480000E+01 5.034632E-08
3.490000E+01 4.737042E-08
3.500000E+01 5.490563E-08
3.510000E+01 6.086481E-08
3.520000E+01 5.631141E-08
3.530000E+01 4.685825E-08
3.540000E+01 4.444943E-08
3.550000E+01 5.143022E-08
3.560000E+01 5.785336E-08
3.570000E+01 5.490867E-08
3.580000E+01 4.645260E-08
3.590000E+01 4.364552E-08
3.600000E+01 5.003197E-08
3.610000E+01 5.681317E-08
3.620000E+01 5.462059E-08
3.630000E+01 4.610800E-08
3.640000E+01 4.240483E-08
3.650000E+01 4.800347E-08
3.660000E+01 5.454254E-08
3.670000E+01 5.221161E-08
3.680000E+01 4.325406E-08
3.690000E+01 3.884712E-08
3.700000E+01 4.354295E-08
3.710000E+01 4.902986E-08
3.720000E+01 4.595152E-08
3.730000E+01 3.697301E-08
3.740000E+01 3.267738E-08
3.750000E+01 3.649340E-08
3.760000E+01 4.031027E-08
3.770000E+01 3.648441E-08
3.780000E+01 2.847073E-08
3.790000E+01 2.519188E-08
3.800000E+01 2.820299E-08
3.810000E+01 3.025976E-08
3.820000E+01 2.626562E-08
3.830000E+01 2.010267E-08
3.840000E+01 1.824055E-08
3.850000E+01 2.053055E-08
3.860000E+01 2.129051E-08
3.870000E+01 1.784264E-08
3.880000E+01 1.375262E-08
3.890000E+01 1.307594E-08
3.900000E+01 1.480254E-08
3.910000E+01 1.498366E-08
3.920000E+01 1.246900E-08
3.930000E+01 1.000819E-08
3.940000E+01 1.001469E-08
3.950000E+01 1.144581E-08
3.960000E+01 1.165795E-08
3.970000E+01 1.004526E-08
3.980000E+01 8.537647E-09
3.990000E+01 8.820287E-09
4.000000E+01 1.022404E-08
4.010000E+01 1.079844E-08
4.020000E+01 9.864295E-09
4.030000E+01 8.757956E-09
4.040000E+01 9.036894E-09
4.050000E+01 1.051584E-08
4.060000E+01 1.153421E-08
4.070000E+01 1.104794E-08
4.080000E+01 9.941133E-09
4.090000E+01 9.936617E-09
4.100000E+01 1.139516E-08
4.110000E+01 1.275567E-08
4.120000E+01 1.245843E-08
4.130000E+01 1.102612E-08
4.140000E+01 1.051461E-08
4.150000E+01 1.179544E-08
4.160000E+01 1.323848E-08
4.170000E+01 1.280605E-08
4.180000E+01 1.090439E-08
4.190000E+01 9.939831E-09
4.200000E+01 1.096695E-08
4.210000E+01 1.214312E-08
4.220000E+01 1.133020E-08
4.230000E+01 9.170237E-09
4.240000E+01 8.128700E-09
4.250000E+01 8.913205E-09
4.260000E+01 9.553770E-09
4.270000E+01 8.399857E-09
4.280000E+01 6.470751E-09
4.290000E+01 5.767345E-09
4.300000E+01 6.325493E-09
4.310000E+01 6.407909E-09
4.320000E+01 5.225129E-09
4.330000E+01 3.935138E-09
4.340000E+01 3.698912E-09
4.350000E+01 4.029634E-09
4.360000E+01 3.774575E-09
4.370000E+01 2.882278E-09
4.380000E+01 2.269764E-09
4.390000E+01 2.331666E-09
4.400000E+01 2.483051E-09
4.410000E+01 2.179728E-09
4.420000E+01 1.667051E-09
4.430000E+01 1.472392E-09
4.440000E+01 1.627797E-09
4.450000E+01 1.733192E-09
4.460000E+01 1.566825E-09
4.470000E+01 1.321146E-09
4.480000E+01 1.280584E-09
4.490000E+01 1.469497E-09
4.500000E+01 1.668347E-09
4.510000E+01 1.692169E-09
4.520000E+01 1.594086E-09
4.530000E+01 1.591666E-09
4.540000E+01 1.809470E-09
4.550000E+01 2.132998E-09
4.560000E+01 2.340176E-09
4.570000E+01 2.351999E-09
4.580000E+01 2.319186E-09
4.590000E+01 2.461567E-09
4.600000E+01 2.823209E-09
4.610000E+01 3.182093E-09
4.620000E+01 3.256244E-09
4.630000E+01 3.061280E-09
4.640000E+01 2.972840E-09
4.650000E+01 3.272790E-09
4.660000E+01 3.694012E-09
4.670000E+01 3.695519E-09
4.680000E+01 3.233981E-09
4.690000E+01 2.906545E-09
4.700000E+01 3.119098E-09
4.710000E+01 3.452414E-09
4.720000E+01 3.252909E-09
4.730000E+01 2.615045E-09
4.740000E+01 2.245048E-09
4.750000E+01 2.395457E-09
4.760000E+01 2.518399E-09
4.770000E+01 2.149471E-09
4.780000E+01 1.595632E-09
4.790000E+01 1.393989E-09
4.800000E+01 1.485570E-09
4.810000E+01 1.402867E-09
4.820000E+01 1.048245E-09
4.830000E+01 7.762161E-10
4.840000E+01 7.636285E-10
4.850000E+01 7.704492E-10
4.860000E+01 6.039161E-10
4.870000E+01 4.181485E-10
4.880000E+01 3.952709E-10
4.890000E+01 4.352890E-10
4.900000E+01 3.662810E-10
4.910000E+01 2.413755E-10
4.920000E+01 2.144904E-10
4.930000E+01 2.689218E-10
4.940000E+01 2.704081E-10
4.950000E+01 2.008196E-10
4.960000E+01 1.587840E-10
4.970000E+01 1.813561E-10
4.980000E+01 2.123358E-10
4.990000E+01 2.210572E-10
5.000000E+01 2.313852E-10
5.010000E+01 2.513671E-10
5.020000E+01 2.694025E-10
5.030000E+01 3.041027E-10
5.040000E+01 3.809016E-10
5.050000E+01 4.756213E-10
5.060000E+01 5.459349E-10
5.070000E+01 5.950706E-10
5.080000E+01 6.554617E-10
5.090000E+01 7.404569E-10
5.100000E+01 8.516872E-10
5.110000E+01 9.818313E-10
5.120000E+01 1.078435E-09
5.130000E+01 1.083308E-09
5.140000E+01 1.051371E-09
5.150000E+01 1.120768E-09
5.160000E+01 1.289712E-09
5.170000E+01 1.358166E-09
5.180000E+01 1.213802E-09
5.190000E+01 1.044360E-09
5.200000E+01 1.076376E-09
5.210000E+01 1.211534E-09
5.220000E+01 1.164327E-09
5.230000E+01 9.118246E-10
5.240000E+01 7.306888E-10
5.250000E+01 7.572250E-10
5.260000E+01 7.936656E-10
5.270000E+01 6.537750E-10
5.280000E+01 4.524375E-10
5.290000E+01 3.820059E-10
5.300000E+01 4.010768E-10
5.310000E+01 3.509713E-10
5.320000E+01 2.397078E-10
5.330000E+01 1.934844E-10
5.340000E+01 2.127014E-10
5.350000E+01 1.915856E-10
5.360000E+01 1.310002E-10
5.370000E+01 1.296432E-10
5.380000E+01 1.821022E-10
5.390000E+01 1.793182E-10
5.400000E+01 1.138605E-10
5.410000E+01 1.008611E-10
5.420000E+01 1.675570E-10
5.430000E+01 1.968634E-10
5.440000E+01 1.311510E-10
5.450000E+01 7.063689E-11
5.460000E+01 9.732079E-11
5.470000E+01 1.421220E-10
5.480000E+01 1.177751E-10
5.490000E+01 6.362700E-11
5.500000E+01 5.962630E-11
5.510000E+01 9.033711E-11
5.520000E+01 9.643792E-11
5.530000E+01 8.835344E-11
5.540000E+01 1.120636E-10
5.550000E+01 1.580801E-10
5.560000E+01 1.898067E-10
5.570000E+01 2.163684E-10
5.580000E+01 2.625495E-10
5.590000E+01 3.142023E-10
5.600000E+01 3.573007E-10
5.610000E+01 4.168467E-10
5.620000E+01 4.924730E-10
5.630000E+01 5.250804E-10
5.640000E+01 5.007204E-10
5.650000E+01 5.080049E-10
5.660000E+01 5.972024E-10
5.670000E+01 6.641313E-10
5.680000E+01 6.003060E-10
5.690000E+01 4.850652E-10
5.700000E+01 4.756641E-10
5.710000E+01 5.505308E-10
5.720000E+01 5.405625E-10
5.730000E+01 4.061009E-10
5.740000E+01 2.965712E-10
5.750000E+01 3.016499E-10
5.760000E+01 3.209160E-10
5.770000E+01 2.541958E-10
5.780000E+01 1.618281E-10
5.790000E+01 1.375672E-10
5.800000E+01 1.504940E-10
5.810000E+01 1.282648E-10
5.820000E+01 9.392271E-11
5.830000E+01 1.027890E-10
5.840000E+01 1.260314E-10
5.850000E+01 1.135800E-10
5.860000E+01 1.029346E-10
5.870000E+01 1.465584E-10
5.880000E+01 1.943937E-10
5.890000E+01 1.727318E-10
5.900000E+01 1.283805E-10
5.910000E+01 1.573036E-10
5.920000E+01 2.286466E-10
5.930000E+01 2.249315E-10
5.940000E+01 1.432123E-10
5.950000E+01 1.040821E-10
5.960000E+01 1.488583E-10
5.970000E+01 1.773033E-10
5.980000E+01 1.238586E-10
5.990000E+01 6.052821E-11
6.000000E+01 6.216155E-11
6.010000E+01 8.937381E-11
6.020000E+01 7.868813E-11
6.030000E+01 5.342123E-11
6.040000E+01 6.399327E-11
6.050000E+01 9.497608E-11
6.060000E+01 1.096677E-10
6.070000E+01 1.226288E-10
6.080000E+01 1.580616E-10
6.090000E+01 1.936328E-10
6.100000E+01 2.120158E-10
6.110000E+01 2.456595E-10
6.120000E+01 3.068874E-10
6.130000E+01 3.391462E-10
6.140000E+01 3.135460E-10
6.150000E+01 3.015181E-10
6.160000E+01 3.607278E-10
6.170000E+01 4.181357E-10
6.180000E+01 3.769146E-10
6.190000E+01 2.856904E-10
6.200000E+01 2.678466E-10
6.210000E+01 3.193023E-10
6.220000E+01 3.174579E-10
6.230000E+01 2.272927E-10
6.240000E+01 1.521945E-10
6.250000E+01 1.554490E-10
6.260000E+01 1.694061E-10
6.270000E+01 1.294417E-10
6.280000E+01 7.910950E-11
6.290000E+01 7.463952E-11
6.300000E+01 8.875314E-11
6.310000E+01 8.002757E-11
6.320000E+01 7.317316E-11
6.330000E+01 9.691262E-11
6.340000E+01 1.184524E-10
6.350000E+01 1.123154E-10
6.360000E+01 1.213825E-10
6.370000E+01 1.735214E-10
6.380000E+01 2.091897E-10
6.390000E+01 1.801445E-10
6.400000E+01 1.486766E-10
6.410000E+01 1.890770E-10
6.420000E+01 2.490725E-10
6.430000E+01 2.278194E-10
6.440000E+01 1.480840E-10
6.450000E+01 1.223029E-10
6.460000E+01 1.662608E-10
6.470000E+01 1.794359E-10
6.480000E+01 1.192036E-10
6.490000E+01 6.301868E-11
6.500000E+01 6.884895E-11
6.510000E+01 8.881841E-11
6.520000E+01 7.077184E-11
6.530000E+01 4.533082E-11
6.540000E+01 5.492227E-11
6.550000E+01 7.831994E-11
6.560000E+01 8.493734E-11
6.570000E+01 9.456908E-11
6.580000E+01 1.259764E-10
6.590000E+01 1.521452E-10
6.600000E+01 1.588257E-10
6.610000E+01 1.829801E-10
6.620000E+01 2.366267E-10
6.630000E+01 2.636963E-10
6.640000E+01 2.350512E-10
6.650000E+01 2.166368E-10
6.660000E+01 2.632827E-10
6.670000E+01 3.116196E-10
6.680000E+01 2.767919E-10
6.690000E+01 1.985357E-10
6.700000E+01 1.810552E-10
6.710000E+01 2.210616E-10
6.720000E+01 2.194448E-10
6.730000E+01 1.498983E-10
6.740000E+01 9.446916E-11
6.750000E+01 9.945594E-11
6.760000E+01 1.102765E-10
6.770000E+01 8.221409E-11
6.780000E+01 5.191016E-11
6.790000E+01 5.703927E-11
6.800000E+01 7.136470E-11
6.810000E+01 6.872682E-11
6.820000E+01 7.355115E-11
6.830000E+01 1.012520E-10
6.840000E+01 1.192696E-10
6.850000E+01 1.151162E-10
6.860000E+01 1.316995E-10
6.870000E+01 1.828523E-10
6.880000E+01 2.086236E-10
6.890000E+01 1.760127E-10
6.900000E+01 1.512848E-10
6.910000E+01 1.925029E-10
6.920000E+01 2.408232E-10
6.930000E+01 2.114399E-10
6.940000E+01 1.383058E-10
6.950000E+01 1.204047E-10
6.960000E+01 1.585315E-10
6.970000E+01 1.619049E-10
6.980000E+01 1.040949E-10
6.990000E+01 5.838413E-11
7.000000E+01 6.638610E-11
7.010000E+01 8.013122E-11
7.020000E+01 6.076813E-11
7.030000E+01 4.098895E-11
7.040000E+01 5.239475E-11
7.050000E+01 7.079812E-11
7.060000E+01 7.420397E-11
7.070000E+01 8.495909E-11
7.080000E+01 1.148073E-10
7.090000E+01 1.339907E-10
7.100000E+01 1.345254E-10
7.110000E+01 1.555189E-10
7.120000E+01 2.046901E-10
7.130000E+01 2.254997E-10
7.140000E+01 1.938891E-10
7.150000E+01 1.741979E-10
7.160000E+01 2.145155E-10
7.170000E+01 2.549021E-10
7.180000E+01 2.210491E-10
7.190000E+01 1.519276E-10
7.200000E+01 1.372118E-10
7.210000E+01 1.701725E-10
7.220000E+01 1.663898E-10
7.230000E+01 1.086928E-10
7.240000E+01 6.677663E-11
7.250000E+01 7.356312E-11
7.260000E+01 8.186499E-11
7.270000E+01 6.011686E-11
7.280000E+01 4.167291E-11
7.290000E+01 5.185945E-11
7.300000E+01 6.530138E-11
7.310000E+01 6.543991E-11
7.320000E+01 7.631137E-11
7.330000E+01 1.045684E-10
7.340000E+01 1.185140E-10
7.350000E+01 1.142021E-10
7.360000E+01 1.335175E-10
7.370000E+01 1.815233E-10
7.380000E+01 1.994837E-10
7.390000E+01 1.650432E-10
7.400000E+01 1.438763E-10
7.410000E+01 1.826973E-10
7.420000E+01 2.212854E-10
7.430000E+01 1.883239E-10
7.440000E+01 1.225600E-10
7.450000E+01 1.095491E-10
7.460000E+01 1.414884E-10
7.470000E+01 1.387049E-10
7.480000E+01 8.666163E-11
7.490000E+01 5.078337E-11
7.500000E+01 5.985201E-11
7.510000E+01 6.904848E-11
7.520000E+01 5.119892E-11
7.530000E+01 3.817055E-11
7.540000E+01 5.142005E-11
7.550000E+01 6.613440E-11
7.560000E+01 6.865194E-11
7.570000E+01 8.202013E-11
7.580000E+01 1.106322E-10
7.590000E+01 1.241478E-10
7.600000E+01 1.210179E-10
7.610000E+01 1.413008E-10
7.620000E+01 1.869654E-10
7.630000E+01 2.017943E-10
7.640000E+01 1.677969E-10
7.650000E+01 1.486616E-10
7.660000E+01 1.851133E-10
7.670000E+01 2.183490E-10
7.680000E+01 1.842315E-10
7.690000E+01 1.223309E-10
7.700000E+01 1.108502E-10
7.710000E+01 1.385622E-10
7.720000E+01 1.323559E-10
7.730000E+01 8.294946E-11
7.740000E+01 5.113818E-11
7.750000E+01 5.934456E-11
7.760000E+01 6.544840E-11
7.770000E+01 4.803365E-11
7.780000E+01 3.765172E-11
7.790000E+01 5.060542E-11
7.800000E+01 6.251638E-11
7.810000E+01 6.426271E-11
7.820000E+01 7.887811E-11
7.830000E+01 1.064293E-10
7.840000E+01 1.161714E-10
7.850000E+01 1.108698E-10
7.860000E+01 1.312610E-10
7.870000E+01 1.757885E-10
7.880000E+01 1.874547E-10
7.890000E+01 1.516952E-10
7.900000E+01 1.329131E-10
7.910000E+01 1.686271E-10
7.920000E+01 1.994035E-10
7.930000E+01 1.648523E-10
7.940000E+01 1.059421E-10
7.950000E+01 9.651483E-11
7.960000E+01 1.230587E-10
7.970000E+01 1.163914E-10
7.980000E+01 7.059061E-11
7.990000E+01 4.327495E-11
8.000000E+01 5.289454E-11
8.010000E+01 5.895106E-11
8.020000E+01 4.366054E-11
8.030000E+01 3.677262E-11
8.040000E+01 5.129270E-11
8.050000E+01 6.318492E-11
8.060000E+01 6.586858E-11
8.070000E+01 8.192418E-11
8.080000E+01 1.091387E-10
8.090000E+01 1.176973E-10
8.100000E+01 1.123176E-10
8.110000E+01 1.326681E-10
8.120000E+01 1.751279E-10
8.130000E+01 1.844055E-10
8.140000E+01 1.488024E-10
8.150000E+01 1.309148E-10
8.160000E+01 1.644116E-10
8.170000E+01 1.912943E-10
8.180000E+01 1.566924E-10
8.190000E+01 1.012261E-10
8.200000E+01 9.275739E-11
8.210000E+01 1.161163E-10
8.220000E+01 1.077524E-10
8.230000E+01 6.508953E-11
8.240000E+01 4.133215E-11
8.250000E+01 5.047487E-11
8.260000E+01 5.471680E-11
8.270000E+01 4.078551E-11
8.280000E+01 3.652634E-11
8.290000E+01 5.090755E-11
8.300000E+01 6.101262E-11
8.310000E+01 6.392373E-11
8.320000E+01 8.126811E-11
8.330000E+01 1.074574E-10
8.340000E+01 1.131708E-10
8.350000E+01 1.066631E-10
8.360000E+01 1.275322E-10
8.370000E+01 1.686931E-10
8.380000E+01 1.750724E-10
8.390000E+01 1.383890E-10
8.400000E+01 1.214292E-10
8.410000E+01 1.541638E-10
8.420000E+01 1.784845E-10
8.430000E+01 1.434094E-10
8.440000E+01 9.066819E-11
8.450000E+01 8.406717E-11
8.460000E+01 1.061002E-10
8.470000E+01 9.698962E-11
8.480000E+01 5.714962E-11
8.490000E+01 3.701730E-11
8.500000E+01 4.692889E-11
8.510000E+01 5.080984E-11
8.520000E+01 3.844281E-11
8.530000E+01 3.673919E-11
8.540000E+01 5.185597E-11
8.550000E+01 6.141002E-11
8.560000E+01 6.483957E-11
8.570000E+01 8.318814E-11
8.580000E+01 1.087680E-10
8.590000E+01 1.128864E-10
8.600000E+01 1.059801E-10
8.610000E+01 1.266433E-10
8.620000E+01 1.660294E-10
8.630000E+01 1.702846E-10
8.640000E+01 1.336174E-10
8.650000E+01 1.173042E-10
8.660000E+01 1.481677E-10
8.670000E+01 1.695319E-10
8.680000E+01 1.346104E-10
8.690000E+01 8.495699E-11
8.700000E+01 7.920862E-11
8.710000E+01 9.884551E-11
8.720000E+01 8.876691E-11
8.730000E+01 5.194144E-11
8.740000E+01 3.486348E-11
8.750000E+01 4.449043E-11
8.760000E+01 4.733151E-11
8.770000E+01 3.643671E-11
8.780000E+01 3.702088E-11
8.790000E+01 5.197823E-11
8.800000E+01 6.027472E-11
8.810000E+01 6.418025E-11
8.820000E+01 8.367635E-11
8.830000E+01 1.081165E-10
8.840000E+01 1.099697E-10
8.850000E+01 1.024664E-10
8.860000E+01 1.235118E-10
8.870000E+01 1.615055E-10
8.880000E+01 1.632229E-10
8.890000E+01 1.260308E-10
8.900000E+01 1.106519E-10
8.910000E+01 1.406959E-10
8.920000E+01 1.595223E-10
8.930000E+01 1.244443E-10
8.940000E+01 7.743512E-11
8.950000E+01 7.311238E-11
8.960000E+01 9.139946E-11
8.970000E+01 8.066602E-11
8.980000E+01 4.641265E-11
8.990000E+01 3.229059E-11
9.000000E+01 4.231745E-11
9.010000E+01 4.464315E-11
9.020000E+01 3.522380E-11
9.030000E+01 3.785709E-11
9.040000E+01 5.299525E-11
9.050000E+01 6.053243E-11
9.060000E+01 6.487768E-11
9.070000E+01 8.516671E-11
9.080000E+01 1.088275E-10
9.090000E+01 1.090377E-10
9.100000E+01 1.009521E-10
9.110000E+01 1.219257E-10
9.120000E+01 1.583049E-10
9.130000E+01 1.581412E-10
9.140000E+01 1.208993E-10
9.150000E+01 1.061019E-10
9.160000E+01 1.345985E-10
9.170000E+01 1.510594E-10
9.180000E+01 1.163142E-10
9.190000E+01 7.189717E-11
9.200000E+01 6.847010E-11
9.210000E+01 8.487339E-11
9.220000E+01 7.364736E-11
9.230000E+01 4.210138E-11
9.240000E+01 3.053522E-11
9.250000E+01 4.035162E-11
9.260000E+01 4.210929E-11
9.270000E+01 3.417077E-11
9.280000E+01 3.862162E-11
9.290000E+01 5.351736E-11
9.300000E+01 6.001966E-11
9.310000E+01 6.497322E-11
9.320000E+01 8.616895E-11
9.330000E+01 1.086843E-10
9.340000E+01 1.068483E-10
9.350000E+01 9.846076E-11
9.360000E+01 1.196932E-10
9.370000E+01 1.546584E-10
9.380000E+01 1.522943E-10
9.390000E+01 1.147498E-10
9.400000E+01 1.009253E-10
9.410000E+01 1.285076E-10
9.420000E+01 1.427362E-10
9.430000E+01 1.079368E-10
9.440000E+01 6.608088E-11
9.450000E+01 6.381790E-11
9.460000E+01 7.893265E-11
9.470000E+01 6.724729E-11
9.480000E+01 3.802828E-11
9.490000E+01 2.898152E-11
9.500000E+01 3.894092E-11
9.510000E+01 4.030104E-11
9.520000E+01 3.369262E-11
9.530000E+01 3.985184E-11
9.540000E+01 5.456645E-11
9.550000E+01 6.030730E-11
9.560000E+01 6.569513E-11
9.570000E+01 8.755999E-11
9.580000E+01 1.090916E-10
9.590000E+01 1.056513E-10
9.600000E+01 9.683073E-11
9.610000E+01 1.179747E-10
9.620000E+01 1.514768E-10
9.630000E+01 1.472843E-10
9.640000E+01 1.098596E-10
9.650000E+01 9.660444E-11
9.660000E+01 1.228997E-10
9.670000E+01 1.350271E-10
9.680000E+01 1.006638E-10
9.690000E+01 6.125968E-11
9.700000E+01 5.974674E-11
9.710000E+01 7.337627E-11
9.720000E+01 6.138224E-11
9.730000E+01 3.469717E-11
9.740000E+01 2.779623E-11
9.750000E+01 3.758548E-11
9.760000E+01 3.854963E-11
9.770000E+01 3.340059E-11
9.780000E+01 4.105283E-11
9.790000E+01 5.537555E-11
9.800000E+01 6.023891E-11
9.810000E+01 6.620272E-11
9.820000E+01 8.878282E-11
9.830000E+01 1.091346E-10
9.840000E+01 1.039760E-10
9.850000E+01 9.482019E-11
9.860000E+01 1.161774E-10
9.870000E+01 1.482221E-10
9.880000E+01 1.421979E-10
9.890000E+01 1.046976E-10
9.900000E+01 9.224254E-11
9.910000E+01 1.176085E-10
9.920000E+01 1.277624E-10
9.930000E+01 9.369880E-11
9.940000E+01 5.652377E-11
9.950000E+01 5.601305E-11
9.960000E+01 6.841985E-11
9.970000E+01 5.624303E-11
9.980000E+01 3.176979E-11
9.990000E+01 2.691016E-11
1.000000E+02 3.666831E-11
1.001000E+02 3.737529E-11
1.002000E+02 3.358571E-11
1.003000E+02 4.256493E-11
1.004000E+02 5.652626E-11
1.005000E+02 6.054676E-11
1.006000E+02 6.704053E-11
1.007000E+02 9.017905E-11
1.008000E+02 1.094994E-10
1.009000E+02 1.026817E-10
1.010000E+02 9.321165E-11
1.011000E+02 1.145529E-10
1.012000E+02 1.452026E-10
1.013000E+02 1.375892E-10
1.014000E+02 1.000708E-10
1.015000E+02 8.831679E-11
1.016000E+02 1.125632E-10
1.017000E+02 1.209696E-10
1.018000E+02 8.728625E-11
1.019000E+02 5.236285E-11
1.020000E+02 5.259288E-11
1.021000E+02 6.376392E-11
1.022000E+02 5.155582E-11
1.023000E+02 2.923501E-11
1.024000E+02 2.625485E-11
1.025000E+02 3.583115E-11
1.026000E+02 3.635944E-11
1.027000E+02 3.390985E-11
1.028000E+02 4.412129E-11
1.029000E+02 5.748453E-11
1.030000E+02 6.076160E-11
1.031000E+02 6.787810E-11
1.032000E+02 9.152722E-11
1.033000E+02 1.096334E-10
1.034000E+02 1.011836E-10
1.035000E+02 9.156597E-11
1.036000E+02 1.129944E-10
1.037000E+02 1.423009E-10
1.038000E+02 1.328957E-10
1.039000E+02 9.554386E-11
1.040000E+02 8.459674E-11
1.041000E+02 1.078758E-10
1.042000E+02 1.145553E-10
1.043000E+02 8.121780E-11
1.044000E+02 4.851427E-11
1.045000E+02 4.953916E-11
1.046000E+02 5.967093E-11
1.047000E+02 4.733517E-11
1.048000E+02 2.715376E-11
1.049000E+02 2.591612E-11
1.050000E+02 3.533494E-11
1.051000E+02 3.574330E-11
1.052000E+02 3.457392E-11
1.053000E+02 4.586154E-11
1.054000E+02 5.868757E-11
1.055000E+02 6.123332E-11
1.056000E+02 6.881771E-11
1.057000E+02 9.296308E-11
1.058000E+02 1.098768E-10
1.059000E+02 9.995313E-11
1.060000E+02 9.010516E-11
1.061000E+02 1.115027E-10
1.062000E+02 1.394131E-10
1.063000E+02 1.285647E-10
1.064000E+02 9.141161E-11
1.065000E+02 8.104634E-11
1.066000E+02 1.033747E-10
1.067000E+02 1.084183E-10
1.068000E+02 7.565922E-11
1.069000E+02 4.504697E-11
1.070000E+02 4.669589E-11
1.071000E+02 5.576336E-11
1.072000E+02 4.355349E-11
1.073000E+02 2.543037E-11
1.074000E+02 2.571421E-11
1.075000E+02 3.495618E-11
1.076000E+02 3.524929E-11
1.077000E+02 3.541744E-11
1.078000E+02 4.768669E-11
1.079000E+02 5.982487E-11
1.080000E+02 6.161994E-11
1.081000E+02 6.984029E-11
1.082000E+02 9.435789E-11
1.083000E+02 1.100688E-10
1.084000E+02 9.865918E-11
1.085000E+02 8.861511E-11
1.086000E+02 1.100971E-10
1.087000E+02 1.366795E-10
1.088000E+02 1.243423E-10
1.089000E+02 8.733835E-11
1.090000E+02 7.775163E-11
1.091000E+02 9.913466E-11
1.092000E+02 1.027126E-10
1.093000E+02 7.045872E-11
1.094000E+02 4.181203E-11
1.095000E+02 4.418662E-11
1.096000E+02 5.232584E-11
1.097000E+02 4.022715E-11
1.098000E+02 2.404239E-11
1.099000E+02 2.580113E-11
1.100000E+02 3.478854E-11
1.101000E+02 3.510778E-11
1.102000E+02 3.654385E-11
1.103000E+02 4.964177E-11
1.104000E+02 6.107697E-11
1.105000E+02 6.217914E-11
1.106000E+02 7.093406E-11
1.107000E+02 9.583222E-11
1.108000E+02 1.103268E-10
1.109000E+02 9.741276E-11
1.110000E+02 8.729683E-11
1.111000E+02 1.087484E-10
1.112000E+02 1.340103E-10
1.113000E+02 1.202806E-10
1.114000E+02 8.354652E-11
1.115000E+02 7.461039E-11
1.116000E+02 9.510125E-11
1.117000E+02 9.727553E-11
1.118000E+02 6.554641E-11
1.119000E+02 3.894664E-11
1.120000E+02 4.187664E-11
1.121000E+02 4.912103E-11
1.122000E+02 3.723660E-11
1.123000E+02 2.296569E-11
1.124000E+02 2.601331E-11
1.125000E+02 3.478697E-11
1.126000E+02 3.513191E-11
1.127000E+02 3.780294E-11
1.128000E+02 5.168488E-11
1.129000E+02 6.231201E-11
1.130000E+02 6.275607E-11
1.131000E+02 7.210873E-11
1.132000E+02 9.730235E-11
1.133000E+02 1.104765E-10
1.134000E+02 9.624648E-11
1.135000E+02 8.601441E-11
1.136000E+02 1.074660E-10
1.137000E+02 1.314243E-10
1.138000E+02 1.163327E-10
1.139000E+02 7.993436E-11
1.140000E+02 7.167858E-11
1.141000E+02 9.129954E-11
1.142000E+02 9.209494E-11
1.143000E+02 6.105535E-11
1.144000E+02 3.632818E-11
1.145000E+02 3.982561E-11
1.146000E+02 4.627156E-11
1.147000E+02 3.462225E-11
1.148000E+02 2.221634E-11
1.149000E+02 2.647354E-11
1.150000E+02 3.496742E-11
1.151000E+02 3.536864E-11
1.152000E+02 3.932669E-11
1.153000E+02 5.383130E-11
1.154000E+02 6.365556E-11
1.155000E+02 6.342412E-11
1.156000E+02 7.333104E-11
1.157000E+02 9.877879E-11
1.158000E+02 1.107378E-10
1.159000E+02 9.512242E-11
1.160000E+02 8.477208E-11
1.161000E+02 1.062453E-10
1.162000E+02 1.288773E-10
1.163000E+02 1.126004E-10
1.164000E+02 7.648350E-11
1.165000E+02 6.886858E-11
1.166000E+02 8.763049E-11
1.167000E+02 8.724292E-11
1.168000E+02 5.684274E-11
1.169000E+02 3.393220E-11
1.170000E+02 3.798341E-11
1.171000E+02 4.362769E-11
1.172000E+02 3.237011E-11
1.173000E+02 2.172896E-11
1.174000E+02 2.705447E-11
1.175000E+02 3.524861E-11
1.176000E+02 3.582403E-11
1.177000E+02 4.098937E-11
1.178000E+02 5.606968E-11
1.179000E+02 6.498849E-11
1.180000E+02 6.409389E-11
1.181000E+02 7.464084E-11
1.182000E+02 1.003030E-10
1.183000E+02 1.109502E-10
1.184000E+02 9.396062E-11
1.185000E+02 8.363441E-11
1.186000E+02 1.050676E-10
1.187000E+02 1.264648E-10
1.188000E+02 1.089287E-10
1.189000E+02 7.315159E-11
1.190000E+02 6.626435E-11
1.191000E+02 8.419396E-11
1.192000E+02 8.264614E-11
1.193000E+02 5.287769E-11
1.194000E+02 3.182084E-11
1.195000E+02 3.634396E-11
1.196000E+02 4.132510E-11
1.197000E+02 3.042605E-11
1.198000E+02 2.149563E-11
1.199000E+02 2.783075E-11
1.200000E+02 3.571696E-11
1.201000E+02 3.648055E-11
1.202000E+02 4.284186E-11
1.203000E+02 5.840020E-11
1.204000E+02 6.635258E-11
1.205000E+02 6.489079E-11
1.206000E+02 7.600265E-11
1.207000E+02 1.018395E-10
1.208000E+02 1.111366E-10
1.209000E+02 9.289088E-11
1.210000E+02 8.255694E-11
1.211000E+02 1.039451E-10
1.212000E+02 1.240702E-10
1.213000E+02 1.053528E-10
1.214000E+02 7.005079E-11
1.215000E+02 6.377291E-11
1.216000E+02 8.090697E-11
1.217000E+02 7.823048E-11
1.218000E+02 4.922401E-11
1.219000E+02 2.993624E-11
1.220000E+02 3.489361E-11
1.221000E+02 3.922909E-11
1.222000E+02 2.875265E-11
1.223000E+02 2.154020E-11
1.224000E+02 2.874528E-11
1.225000E+02 3.632196E-11
1.226000E+02 3.728113E-11
1.227000E+02 4.485533E-11
1.228000E+02 6.079379E-11
1.229000E+02 6.778255E-11
1.230000E+02 6.571202E-11
1.231000E+02 7.741504E-11
1.232000E+02 1.033695E-10
1.233000E+02 1.113404E-10
1.234000E+02 9.187373E-11
1.235000E+02 8.149901E-11
1.236000E+02 1.028775E-10
1.237000E+02 1.217163E-10
1.238000E+02 1.019509E-10
1.239000E+02 6.706458E-11
1.240000E+02 6.142639E-11
1.241000E+02 7.776624E-11
1.242000E+02 7.407963E-11
1.243000E+02 4.586906E-11
1.244000E+02 2.823987E-11
1.245000E+02 3.365360E-11
1.246000E+02 3.736723E-11
1.247000E+02 2.741343E-11
1.248000E+02 2.183637E-11
1.249000E+02 2.983515E-11
1.250000E+02 3.703943E-11
1.251000E+02 3.828321E-11
1.252000E+02 4.705098E-11
1.253000E+02 6.329338E-11
1.254000E+02 6.926132E-11
1.255000E+02 6.656836E-11
1.256000E+02 7.888794E-11
1.257000E+02 1.049453E-10
1.258000E+02 1.115897E-10
1.259000E+02 9.082496E-11
1.260000E+02 8.051930E-11
1.261000E+02 1.018427E-10
1.262000E+02 1.194476E-10
1.263000E+02 9.865559E-11
1.264000E+02 6.418074E-11
1.265000E+02 5.920725E-11
1.266000E+02 7.478709E-11
1.267000E+02 7.017401E-11
1.268000E+02 4.269947E-11
1.269000E+02 2.677974E-11
1.270000E+02 3.256836E-11
1.271000E+02 3.573695E-11
1.272000E+02 2.636732E-11
1.273000E+02 2.234416E-11
1.274000E+02 3.104244E-11
1.275000E+02 3.790215E-11
1.276000E+02 3.946582E-11
1.277000E+02 4.938278E-11
1.278000E+02 6.589249E-11
1.279000E+02 7.072402E-11
1.280000E+02 6.749126E-11
1.281000E+02 8.044939E-11
1.282000E+02 1.065450E-10
1.283000E+02 1.117735E-10
1.284000E+02 8.983229E-11
1.285000E+02 7.960289E-11
1.286000E+02 1.008509E-10
1.287000E+02 1.172601E-10
1.288000E+02 9.538910E-11
1.289000E+02 6.145833E-11
1.290000E+02 5.714902E-11
1.291000E+02 7.196124E-11
1.292000E+02 6.643112E-11
1.293000E+02 3.980543E-11
1.294000E+02 2.552191E-11
1.295000E+02 3.166089E-11
1.296000E+02 3.437428E-11
1.297000E+02 2.554672E-11
1.298000E+02 2.309414E-11
1.299000E+02 3.243139E-11
1.300000E+02 3.889904E-11
1.301000E+02 4.080047E-11
1.302000E+02 5.190928E-11
1.303000E+02 6.853610E-11
1.304000E+02 7.225594E-11
1.305000E+02 6.851147E-11
1.306000E+02 8.203000E-11
1.307000E+02 1.081517E-10
1.308000E+02 1.119910E-10
1.309000E+02 8.888180E-11
1.310000E+02 7.871704E-11
1.311000E+02 9.993108E-11
1.312000E+02 1.150519E-10
1.313000E+02 9.225899E-11
1.314000E+02 5.890076E-11
1.315000E+02 5.516324E-11
1.316000E+02 6.925946E-11
1.317000E+02 6.290578E-11
1.318000E+02 3.714000E-11
1.319000E+02 2.445219E-11
1.320000E+02 3.095229E-11
1.321000E+02 3.315727E-11
1.322000E+02 2.501514E-11
1.323000E+02 2.409936E-11
1.324000E+02 3.392889E-11
1.325000E+02 4.001727E-11
1.326000E+02 4.231763E-11
1.327000E+02 5.455608E-11
1.328000E+02 7.128500E-11
1.329000E+02 7.385972E-11
1.330000E+02 6.951473E-11
1.331000E+02 8.369139E-11
1.332000E+02 1.098007E-10
1.333000E+02 1.121975E-10
1.334000E+02 8.795181E-11
1.335000E+02 7.789459E-11
1.336000E+02 9.900549E-11
1.337000E+02 1.129264E-10
1.338000E+02 8.925148E-11
1.339000E+02 5.639375E-11
1.340000E+02 5.332435E-11
1.341000E+02 6.670332E-11
1.342000E+02 5.956032E-11
1.343000E+02 3.471094E-11
1.344000E+02 2.358937E-11
1.345000E+02 3.036126E-11
1.346000E+02 3.218882E-11
1.347000E+02 2.477172E-11
1.348000E+02 2.528289E-11
1.349000E+02 3.559700E-11
1.350000E+02 4.126525E-11
1.351000E+02 4.398024E-11
1.352000E+02 5.739210E-11
1.353000E+02 7.413992E-11
1.354000E+02 7.544770E-11
1.355000E+02 7.061152E-11
1.356000E+02 8.542702E-11
1.357000E+02 1.114487E-10
1.358000E+02 1.124307E-10
1.359000E+02 8.704195E-11
1.360000E+02 7.709487E-11
1.361000E+02 9.814952E-11
1.362000E+02 1.108579E-10
1.363000E+02 8.627369E-11
1.364000E+02 5.404230E-11
1.365000E+02 5.159857E-11
1.366000E+02 6.425164E-11
1.367000E+02 5.642511E-11
1.368000E+02 3.249381E-11
1.369000E+02 2.288623E-11
1.370000E+02 2.996346E-11
1.371000E+02 3.143545E-11
1.372000E+02 2.474308E-11
1.373000E+02 2.672165E-11
1.374000E+02 3.739939E-11
1.375000E+02 4.262356E-11
1.376000E+02 4.583873E-11
1.377000E+02 6.038218E-11
1.378000E+02 7.705241E-11
1.379000E+02 7.711287E-11
1.380000E+02 7.176822E-11
1.381000E+02 8.719708E-11
1.382000E+02 1.131544E-10
1.383000E+02 1.126583E-10
1.384000E+02 8.614350E-11
1.385000E+02 7.637052E-11
1.386000E+02 9.732907E-11
1.387000E+02 1.088024E-10
1.388000E+02 8.341346E-11
1.389000E+02 5.179954E-11
1.390000E+02 4.996678E-11
1.391000E+02 6.195460E-11
1.392000E+02 5.346211E-11
1.393000E+02 3.048038E-11
1.394000E+02 2.239840E-11
1.395000E+02 2.972817E-11
1.396000E+02 3.086228E-11
1.397000E+02 2.500436E-11
1.398000E+02 2.837990E-11
1.399000E+02 3.933642E-11
1.400000E+02 4.413661E-11
1.401000E+02 4.785444E-11
1.402000E+02 6.352778E-11
1.403000E+02 8.009203E-11
1.404000E+02 7.881640E-11
1.405000E+02 7.296255E-11
1.406000E+02 8.905990E-11
1.407000E+02 1.148901E-10
1.408000E+02 1.128809E-10
1.409000E+02 8.528665E-11
1.410000E+02 7.568511E-11
1.411000E+02 9.653150E-11
1.412000E+02 1.068176E-10
1.413000E+02 8.061517E-11
1.414000E+02 4.965501E-11
1.415000E+02 4.846650E-11
1.416000E+02 5.976826E-11
1.417000E+02 5.066966E-11
1.418000E+02 2.869376E-11
1.419000E+02 2.209195E-11
1.420000E+02 2.963532E-11
1.421000E+02 3.051794E-11
1.422000E+02 2.551451E-11
1.423000E+02 3.025248E-11
1.424000E+02 4.143431E-11
1.425000E+02 4.576999E-11
1.426000E+02 5.004087E-11
1.427000E+02 6.686299E-11
1.428000E+02 8.321219E-11
1.429000E+02 8.055611E-11
1.430000E+02 7.424182E-11
1.431000E+02 9.098901E-11
1.432000E+02 1.166523E-10
1.433000E+02 1.131083E-10
1.434000E+02 8.446098E-11
1.435000E+02 7.504005E-11
1.436000E+02 9.579056E-11
1.437000E+02 1.048528E-10
1.438000E+02 7.788502E-11
1.439000E+02 4.764638E-11
1.440000E+02 4.706267E-11
1.441000E+02 5.770384E-11
1.442000E+02 4.805170E-11
1.443000E+02 2.712734E-11
1.444000E+02 2.196495E-11
1.445000E+02 2.971977E-11
1.446000E+02 3.037892E-11
1.447000E+02 2.627576E-11
1.448000E+02 3.236630E-11
1.449000E+02 4.368640E-11
1.450000E+02 4.754291E-11
1.451000E+02 5.241017E-11
1.452000E+02 7.036857E-11
1.453000E+02 8.643145E-11
1.454000E+02 8.237656E-11
1.455000E+02 7.558069E-11
1.456000E+02 9.298463E-11
1.457000E+02 1.184458E-10
1.458000E+02 1.133695E-10
1.459000E+02 8.366158E-11
1.460000E+02 7.443571E-11
1.461000E+02 9.508856E-11
1.462000E+02 1.029129E-10
1.463000E+02 7.526347E-11
1.464000E+02 4.573520E-11
1.465000E+02 4.576134E-11
1.466000E+02 5.575383E-11
1.467000E+02 4.562754E-11
1.468000E+02 2.577218E-11
1.469000E+02 2.202361E-11
1.470000E+02 2.998178E-11
1.471000E+02 3.043016E-11
1.472000E+02 2.731568E-11
1.473000E+02 3.472828E-11
1.474000E+02 4.609254E-11
1.475000E+02 4.944767E-11
1.476000E+02 5.497541E-11
1.477000E+02 7.404836E-11
1.478000E+02 8.978779E-11
1.479000E+02 8.425549E-11
1.480000E+02 7.696361E-11
1.481000E+02 9.506464E-11
1.482000E+02 1.203130E-10
1.483000E+02 1.136412E-10
1.484000E+02 8.286244E-11
1.485000E+02 7.390408E-11
1.486000E+02 9.440457E-11
1.487000E+02 1.010443E-10
1.488000E+02 7.271550E-11
1.489000E+02 4.390357E-11
1.490000E+02 4.458231E-11
1.491000E+02 5.394506E-11
1.492000E+02 4.337474E-11
1.493000E+02 2.462125E-11
1.494000E+02 2.230171E-11
1.495000E+02 3.038242E-11
1.496000E+02 3.071852E-11
1.497000E+02 2.864826E-11
1.498000E+02 3.731251E-11
1.499000E+02 4.866290E-11
1.500000E+02 5.151959E-11
1.501000E+02 5.771902E-11
1.502000E+02 7.794447E-11
1.503000E+02 9.327553E-11
1.504000E+02 8.615151E-11
1.505000E+02 7.845139E-11
1.506000E+02 9.725309E-11
1.507000E+02 1.222154E-10
1.508000E+02 1.139069E-10
1.509000E+02 8.212036E-11
1.510000E+02 7.340096E-11
1.511000E+02 9.378606E-11
1.512000E+02 9.922412E-11
1.513000E+02 7.018690E-11
1.514000E+02 4.222268E-11
1.515000E+02 4.352465E-11
1.516000E+02 5.224046E-11
1.517000E+02 4.129708E-11
1.518000E+02 2.371254E-11
1.519000E+02 2.274654E-11
1.520000E+02 3.098300E-11
1.521000E+02 3.124851E-11
1.522000E+02 3.021895E-11
1.523000E+02 4.017125E-11
1.524000E+02 5.142103E-11
1.525000E+02 5.372879E-11
1.526000E+02 6.068355E-11
1.527000E+02 8.205743E-11
1.528000E+02 9.684061E-11
1.529000E+02 8.816662E-11
1.530000E+02 8.003157E-11
1.531000E+02 9.949787E-11
1.532000E+02 1.241787E-10
1.533000E+02 1.142074E-10
1.534000E+02 8.139556E-11
1.535000E+02 7.296268E-11
1.536000E+02 9.322311E-11
1.537000E+02 9.738180E-11
1.538000E+02 6.779020E-11
1.539000E+02 4.065872E-11
1.540000E+02 4.254291E-11
1.541000E+02 5.067985E-11
1.542000E+02 3.940940E-11
1.543000E+02 2.300796E-11
1.544000E+02 2.342191E-11
1.545000E+02 3.178042E-11
1.546000E+02 3.195563E-11
1.547000E+02 3.212244E-11
1.548000E+02 4.330597E-11
1.549000E+02 5.433949E-11
1.550000E+02 5.612401E-11
1.551000E+02 6.386493E-11
1.552000E+02 8.634869E-11
1.553000E+02 1.006009E-10
1.554000E+02 9.026539E-11
1.555000E+02 8.164060E-11
1.556000E+02 1.018783E-10
1.557000E+02 1.262083E-10
1.558000E+02 1.145184E-10
1.559000E+02 8.071439E-11
1.560000E+02 7.257980E-11
1.561000E+02 9.265768E-11
1.562000E+02 9.563684E-11
1.563000E+02 6.547108E-11
1.564000E+02 3.915329E-11
1.565000E+02 4.172043E-11
1.566000E+02 4.924005E-11
1.567000E+02 3.769145E-11
1.568000E+02 2.256616E-11
1.569000E+02 2.431106E-11
1.570000E+02 3.271952E-11
1.571000E+02 3.295345E-11
1.572000E+02 3.433451E-11
1.573000E+02 4.668977E-11
1.574000E+02 5.748783E-11
1.575000E+02 5.868021E-11
1.576000E+02 6.725045E-11
1.577000E+02 9.092663E-11
1.578000E+02 1.045095E-10
1.579000E+02 9.239017E-11
1.580000E+02 8.339681E-11
1.581000E+02 1.043604E-10
1.582000E+02 1.282908E-10
1.583000E+02 1.148786E-10
1.584000E+02 8.004889E-11
1.585000E+02 7.222995E-11
1.586000E+02 9.219073E-11
1.587000E+02 9.392470E-11
1.588000E+02 6.317506E-11
1.589000E+02 3.782178E-11
1.590000E+02 4.099985E-11
1.591000E+02 4.791939E-11
1.592000E+02 3.620264E-11
1.593000E+02 2.234889E-11
1.594000E+02 2.539703E-11
1.595000E+02 3.390893E-11
1.596000E+02 3.419686E-11
1.597000E+02 3.683757E-11
1.598000E+02 5.041742E-11
1.599000E+02 6.082139E-11
1.600000E+02 6.141581E-11
1.601000E+02 7.092434E-11
1.602000E+02 9.573784E-11
1.603000E+02 1.085484E-10
1.604000E+02 9.466410E-11
1.605000E+02 8.523763E-11
1.606000E+02 1.069399E-10
1.607000E+02 1.304862E-10
1.608000E+02 1.152396E-10
1.609000E+02 7.941451E-11
1.610000E+02 7.197760E-11
1.611000E+02 9.175597E-11
1.612000E+02 9.221819E-11
1.613000E+02 6.101252E-11
1.614000E+02 3.658764E-11
1.615000E+02 4.039173E-11
1.616000E+02 4.677575E-11
1.617000E+02 3.488425E-11
1.618000E+02 2.237999E-11
1.619000E+02 2.676074E-11
1.620000E+02 3.529531E-11
1.621000E+02 3.568072E-11
1.622000E+02 3.972924E-11
1.623000E+02 5.444091E-11
1.624000E+02 6.437782E-11
1.625000E+02 6.438868E-11
1.626000E+02 7.482870E-11
1.627000E+02 1.008109E-10
1.628000E+02 1.128191E-10
1.629000E+02 9.701707E-11
1.630000E+02 8.716468E-11
1.631000E+02 1.096882E-10
1.632000E+02 1.327403E-10
1.633000E+02 1.156364E-10
1.634000E+02 7.884432E-11
1.635000E+02 7.176148E-11
1.636000E+02 9.136024E-11
1.637000E+02 9.060059E-11
1.638000E+02 5.890434E-11
1.639000E+02 3.546682E-11
1.640000E+02 3.995564E-11
1.641000E+02 4.574076E-11
1.642000E+02 3.378446E-11
1.643000E+02 2.271303E-11
1.644000E+02 2.835198E-11
1.645000E+02 3.689449E-11
1.646000E+02 3.748765E-11
1.647000E+02 4.296765E-11
1.648000E+02 5.880779E-11
1.649000E+02 6.820717E-11
1.650000E+02 6.754135E-11
1.651000E+02 7.902481E-11
1.652000E+02 1.062199E-10
1.653000E+02 1.172585E-10
1.654000E+02 9.947128E-11
1.655000E+02 8.924471E-11
1.656000E+02 1.125517E-10
1.657000E+02 1.350991E-10
1.658000E+02 1.160870E-10
1.659000E+02 7.828414E-11
1.660000E+02 7.161813E-11
1.661000E+02 9.105103E-11
1.662000E+02 8.900008E-11
1.663000E+02 5.687791E-11
1.664000E+02 3.450967E-11
1.665000E+02 3.962419E-11
1.666000E+02 4.487665E-11
1.667000E+02 3.292880E-11
1.668000E+02 2.330556E-11
1.669000E+02 3.021917E-11
1.670000E+02 3.875732E-11
1.671000E+02 3.958527E-11
1.672000E+02 4.660808E-11
1.673000E+02 6.356134E-11
1.674000E+02 7.227467E-11
1.675000E+02 7.094968E-11
1.676000E+02 8.354753E-11
1.677000E+02 1.119244E-10
1.678000E+02 1.219265E-10
1.679000E+02 1.020701E-10
1.680000E+02 9.143367E-11
1.681000E+02 1.155834E-10
1.682000E+02 1.375679E-10
1.683000E+02 1.165678E-10
1.684000E+02 7.778118E-11
1.685000E+02 7.155120E-11
1.686000E+02 9.079100E-11
1.687000E+02 8.745515E-11
1.688000E+02 5.495707E-11
1.689000E+02 3.367276E-11
1.690000E+02 3.946018E-11
1.691000E+02 4.418312E-11
1.692000E+02 3.230317E-11
1.693000E+02 2.422023E-11
1.694000E+02 3.238097E-11
1.695000E+02 4.088460E-11
1.696000E+02 4.201973E-11
1.697000E+02 5.068011E-11
1.698000E+02 6.872216E-11
1.699000E+02 7.664474E-11
1.700000E+02 7.461555E-11
1.701000E+02 8.840174E-11
1.702000E+02 1.179950E-10
1.703000E+02 1.268538E-10
1.704000E+02 1.047984E-10
1.705000E+02 9.376729E-11
1.706000E+02 1.187874E-10
1.707000E+02 1.401736E-10
1.708000E+02 1.171015E-10
1.709000E+02 7.731070E-11
1.710000E+02 7.157859E-11
1.711000E+02 9.059815E-11
1.712000E+02 8.597685E-11
1.713000E+02 5.312992E-11
1.714000E+02 3.298623E-11
1.715000E+02 3.946753E-11
1.716000E+02 4.367836E-11
1.717000E+02 3.193937E-11
1.718000E+02 2.546962E-11
1.719000E+02 3.487904E-11
1.720000E+02 4.328831E-11
1.721000E+02 4.482383E-11
1.722000E+02 5.524494E-11
1.723000E+02 7.431945E-11
1.724000E+02 8.133096E-11
1.725000E+02 7.858327E-11
1.726000E+02 9.362072E-11
1.727000E+02 1.244811E-10
1.728000E+02 1.320546E-10
1.729000E+02 1.076598E-10
1.730000E+02 9.627905E-11
1.731000E+02 1.222069E-10
1.732000E+02 1.429034E-10
1.733000E+02 1.176792E-10
1.734000E+02 7.692461E-11
1.735000E+02 7.167657E-11
1.736000E+02 9.050151E-11
1.737000E+02 8.456687E-11
1.738000E+02 5.138182E-11
1.739000E+02 3.249434E-11
1.740000E+02 3.966545E-11
1.741000E+02 4.335487E-11
1.742000E+02 3.187279E-11
1.743000E+02 2.710679E-11
1.744000E+02 3.770129E-11
1.745000E+02 4.603082E-11
1.746000E+02 4.805071E-11
1.747000E+02 6.030151E-11
1.748000E+02 8.041859E-11
1.749000E+02 8.639291E-11
1.750000E+02 8.284687E-11
1.751000E+02 9.927809E-11
1.752000E+02 1.314086E-10
1.753000E+02 1.375262E-10
1.754000E+02 1.107360E-10
1.755000E+02 9.897716E-11
1.756000E+02 1.258156E-10
1.757000E+02 1.457954E-10
1.758000E+02 1.183517E-10
1.759000E+02 7.657259E-11
1.760000E+02 7.189090E-11
1.761000E+02 9.050343E-11
1.762000E+02 8.318939E-11
1.763000E+02 4.979378E-11
1.764000E+02 3.218535E-11
1.765000E+02 4.003406E-11
1.766000E+02 4.327644E-11
1.767000E+02 3.213466E-11
1.768000E+02 2.911883E-11
1.769000E+02 4.093943E-11
1.770000E+02 4.913720E-11
1.771000E+02 5.168736E-11
1.772000E+02 6.595656E-11
1.773000E+02 8.707942E-11
1.774000E+02 9.181955E-11
1.775000E+02 8.748660E-11
1.776000E+02 1.053977E-10
1.777000E+02 1.387895E-10
1.778000E+02 1.433918E-10
1.779000E+02 1.139942E-10
1.780000E+02 1.018390E-10
1.781000E+02 1.296943E-10
1.782000E+02 1.488854E-10
1.783000E+02 1.190669E-10
1.784000E+02 7.629784E-11
1.785000E+02 7.222998E-11
1.786000E+02 9.056851E-11
1.787000E+02 8.193891E-11
1.788000E+02 4.832073E-11
1.789000E+02 3.204272E-11
1.790000E+02 4.066362E-11
1.791000E+02 4.344868E-11
1.792000E+02 3.271174E-11
1.793000E+02 3.161173E-11
1.794000E+02 4.461073E-11
1.795000E+02 5.259819E-11
1.796000E+02 5.585666E-11
1.797000E+02 7.225803E-11
1.798000E+02 9.431101E-11
1.799000E+02 9.770635E-11
1.800000E+02 9.253098E-11
1.801000E+02 1.119912E-10
1.802000E+02 1.467740E-10
1.803000E+02 1.496139E-10
1.804000E+02 1.174261E-10
1.805000E+02 1.049791E-10
1.806000E+02 1.338515E-10
1.807000E+02 1.521372E-10
1.808000E+02 1.198744E-10
1.809000E+02 7.612105E-11
1.810000E+02 7.265492E-11
1.811000E+02 9.079846E-11
1.812000E+02 8.075428E-11
1.813000E+02 4.694670E-11
1.814000E+02 3.218723E-11
1.815000E+02 4.153705E-11
1.816000E+02 4.385522E-11
1.817000E+02 3.371616E-11
1.818000E+02 3.460741E-11
1.819000E+02 4.872046E-11
1.820000E+02 5.655598E-11
1.821000E+02 6.057155E-11
1.822000E+02 7.923409E-11
1.823000E+02 1.022523E-10
1.824000E+02 1.040986E-10
1.825000E+02 9.797990E-11
1.826000E+02 1.192119E-10
1.827000E+02 1.553460E-10
1.828000E+02 1.562153E-10
1.829000E+02 1.211900E-10
1.830000E+02 1.083495E-10
1.831000E+02 1.382764E-10
1.832000E+02 1.556359E-10
1.833000E+02 1.208001E-10
1.834000E+02 7.599593E-11
1.835000E+02 7.326544E-11
1.836000E+02 9.113611E-11
1.837000E+02 7.962209E-11
1.838000E+02 4.582040E-11
1.839000E+02 3.256145E-11
1.840000E+02 4.265249E-11
1.841000E+02 4.461635E-11
1.842000E+02 3.515865E-11
1.843000E+02 3.812916E-11
1.844000E+02 5.343898E-11
1.845000E+02 6.098614E-11
1.846000E+02 6.586916E-11
1.847000E+02 8.706873E-11
1.848000E+02 1.109579E-10
1.849000E+02 1.110177E-10
1.850000E+02 1.039686E-10
1.851000E+02 1.270608E-10
1.852000E+02 1.645647E-10
1.853000E+02 1.634065E-10
1.854000E+02 1.251810E-10
1.855000E+02 1.119635E-10
1.856000E+02 1.431022E-10
1.857000E+02 1.593940E-10
1.858000E+02 1.218145E-10
1.859000E+02 7.599740E-11
1.860000E+02 7.402277E-11
1.861000E+02 9.158053E-11
1.862000E+02 7.870441E-11
1.863000E+02 4.483130E-11
1.864000E+02 3.318962E-11
1.865000E+02 4.415017E-11
1.866000E+02 4.571348E-11
1.867000E+02 3.707695E-11
1.868000E+02 4.235478E-11
1.869000E+02 5.873824E-11
1.870000E+02 6.594047E-11
1.871000E+02 7.195398E-11
1.872000E+02 9.579239E-11
1.873000E+02 1.205094E-10
1.874000E+02 1.185998E-10
1.875000E+02 1.105082E-10
1.876000E+02 1.356158E-10
1.877000E+02 1.746669E-10
1.878000E+02 1.710813E-10
1.879000E+02 1.294420E-10
1.880000E+02 1.159959E-10
1.881000E+02 1.482959E-10
1.882000E+02 1.634307E-10
1.883000E+02 1.229733E-10
1.884000E+02 7.610458E-11
1.885000E+02 7.494096E-11
1.886000E+02 9.228547E-11
1.887000E+02 7.786140E-11
1.888000E+02 4.401870E-11
1.889000E+02 3.424038E-11
1.890000E+02 4.597507E-11
1.891000E+02 4.720233E-11
1.892000E+02 3.962490E-11
1.893000E+02 4.727414E-11
1.894000E+02 6.470818E-11
1.895000E+02 7.163231E-11
1.896000E+02 7.880127E-11
1.897000E+02 1.055381E-10
1.898000E+02 1.310888E-10
1.899000E+02 1.268797E-10
1.900000E+02 1.176878E-10
1.901000E+02 1.450813E-10
1.902000E+02 1.855941E-10
1.903000E+02 1.793406E-10
1.904000E+02 1.341886E-10
1.905000E+02 1.203363E-10
1.906000E+02 1.539290E-10
1.907000E+02 1.678249E-10
1.908000E+02 1.242651E-10
1.909000E+02 7.634647E-11
1.910000E+02 7.613256E-11
1.911000E+02 9.312582E-11
1.912000E+02 7.714575E-11
1.913000E+02 4.356597E-11
1.914000E+02 3.561168E-11
1.915000E+02 4.821755E-11
1.916000E+02 4.920966E-11
1.917000E+02 4.279273E-11
1.918000E+02 5.302663E-11
1.919000E+02 7.157187E-11
1.920000E+02 7.799787E-11
1.921000E+02 8.656360E-11
1.922000E+02 1.165362E-10
1.923000E+02 1.427652E-10
1.924000E+02 1.359993E-10
1.925000E+02 1.256445E-10
1.926000E+02 1.554455E-10
1.927000E+02 1.975232E-10
1.928000E+02 1.884476E-10
1.929000E+02 1.392536E-10
1.930000E+02 1.250888E-10
1.931000E+02 1.601279E-10
1.932000E+02 1.725695E-10
1.933000E+02 1.257563E-10
1.934000E+02 7.676048E-11
1.935000E+02 7.751843E-11
1.936000E+02 9.418508E-11
1.937000E+02 7.672979E-11
1.938000E+02 4.332049E-11
1.939000E+02 3.743189E-11
1.940000E+02 5.100345E-11
1.941000E+02 5.171234E-11
1.942000E+02 4.675220E-11
1.943000E+02 5.981905E-11
1.944000E+02 7.929294E-11
1.945000E+02 8.521158E-11
1.946000E+02 9.548007E-11
1.947000E+02 1.288609E-10
1.948000E+02 1.557807E-10
1.949000E+02 1.460692E-10
1.950000E+02 1.344111E-10
1.951000E+02 1.669284E-10
1.952000E+02 2.107356E-10
1.953000E+02 1.982726E-10
1.954000E+02 1.447730E-10
1.955000E+02 1.304208E-10
1.956000E+02 1.668652E-10
1.957000E+02 1.778005E-10
1.958000E+02 1.274223E-10
1.959000E+02 7.732319E-11
1.960000E+02 7.921244E-11
1.961000E+02 9.560105E-11
1.962000E+02 7.644874E-11
1.963000E+02 4.341888E-11
1.964000E+02 3.984992E-11
1.965000E+02 5.430426E-11
1.966000E+02 5.489957E-11
1.967000E+02 5.164825E-11
1.968000E+02 6.768928E-11
1.969000E+02 8.810007E-11
1.970000E+02 9.351372E-11
1.971000E+02 1.055858E-10
1.972000E+02 1.428251E-10
1.973000E+02 1.703057E-10
1.974000E+02 1.572068E-10
1.975000E+02 1.442227E-10
1.976000E+02 1.797457E-10
1.977000E+02 2.252243E-10
1.978000E+02 2.090200E-10
1.979000E+02 1.509720E-10
1.980000E+02 1.362435E-10
1.981000E+02 1.743309E-10
1.982000E+02 1.835100E-10
1.983000E+02 1.292947E-10
1.984000E+02 7.816448E-11
1.985000E+02 8.127949E-11
1.986000E+02 9.726614E-11
1.987000E+02 7.642438E-11
1.988000E+02 4.403308E-11
1.989000E+02 4.282330E-11
1.990000E+02 5.833280E-11
1.991000E+02 5.885767E-11
1.992000E+02 5.756795E-11
1.993000E+02 7.692879E-11
1.994000E+02 9.826278E-11
1.995000E+02 1.029224E-10
1.996000E+02 1.171817E-10
1.997000E+02 1.586938E-10
1.998000E+02 1.865679E-10
1.999000E+02 1.697201E-10
2.000000E+02 1.551838E-10
2.001000E+02 1.940022E-10
2.002000E+02 2.412895E-10
2.003000E+02 2.210152E-10
2.004000E+02 1.577276E-10
2.005000E+02 1.427355E-10
2.006000E+02 1.826083E-10
2.007000E+02 1.897728E-10
2.008000E+02 1.315448E-10
2.009000E+02 7.923730E-11
2.010000E+02 8.370008E-11
2.011000E+02 9.931296E-11
2.012000E+02 7.683455E-11
2.013000E+02 4.508466E-11
2.014000E+02 4.657642E-11
2.015000E+02 6.318834E-11
2.016000E+02 6.367686E-11
2.017000E+02 6.483692E-11
2.018000E+02 8.781604E-11
2.019000E+02 1.098769E-10
2.020000E+02 1.137187E-10
2.021000E+02 1.305869E-10
2.022000E+02 1.767454E-10
2.023000E+02 2.050266E-10
2.024000E+02 1.836994E-10
2.025000E+02 1.674630E-10
2.026000E+02 2.100659E-10
2.027000E+02 2.593243E-10
2.028000E+02 2.342377E-10
2.029000E+02 1.651993E-10
2.030000E+02 1.500781E-10
2.031000E+02 1.917715E-10
2.032000E+02 1.968492E-10
2.033000E+02 1.340516E-10
2.034000E+02 8.057968E-11
2.035000E+02 8.665335E-11
2.036000E+02 1.018925E-10
2.037000E+02 7.759561E-11
2.038000E+02 4.676199E-11
2.039000E+02 5.127542E-11
2.040000E+02 6.896487E-11
2.041000E+02 6.969890E-11
2.042000E+02 7.366467E-11
2.043000E+02 1.005753E-10
2.044000E+02 1.233009E-10
2.045000E+02 1.262543E-10
2.046000E+02 1.460454E-10
2.047000E+02 1.975390E-10
2.048000E+02 2.259276E-10
2.049000E+02 1.994278E-10
2.050000E+02 1.814775E-10
2.051000E+02 2.282554E-10
2.052000E+02 2.795229E-10
2.053000E+02 2.489423E-10
2.054000E+02 1.736679E-10
2.055000E+02 1.582960E-10
2.056000E+02 2.021348E-10
2.057000E+02 2.046778E-10
2.058000E+02 1.368974E-10
2.059000E+02 8.241817E-11
2.060000E+02 9.020005E-11
2.061000E+02 1.050007E-10
2.062000E+02 7.884806E-11
2.063000E+02 4.927186E-11
2.064000E+02 5.703390E-11
2.065000E+02 7.603040E-11
2.066000E+02 7.705117E-11
2.067000E+02 8.434463E-11
2.068000E+02 1.157049E-10
2.069000E+02 1.389631E-10
2.070000E+02 1.407794E-10
2.071000E+02 1.640679E-10
2.072000E+02 2.215201E-10
2.073000E+02 2.497773E-10
2.074000E+02 2.174664E-10
2.075000E+02 1.973952E-10
2.076000E+02 2.489246E-10
2.077000E+02 3.023433E-10
2.078000E+02 2.655754E-10
2.079000E+02 1.831742E-10
2.080000E+02 1.676364E-10
2.081000E+02 2.137957E-10
2.082000E+02 2.134329E-10
