# # freq, loss, reflectance, transmittance (in meep units)
4.000000E-01 1.856093E-03 2.508501E-06 9.981414E-01
4.010008E-01 -9.196381E-04 3.146963E-06 1.000916E+00
4.020017E-01 -2.323882E-03 3.286763E-06 1.002321E+00
4.030025E-01 -4.634281E-04 2.694695E-06 1.000461E+00
4.040033E-01 2.000818E-03 2.146896E-06 9.979970E-01
4.050042E-01 1.653679E-03 2.321244E-06 9.983440E-01
4.060050E-01 -9.463985E-04 2.878180E-06 1.000944E+00
4.070058E-01 -2.152662E-03 2.973861E-06 1.002150E+00
4.080067E-01 -3.449698E-04 2.435281E-06 1.000343E+00
4.090075E-01 1.896434E-03 1.962630E-06 9.981016E-01
4.100083E-01 1.468100E-03 2.131485E-06 9.985298E-01
4.110092E-01 -9.647886E-04 2.614801E-06 1.000962E+00
4.120100E-01 -1.993569E-03 2.674017E-06 1.001991E+00
4.130108E-01 -2.423846E-04 2.186073E-06 1.000240E+00
4.140117E-01 1.793934E-03 1.779757E-06 9.982043E-01
4.150125E-01 1.298755E-03 1.940857E-06 9.986993E-01
4.160133E-01 -9.753187E-04 2.357879E-06 1.000973E+00
4.170142E-01 -1.845167E-03 2.387346E-06 1.001843E+00
4.180150E-01 -1.531835E-04 1.947207E-06 1.000151E+00
4.190158E-01 1.694534E-03 1.599345E-06 9.983039E-01
4.200167E-01 1.145067E-03 1.750979E-06 9.988532E-01
4.210175E-01 -9.784387E-04 2.108486E-06 1.000976E+00
4.220183E-01 -1.706125E-03 2.114088E-06 1.001704E+00
4.230192E-01 -7.511295E-05 1.718972E-06 1.000073E+00
4.240200E-01 1.599329E-03 1.422526E-06 9.983992E-01
4.250209E-01 1.006567E-03 1.563452E-06 9.989919E-01
4.260217E-01 -9.744184E-04 1.867711E-06 1.000973E+00
4.270225E-01 -1.575102E-03 1.854591E-06 1.001573E+00
4.280234E-01 -6.099922E-06 1.501784E-06 1.000005E+00
4.290242E-01 1.509223E-03 1.250477E-06 9.984895E-01
4.300250E-01 8.826737E-04 1.379853E-06 9.991159E-01
4.310259E-01 -9.637191E-04 1.636646E-06 1.000962E+00
4.320267E-01 -1.451219E-03 1.609294E-06 1.001450E+00
4.330275E-01 5.523253E-05 1.296166E-06 9.999435E-01
4.340284E-01 1.424394E-03 1.084407E-06 9.985745E-01
4.350292E-01 7.721716E-04 1.201724E-06 9.992266E-01
4.360300E-01 -9.474468E-04 1.416385E-06 1.000946E+00
4.370309E-01 -1.334384E-03 1.378708E-06 1.001333E+00
4.380317E-01 1.093818E-04 1.102724E-06 9.998895E-01
4.390325E-01 1.344253E-03 9.255452E-07 9.986548E-01
4.400334E-01 6.732798E-04 1.030577E-06 9.993257E-01
4.410342E-01 -9.271671E-04 1.208016E-06 1.000926E+00
4.420350E-01 -1.224987E-03 1.163408E-06 1.001224E+00
4.430359E-01 1.563838E-04 9.221417E-07 9.998427E-01
4.440367E-01 1.267931E-03 7.751336E-07 9.987313E-01
4.450375E-01 5.841916E-04 8.678902E-07 9.994149E-01
4.460384E-01 -9.043330E-04 1.012625E-06 1.000903E+00
4.470392E-01 -1.123304E-03 9.640269E-07 1.001122E+00
4.480400E-01 1.964088E-04 7.551613E-07 9.998028E-01
4.490409E-01 1.194831E-03 6.344207E-07 9.988045E-01
4.500417E-01 5.035367E-04 7.151063E-07 9.994957E-01
4.510425E-01 -8.799272E-04 8.312894E-07 1.000879E+00
4.520434E-01 -1.029243E-03 7.812407E-07 1.001028E+00
4.530442E-01 2.299011E-04 6.025749E-07 9.997695E-01
4.540450E-01 1.124649E-03 5.046523E-07 9.988748E-01
4.550459E-01 4.302934E-04 5.736309E-07 9.995691E-01
4.560467E-01 -8.546233E-04 6.650748E-07 1.000854E+00
4.570475E-01 -9.425315E-04 6.157606E-07 1.000942E+00
4.580484E-01 2.574074E-04 4.652104E-07 9.997421E-01
4.590492E-01 1.057236E-03 3.870647E-07 9.989424E-01
4.600500E-01 3.636958E-04 4.448301E-07 9.996359E-01
4.610509E-01 -8.288119E-04 5.150313E-07 1.000828E+00
4.620517E-01 -8.626635E-04 4.683255E-07 1.000862E+00
4.630525E-01 2.796929E-04 3.439238E-07 9.997200E-01
4.640534E-01 9.927442E-04 2.828815E-07 9.990070E-01
4.650542E-01 3.033813E-04 3.300310E-07 9.996963E-01
4.660550E-01 -8.024777E-04 3.821936E-07 1.000802E+00
4.670559E-01 -7.888180E-04 3.396952E-07 1.000788E+00
4.680567E-01 2.977649E-04 2.395911E-07 9.997020E-01
4.690575E-01 9.315707E-04 1.933081E-07 9.990682E-01
4.700584E-01 2.492409E-04 2.305201E-07 9.997505E-01
4.710592E-01 -7.754250E-04 2.675770E-07 1.000775E+00
4.720601E-01 -7.201368E-04 2.306437E-07 1.000720E+00
4.730609E-01 3.125585E-04 1.530999E-07 9.996873E-01
4.740617E-01 8.740192E-04 1.195274E-07 9.991259E-01
4.750626E-01 2.010782E-04 1.475419E-07 9.997988E-01
4.760634E-01 -7.476011E-04 1.721751E-07 1.000747E+00
4.770642E-01 -6.560056E-04 1.419523E-07 1.000656E+00
4.780651E-01 3.247089E-04 8.534201E-08 9.996752E-01
4.790659E-01 8.201234E-04 6.269532E-08 9.991798E-01
4.800667E-01 1.584791E-04 8.229764E-08 9.998414E-01
4.810676E-01 -7.191729E-04 9.695675E-08 1.000719E+00
4.820684E-01 -5.960742E-04 7.440372E-08 1.000596E+00
4.830692E-01 3.345808E-04 3.720705E-08 9.996654E-01
4.840701E-01 7.697115E-04 2.393764E-08 9.992303E-01
4.850709E-01 1.209001E-04 3.594409E-08 9.998791E-01
4.860717E-01 -6.904202E-04 4.286444E-08 1.000690E+00
4.870726E-01 -5.401341E-04 2.877709E-08 1.000540E+00
4.880734E-01 3.423959E-04 9.576888E-09 9.996576E-01
4.890742E-01 7.225236E-04 4.346895E-09 9.992775E-01
4.900751E-01 8.776547E-05 9.592884E-09 9.999122E-01
4.910759E-01 -6.616575E-04 1.081156E-08 1.000662E+00
4.920767E-01 -4.880562E-04 5.842854E-09 1.000488E+00
4.930776E-01 3.482796E-04 3.319977E-09 9.996517E-01
4.940784E-01 6.782389E-04 4.979038E-09 9.993218E-01
4.950792E-01 5.847831E-05 4.308818E-09 9.999415E-01
4.960801E-01 -6.332294E-04 1.679935E-09 1.000633E+00
4.970809E-01 -4.397802E-04 6.357715E-09 1.000440E+00
4.980817E-01 3.522809E-04 1.928614E-08 9.996477E-01
4.990826E-01 6.365060E-04 2.685047E-08 9.993635E-01
5.000834E-01 3.246167E-05 2.110855E-08 9.999675E-01
5.010842E-01 -6.054529E-04 1.631737E-08 1.000605E+00
5.020851E-01 -3.952373E-04 3.106016E-08 1.000395E+00
5.030859E-01 3.544668E-04 5.830203E-08 9.996455E-01
5.040867E-01 5.970432E-04 7.093548E-08 9.994029E-01
5.050876E-01 9.258060E-06 6.095939E-08 9.999907E-01
5.060884E-01 -5.785207E-04 5.553544E-08 1.000578E+00
5.070892E-01 -3.542584E-04 8.066629E-08 1.000354E+00
5.080901E-01 3.550016E-04 1.211667E-07 9.996449E-01
5.090909E-01 5.596986E-04 1.381637E-07 9.994402E-01
5.100917E-01 -1.143405E-05 1.247780E-07 1.000011E+00
5.110926E-01 -5.524860E-04 1.201071E-07 1.000552E+00
5.120934E-01 -3.165757E-04 1.558658E-07 1.000316E+00
5.130942E-01 3.541295E-04 2.086479E-07 9.996457E-01
5.140951E-01 5.244137E-04 2.294177E-07 9.994754E-01
5.150959E-01 -2.981237E-05 2.134290E-07 1.000030E+00
5.160967E-01 -5.273236E-04 2.107645E-07 1.000527E+00
5.170976E-01 -2.818868E-04 2.573182E-07 1.000282E+00
5.180984E-01 3.521089E-04 3.214776E-07 9.996476E-01
5.190992E-01 4.911568E-04 3.455308E-07 9.995085E-01
5.201001E-01 -4.603798E-05 3.277235E-07 1.000046E+00
5.211009E-01 -5.029923E-04 3.281966E-07 1.000503E+00
5.221018E-01 -2.499085E-04 3.856494E-07 1.000250E+00
5.231026E-01 3.491678E-04 4.603496E-07 9.996504E-01
5.241034E-01 4.598835E-04 4.872848E-07 9.995396E-01
5.251043E-01 -6.026972E-05 4.684182E-07 1.000060E+00
5.261051E-01 -4.794626E-04 4.730476E-07 1.000479E+00
5.271059E-01 -2.203956E-04 5.414484E-07 1.000220E+00
5.281068E-01 3.454898E-04 6.259155E-07 9.996539E-01
5.291076E-01 4.305246E-04 6.554084E-07 9.995688E-01
5.301084E-01 -7.267682E-05 6.362137E-07 1.000072E+00
5.311093E-01 -4.567279E-04 6.459142E-07 1.000456E+00
5.321101E-01 -1.931498E-04 7.252642E-07 1.000192E+00
5.331109E-01 3.412074E-04 8.187823E-07 9.996580E-01
5.341118E-01 4.029775E-04 8.505752E-07 9.995962E-01
5.351126E-01 -8.344854E-05 8.317535E-07 1.000083E+00
5.361134E-01 -4.348124E-04 8.473442E-07 1.000434E+00
5.371143E-01 -1.680232E-04 9.376028E-07 1.000167E+00
5.381151E-01 3.364019E-04 1.039509E-06 9.996626E-01
5.391159E-01 3.771089E-04 1.073402E-06 9.996218E-01
5.401168E-01 -9.278894E-05 1.055623E-06 1.000092E+00
5.411176E-01 -4.137610E-04 1.077835E-06 1.000413E+00
5.421184E-01 -1.449019E-04 1.178925E-06 1.000144E+00
5.431193E-01 3.311248E-04 1.288606E-06 9.996676E-01
5.441201E-01 3.527781E-04 1.324447E-06 9.996459E-01
5.451209E-01 -1.008933E-04 1.308347E-06 1.000100E+00
5.461218E-01 -3.936139E-04 1.337830E-06 1.000392E+00
5.471226E-01 -1.236788E-04 1.449644E-06 1.000122E+00
5.481234E-01 3.254246E-04 1.566530E-06 9.996730E-01
5.491243E-01 3.298601E-04 1.604208E-06 9.996685E-01
5.501251E-01 -1.079282E-04 1.590391E-06 1.000106E+00
5.511259E-01 -3.743894E-04 1.627720E-06 1.000373E+00
5.521268E-01 -1.042377E-04 1.750122E-06 1.000102E+00
5.531276E-01 3.193600E-04 1.873683E-06 9.996788E-01
5.541284E-01 3.082554E-04 1.913124E-06 9.996898E-01
5.551293E-01 -1.140260E-04 1.902159E-06 1.000112E+00
5.561301E-01 -3.560805E-04 1.947840E-06 1.000354E+00
5.571309E-01 -8.645061E-05 2.080669E-06 1.000084E+00
5.581318E-01 3.130020E-04 2.210413E-06 9.996848E-01
5.591326E-01 2.878892E-04 2.251569E-06 9.997099E-01
5.601334E-01 -1.192877E-04 2.243992E-06 1.000117E+00
5.611343E-01 -3.386575E-04 2.298467E-06 1.000336E+00
5.621351E-01 -7.017948E-05 2.441543E-06 1.000068E+00
5.631359E-01 3.064312E-04 2.577009E-06 9.996910E-01
5.641368E-01 2.687076E-04 2.619856E-06 9.997287E-01
5.651376E-01 -1.237881E-04 2.616168E-06 1.000121E+00
5.661384E-01 -3.220736E-04 2.679821E-06 1.000319E+00
5.671393E-01 -5.528155E-05 2.832945E-06 1.000052E+00
5.681401E-01 2.997328E-04 2.973700E-06 9.996973E-01
5.691410E-01 2.506702E-04 3.018234E-06 9.997463E-01
5.701418E-01 -1.275856E-04 3.018902E-06 1.000125E+00
5.711426E-01 -3.062757E-04 3.092062E-06 1.000303E+00
5.721435E-01 -4.162018E-05 3.255019E-06 1.000038E+00
5.731443E-01 2.929841E-04 3.400658E-06 9.997036E-01
5.741451E-01 2.337360E-04 3.446885E-06 9.997628E-01
5.751460E-01 -1.307367E-04 3.452345E-06 1.000127E+00
5.761468E-01 -2.912180E-04 3.535292E-06 1.000288E+00
5.771476E-01 -2.907684E-05 3.707851E-06 1.000025E+00
5.781485E-01 2.862443E-04 3.857991E-06 9.997099E-01
5.791493E-01 2.178541E-04 3.905929E-06 9.997782E-01
5.801501E-01 -1.333050E-04 3.916582E-06 1.000129E+00
5.811510E-01 -2.768693E-04 4.009551E-06 1.000273E+00
5.821518E-01 -1.755516E-05 4.191470E-06 1.000013E+00
5.831526E-01 2.795525E-04 4.345744E-06 9.997161E-01
5.841535E-01 2.029628E-04 4.395418E-06 9.997926E-01
5.851543E-01 -1.353603E-04 4.411634E-06 1.000131E+00
5.861551E-01 -2.632092E-04 4.514818E-06 1.000259E+00
5.871560E-01 -6.975453E-06 4.705843E-06 1.000002E+00
5.881568E-01 2.729346E-04 4.863904E-06 9.997222E-01
5.891576E-01 1.889962E-04 4.915340E-06 9.998061E-01
5.901585E-01 -1.369722E-04 4.937459E-06 1.000132E+00
5.911593E-01 -2.502215E-04 5.051011E-06 1.000245E+00
5.921601E-01 2.733127E-06 5.250878E-06 9.999920E-01
5.931610E-01 2.664107E-04 5.412390E-06 9.997282E-01
5.941618E-01 1.758914E-04 5.465617E-06 9.998186E-01
5.951626E-01 -1.382040E-04 5.493948E-06 1.000133E+00
5.961635E-01 -2.378882E-04 5.617987E-06 1.000232E+00
5.971643E-01 1.163838E-05 5.826423E-06 9.999825E-01
5.981651E-01 2.600007E-04 5.991063E-06 9.997340E-01
5.991660E-01 1.635923E-04 6.046105E-06 9.998304E-01
6.001668E-01 -1.391092E-04 6.080928E-06 1.000133E+00
6.011676E-01 -2.261858E-04 6.215542E-06 1.000220E+00
6.021685E-01 1.980957E-05 6.432265E-06 9.999738E-01
6.031693E-01 2.537289E-04 6.599717E-06 9.997397E-01
6.041701E-01 1.520541E-04 6.656597E-06 9.998413E-01
6.051710E-01 -1.397281E-04 6.698165E-06 1.000133E+00
6.061718E-01 -2.150820E-04 6.843410E-06 1.000208E+00
6.071726E-01 2.732109E-05 7.068132E-06 9.999656E-01
6.081735E-01 2.476268E-04 7.238086E-06 9.997451E-01
6.091743E-01 1.412447E-04 7.296819E-06 9.998515E-01
6.101751E-01 -1.400866E-04 7.345359E-06 1.000133E+00
6.111760E-01 -2.045345E-04 7.501268E-06 1.000197E+00
6.121768E-01 3.425270E-05 7.733691E-06 9.999580E-01
6.131776E-01 2.417330E-04 7.905842E-06 9.997504E-01
6.141785E-01 1.311429E-04 7.966436E-06 9.998609E-01
6.151793E-01 -1.402002E-04 8.022150E-06 1.000132E+00
6.161802E-01 -1.944963E-04 8.188730E-06 1.000186E+00
6.171810E-01 4.068449E-05 8.428553E-06 9.999509E-01
6.181818E-01 2.360867E-04 8.602597E-06 9.997553E-01
6.191827E-01 1.217310E-04 8.665050E-06 9.998696E-01
6.201835E-01 -1.400817E-04 8.728116E-06 1.000131E+00
6.211843E-01 -1.849228E-04 8.905355E-06 1.000176E+00
6.221852E-01 4.668929E-05 9.152268E-06 9.999442E-01
6.231860E-01 2.307203E-04 9.327903E-06 9.997600E-01
6.241868E-01 1.129873E-04 9.392202E-06 9.998776E-01
6.251877E-01 -1.397490E-04 9.462777E-06 1.000130E+00
6.261885E-01 -1.757792E-04 9.650645E-06 1.000166E+00
6.271893E-01 5.232726E-05 9.904333E-06 9.999378E-01
6.281902E-01 2.256550E-04 1.008125E-05 9.997643E-01
6.291910E-01 1.048816E-04 1.014737E-05 9.998850E-01
6.301918E-01 -1.392282E-04 1.022559E-05 1.000129E+00
6.311927E-01 -1.670424E-04 1.042404E-05 1.000157E+00
6.321935E-01 5.764468E-05 1.068419E-05 9.999317E-01
6.331943E-01 2.209002E-04 1.086208E-05 9.997682E-01
6.341952E-01 9.737541E-05 1.092999E-05 9.998917E-01
6.351960E-01 -1.385539E-04 1.101598E-05 1.000128E+00
6.361968E-01 -1.587001E-04 1.122495E-05 1.000147E+00
6.371977E-01 6.267589E-05 1.149123E-05 9.999258E-01
6.381985E-01 2.164557E-04 1.166978E-05 9.997719E-01
6.391993E-01 9.042378E-05 1.173942E-05 9.998978E-01
6.402002E-01 -1.377664E-04 1.183328E-05 1.000126E+00
6.412010E-01 -1.507480E-04 1.205271E-05 1.000139E+00
6.422018E-01 6.744687E-05 1.232479E-05 9.999202E-01
6.432027E-01 2.123157E-04 1.250367E-05 9.997752E-01
6.442035E-01 8.397918E-05 1.257499E-05 9.999034E-01
6.452043E-01 -1.369086E-04 1.267680E-05 1.000124E+00
6.462052E-01 -1.431857E-04 1.290661E-05 1.000130E+00
6.472060E-01 7.197967E-05 1.318416E-05 9.999148E-01
6.482068E-01 2.084732E-04 1.336305E-05 9.997782E-01
6.492077E-01 7.799566E-05 1.343596E-05 9.999086E-01
6.502085E-01 -1.360216E-04 1.354581E-05 1.000122E+00
6.512093E-01 -1.360122E-04 1.378591E-05 1.000122E+00
6.522102E-01 7.629737E-05 1.406860E-05 9.999096E-01
6.532110E-01 2.049249E-04 1.424714E-05 9.997808E-01
6.542118E-01 7.243320E-05 1.432156E-05 9.999132E-01
6.552127E-01 -1.351407E-04 1.443951E-05 1.000121E+00
6.562135E-01 -1.292221E-04 1.468984E-05 1.000115E+00
6.572143E-01 8.042830E-05 1.497731E-05 9.999046E-01
6.582152E-01 2.016752E-04 1.515516E-05 9.997832E-01
6.592160E-01 6.726082E-05 1.523096E-05 9.999175E-01
6.602168E-01 -1.342931E-04 1.535708E-05 1.000119E+00
6.612177E-01 -1.228032E-04 1.561756E-05 1.000107E+00
6.622185E-01 8.440813E-05 1.590948E-05 9.998997E-01
6.632193E-01 1.987377E-04 1.608625E-05 9.997852E-01
6.642202E-01 6.245715E-05 1.616332E-05 9.999214E-01
6.652210E-01 -1.334984E-04 1.629768E-05 1.000117E+00
6.662219E-01 -1.167368E-04 1.656823E-05 1.000100E+00
6.672227E-01 8.827950E-05 1.686426E-05 9.998949E-01
6.682235E-01 1.961344E-04 1.703956E-05 9.997868E-01
6.692244E-01 5.800859E-05 1.711775E-05 9.999249E-01
6.702252E-01 -1.327707E-04 1.726040E-05 1.000116E+00
6.712260E-01 -1.110009E-04 1.754098E-05 1.000093E+00
6.722269E-01 9.208964E-05 1.784077E-05 9.998901E-01
6.732277E-01 1.938929E-04 1.801419E-05 9.997881E-01
6.742285E-01 5.390602E-05 1.809335E-05 9.999280E-01
6.752294E-01 -1.321228E-04 1.824437E-05 1.000114E+00
6.762302E-01 -1.055730E-04 1.853493E-05 1.000087E+00
6.772310E-01 9.588739E-05 1.883813E-05 9.998853E-01
6.782319E-01 1.920440E-04 1.900924E-05 9.997889E-01
6.792327E-01 5.014119E-05 1.908917E-05 9.999308E-01
6.802335E-01 -1.315701E-04 1.924865E-05 1.000112E+00
6.812344E-01 -1.004343E-04 1.954918E-05 1.000081E+00
6.822352E-01 9.972066E-05 1.985545E-05 9.998804E-01
6.832360E-01 1.906188E-04 2.002378E-05 9.997894E-01
6.842369E-01 4.670385E-05 2.010430E-05 9.999332E-01
6.852377E-01 -1.311340E-04 2.027233E-05 1.000111E+00
6.862385E-01 -9.557202E-05 2.058286E-05 1.000075E+00
6.872394E-01 1.036350E-04 2.089184E-05 9.998755E-01
6.882402E-01 1.896481E-04 2.105690E-05 9.997893E-01
6.892410E-01 4.358000E-05 2.113779E-05 9.999353E-01
6.902419E-01 -1.308440E-04 2.131451E-05 1.000110E+00
6.912427E-01 -9.098108E-05 2.163509E-05 1.000069E+00
6.922435E-01 1.076734E-04 2.194646E-05 9.998704E-01
6.932444E-01 1.891627E-04 2.210770E-05 9.997887E-01
6.942452E-01 4.075137E-05 2.218873E-05 9.999371E-01
6.952460E-01 -1.307394E-04 2.237430E-05 1.000108E+00
6.962469E-01 -8.666422E-05 2.270506E-05 1.000064E+00
6.972477E-01 1.118780E-04 2.301847E-05 9.998651E-01
6.982485E-01 1.891952E-04 2.317533E-05 9.997876E-01
6.992494E-01 3.819636E-05 2.325624E-05 9.999385E-01
7.002502E-01 -1.308688E-04 2.345087E-05 1.000107E+00
7.012510E-01 -8.263136E-05 2.379198E-05 1.000059E+00
7.022519E-01 1.162931E-04 2.410711E-05 9.998596E-01
7.032527E-01 1.897844E-04 2.425895E-05 9.997860E-01
7.042535E-01 3.589185E-05 2.433946E-05 9.999398E-01
7.052544E-01 -1.312905E-04 2.454343E-05 1.000107E+00
7.062552E-01 -7.889824E-05 2.489517E-05 1.000054E+00
7.072560E-01 1.209689E-04 2.521170E-05 9.998538E-01
7.082569E-01 1.909791E-04 2.535783E-05 9.997837E-01
7.092577E-01 3.381556E-05 2.543764E-05 9.999407E-01
7.102585E-01 -1.320721E-04 2.565129E-05 1.000106E+00
7.112594E-01 -7.548523E-05 2.601404E-05 1.000049E+00
7.122602E-01 1.259663E-04 2.633167E-05 9.998477E-01
7.132611E-01 1.928441E-04 2.647133E-05 9.997807E-01
7.142619E-01 3.194806E-05 2.655010E-05 9.999415E-01
7.152627E-01 -1.332922E-04 2.677390E-05 1.000107E+00
7.162636E-01 -7.241723E-05 2.714815E-05 1.000045E+00
7.172644E-01 1.313615E-04 2.746661E-05 9.998412E-01
7.182652E-01 1.954661E-04 2.759895E-05 9.997769E-01
7.192661E-01 3.027403E-05 2.767631E-05 9.999420E-01
7.202669E-01 -1.350433E-04 2.791083E-05 1.000107E+00
7.212677E-01 -6.972514E-05 2.829730E-05 1.000041E+00
7.222686E-01 1.372511E-04 2.861634E-05 9.998341E-01
7.232694E-01 1.989601E-04 2.874038E-05 9.997723E-01
7.242702E-01 2.878261E-05 2.881593E-05 9.999424E-01
7.252711E-01 -1.374385E-04 2.906192E-05 1.000108E+00
7.262719E-01 -6.744929E-05 2.946153E-05 1.000038E+00
7.272727E-01 1.437575E-04 2.978094E-05 9.998265E-01
7.282736E-01 2.034781E-04 2.989558E-05 9.997666E-01
7.292744E-01 2.746713E-05 2.996885E-05 9.999426E-01
7.302752E-01 -1.406208E-04 3.022730E-05 1.000110E+00
7.312761E-01 -6.564533E-05 3.064127E-05 1.000035E+00
7.322769E-01 1.510364E-04 3.096090E-05 9.998180E-01
7.332777E-01 2.092207E-04 3.106484E-05 9.997597E-01
7.342786E-01 2.632437E-05 3.113531E-05 9.999425E-01
7.352794E-01 -1.447775E-04 3.140748E-05 1.000113E+00
7.362802E-01 -6.439309E-05 3.183744E-05 1.000033E+00
7.372811E-01 1.592877E-04 3.215724E-05 9.998086E-01
7.382819E-01 2.164557E-04 3.224893E-05 9.997513E-01
7.392827E-01 2.535419E-05 3.231600E-05 9.999423E-01
7.402836E-01 -1.501616E-04 3.260355E-05 1.000118E+00
7.412844E-01 -6.381000E-05 3.305168E-05 1.000031E+00
7.422852E-01 1.687727E-04 3.337169E-05 9.997979E-01
7.432861E-01 2.255458E-04 3.344929E-05 9.997410E-01
7.442869E-01 2.456008E-05 3.351222E-05 9.999419E-01
7.452877E-01 -1.571235E-04 3.381736E-05 1.000123E+00
7.462886E-01 -6.407144E-05 3.428660E-05 1.000030E+00
7.472894E-01 1.798409E-04 3.460706E-05 9.997856E-01
7.482902E-01 2.369961E-04 3.466824E-05 9.997283E-01
7.492911E-01 2.395236E-05 3.472613E-05 9.999413E-01
7.502919E-01 -1.661613E-04 3.505182E-05 1.000131E+00
7.512927E-01 -6.544356E-05 3.554621E-05 1.000030E+00
7.522936E-01 1.929755E-04 3.586763E-05 9.997712E-01
7.532944E-01 2.515331E-04 3.590945E-05 9.997126E-01
7.542952E-01 2.355640E-05 3.596113E-05 9.999405E-01
7.552961E-01 -1.780032E-04 3.631141E-05 1.000142E+00
7.562969E-01 -6.833953E-05 3.683661E-05 1.000032E+00
7.572977E-01 2.088701E-04 3.715995E-05 9.997540E-01
7.582986E-01 2.702438E-04 3.717851E-05 9.996926E-01
7.592994E-01 2.343115E-05 3.722240E-05 9.999393E-01
7.603003E-01 -1.937508E-04 3.760297E-05 1.000156E+00
7.613011E-01 -7.342342E-05 3.816713E-05 1.000035E+00
7.623019E-01 2.285627E-04 3.849406E-05 9.997329E-01
7.633028E-01 2.948332E-04 3.848405E-05 9.996667E-01
7.643036E-01 2.371113E-05 3.851786E-05 9.999378E-01
7.653044E-01 -2.151475E-04 3.893692E-05 1.000176E+00
7.663053E-01 -8.181600E-05 3.955226E-05 1.000042E+00
7.673061E-01 2.536867E-04 3.988579E-05 9.997064E-01
7.683069E-01 3.281329E-04 3.983962E-05 9.996320E-01
7.693078E-01 2.470760E-05 3.985977E-05 9.999354E-01
7.703086E-01 -2.451122E-04 4.032971E-05 1.000205E+00
7.713094E-01 -9.553843E-05 4.101546E-05 1.000055E+00
7.723103E-01 2.869718E-04 4.136117E-05 9.996717E-01
7.733111E-01 3.752026E-04 4.126735E-05 9.995835E-01
7.743119E-01 2.717734E-05 4.126779E-05 9.999316E-01
7.753128E-01 -2.889104E-04 4.180828E-05 1.000247E+00
7.763136E-01 -1.185758E-04 4.259693E-05 1.000076E+00
7.773144E-01 3.333494E-04 4.296598E-05 9.996237E-01
7.783153E-01 4.460073E-04 4.280589E-05 9.995112E-01
7.793161E-01 3.313422E-05 4.277517E-05 9.999241E-01
7.803169E-01 -3.570466E-04 4.342000E-05 1.000314E+00
7.813178E-01 -1.598175E-04 4.437218E-05 1.000115E+00
7.823186E-01 4.027267E-04 4.478970E-05 9.995525E-01
7.833194E-01 5.630766E-04 4.453048E-05 9.993924E-01
7.843203E-01 4.878851E-05 4.444351E-05 9.999068E-01
7.853211E-01 -4.737452E-04 4.525762E-05 1.000428E+00
7.863219E-01 -2.430343E-04 4.650528E-05 1.000197E+00
7.873228E-01 5.184330E-04 4.704041E-05 9.994345E-01
7.883236E-01 7.894892E-04 4.661734E-05 9.991639E-01
7.893244E-01 9.863223E-05 4.640624E-05 9.998550E-01
7.903253E-01 -7.094635E-04 4.754024E-05 1.000662E+00
7.913261E-01 -4.538867E-04 4.945907E-05 1.000404E+00
7.923269E-01 7.535161E-04 5.038517E-05 9.991961E-01
7.933278E-01 1.387430E-03 4.966366E-05 9.985629E-01
7.943286E-01 3.395076E-04 4.906479E-05 9.996114E-01
7.953294E-01 -1.391919E-03 5.104914E-05 1.001341E+00
7.963303E-01 -1.374994E-03 5.568618E-05 1.001319E+00
7.973311E-01 1.685173E-03 5.990444E-05 9.982549E-01
7.983319E-01 6.316984E-03 6.031714E-05 9.936227E-01
7.993328E-01 9.544627E-03 5.668607E-05 9.903987E-01
8.003336E-01 9.756637E-03 5.217236E-05 9.901912E-01
8.013344E-01 8.083460E-03 5.009718E-05 9.918664E-01
8.023353E-01 6.912877E-03 5.082534E-05 9.930363E-01
8.033361E-01 7.367431E-03 5.205151E-05 9.925805E-01
8.043369E-01 8.519432E-03 5.175979E-05 9.914288E-01
8.053378E-01 8.901025E-03 5.027844E-05 9.910487E-01
8.063386E-01 8.274488E-03 4.933978E-05 9.916762E-01
8.073394E-01 7.651343E-03 4.973875E-05 9.922989E-01
8.083403E-01 7.856231E-03 5.054084E-05 9.920932E-01
8.093411E-01 8.566296E-03 5.051119E-05 9.913832E-01
8.103420E-01 8.893060E-03 4.968211E-05 9.910573E-01
8.113428E-01 8.565204E-03 4.911542E-05 9.913857E-01
8.123436E-01 8.176535E-03 4.941093E-05 9.917741E-01
8.133445E-01 8.321808E-03 5.000055E-05 9.916282E-01
8.143453E-01 8.844699E-03 5.002093E-05 9.911053E-01
8.153461E-01 9.128937E-03 4.946014E-05 9.908216E-01
8.163470E-01 8.939643E-03 4.907463E-05 9.910113E-01
8.173478E-01 8.681863E-03 4.931883E-05 9.912688E-01
8.183486E-01 8.809664E-03 4.978036E-05 9.911406E-01
8.193495E-01 9.233681E-03 4.980608E-05 9.907165E-01
8.203503E-01 9.490839E-03 4.938457E-05 9.904598E-01
8.213511E-01 9.382610E-03 4.910201E-05 9.905683E-01
8.223520E-01 9.209746E-03 4.931222E-05 9.907409E-01
8.233528E-01 9.334563E-03 4.968546E-05 9.906158E-01
8.243536E-01 9.700630E-03 4.970254E-05 9.902497E-01
8.253545E-01 9.941612E-03 4.936206E-05 9.900090E-01
8.263553E-01 9.888340E-03 4.914247E-05 9.900625E-01
8.273561E-01 9.776537E-03 4.932549E-05 9.901741E-01
8.283570E-01 9.904944E-03 4.963173E-05 9.900454E-01
8.293578E-01 1.023558E-02 4.963457E-05 9.897148E-01
8.303586E-01 1.046808E-02 4.934383E-05 9.894826E-01
8.313595E-01 1.045629E-02 4.916378E-05 9.894945E-01
8.323603E-01 1.039200E-02 4.932238E-05 9.895587E-01
8.333611E-01 1.052778E-02 4.957398E-05 9.894226E-01
8.343620E-01 1.083699E-02 4.955977E-05 9.891135E-01
8.353628E-01 1.106675E-02 4.929988E-05 9.888840E-01
8.363636E-01 1.108904E-02 4.914423E-05 9.888618E-01
8.373645E-01 1.106421E-02 4.927933E-05 9.888865E-01
8.383653E-01 1.121008E-02 4.948382E-05 9.887404E-01
8.393661E-01 1.150746E-02 4.945075E-05 9.884431E-01
8.403670E-01 1.173909E-02 4.920919E-05 9.882117E-01
8.413678E-01 1.179137E-02 4.906739E-05 9.881596E-01
8.423686E-01 1.180121E-02 4.917895E-05 9.881496E-01
8.433695E-01 1.195948E-02 4.934098E-05 9.879912E-01
8.443703E-01 1.225224E-02 4.928761E-05 9.876985E-01
8.453711E-01 1.248970E-02 4.905547E-05 9.874612E-01
8.463720E-01 1.256991E-02 4.891962E-05 9.873812E-01
8.473728E-01 1.261173E-02 4.900702E-05 9.873393E-01
8.483736E-01 1.278470E-02 4.912944E-05 9.871662E-01
8.493745E-01 1.307866E-02 4.905441E-05 9.868723E-01
8.503753E-01 1.332560E-02 4.882487E-05 9.866256E-01
8.513761E-01 1.343308E-02 4.868876E-05 9.865182E-01
8.523770E-01 1.350567E-02 4.875095E-05 9.864456E-01
8.533778E-01 1.369575E-02 4.883536E-05 9.862554E-01
8.543786E-01 1.399601E-02 4.873724E-05 9.859553E-01
8.553795E-01 1.425601E-02 4.850482E-05 9.856955E-01
8.563803E-01 1.439113E-02 4.836325E-05 9.855605E-01
8.573812E-01 1.449448E-02 4.839890E-05 9.854571E-01
8.583820E-01 1.470434E-02 4.844597E-05 9.852472E-01
8.593828E-01 1.501567E-02 4.832322E-05 9.849360E-01
8.603837E-01 1.529240E-02 4.808324E-05 9.846595E-01
8.613845E-01 1.545644E-02 4.793166E-05 9.844956E-01
8.623853E-01 1.559150E-02 4.793914E-05 9.843606E-01
8.633862E-01 1.582421E-02 4.794884E-05 9.841278E-01
8.643870E-01 1.615134E-02 4.779975E-05 9.838009E-01
8.653878E-01 1.644873E-02 4.754801E-05 9.835037E-01
8.663887E-01 1.664380E-02 4.738228E-05 9.833088E-01
8.673895E-01 1.681244E-02 4.735969E-05 9.831402E-01
8.683903E-01 1.707158E-02 4.733143E-05 9.828811E-01
8.693912E-01 1.741943E-02 4.715407E-05 9.825334E-01
8.703920E-01 1.774184E-02 4.688666E-05 9.822113E-01
8.713928E-01 1.797088E-02 4.670282E-05 9.819824E-01
8.723937E-01 1.817593E-02 4.664799E-05 9.817774E-01
8.733945E-01 1.846569E-02 4.658065E-05 9.814877E-01
8.743953E-01 1.883961E-02 4.637289E-05 9.811140E-01
8.753962E-01 1.919200E-02 4.608601E-05 9.807619E-01
8.763970E-01 1.945888E-02 4.588019E-05 9.804952E-01
8.773978E-01 1.970414E-02 4.579066E-05 9.802501E-01
8.783987E-01 2.002951E-02 4.568267E-05 9.799248E-01
8.793995E-01 2.043550E-02 4.544209E-05 9.795191E-01
8.804003E-01 2.082360E-02 4.513196E-05 9.791313E-01
8.814012E-01 2.113325E-02 4.490027E-05 9.788218E-01
8.824020E-01 2.142366E-02 4.477328E-05 9.785316E-01
8.834028E-01 2.179063E-02 4.462262E-05 9.781647E-01
8.844037E-01 2.223556E-02 4.434653E-05 9.777201E-01
8.854045E-01 2.266614E-02 4.400928E-05 9.772898E-01
8.864053E-01 2.302472E-02 4.374771E-05 9.769315E-01
8.874062E-01 2.336654E-02 4.358020E-05 9.765899E-01
8.884070E-01 2.378234E-02 4.338443E-05 9.761743E-01
8.894078E-01 2.427429E-02 4.306983E-05 9.756826E-01
8.904087E-01 2.475542E-02 4.270149E-05 9.752019E-01
8.914095E-01 2.517061E-02 4.240588E-05 9.747870E-01
8.924103E-01 2.557172E-02 4.219444E-05 9.743861E-01
8.934112E-01 2.604513E-02 4.195072E-05 9.739129E-01
8.944120E-01 2.659372E-02 4.159432E-05 9.733647E-01
8.954128E-01 2.713513E-02 4.119073E-05 9.728237E-01
8.964137E-01 2.761649E-02 4.085674E-05 9.723427E-01
8.974145E-01 2.808674E-02 4.059766E-05 9.718727E-01
8.984153E-01 2.862853E-02 4.030276E-05 9.713312E-01
8.994162E-01 2.924540E-02 3.990101E-05 9.707147E-01
9.004170E-01 2.985899E-02 3.945786E-05 9.701015E-01
9.014178E-01 3.041841E-02 3.908099E-05 9.695425E-01
9.024187E-01 3.097012E-02 3.877029E-05 9.689911E-01
9.034195E-01 3.159361E-02 3.842069E-05 9.683680E-01
9.044204E-01 3.229298E-02 3.796983E-05 9.676691E-01
9.054212E-01 3.299342E-02 3.748273E-05 9.669691E-01
9.064220E-01 3.364579E-02 3.705838E-05 9.663172E-01
9.074229E-01 3.429445E-02 3.669191E-05 9.656689E-01
9.084237E-01 3.501619E-02 3.628395E-05 9.649475E-01
9.094245E-01 3.581568E-02 3.578017E-05 9.641485E-01
9.104254E-01 3.662123E-02 3.524481E-05 9.633435E-01
9.114262E-01 3.738527E-02 3.476849E-05 9.625800E-01
9.124270E-01 3.815043E-02 3.434218E-05 9.618152E-01
9.134279E-01 3.899121E-02 3.387229E-05 9.609749E-01
9.144287E-01 3.991284E-02 3.331206E-05 9.600538E-01
9.154295E-01 4.084643E-02 3.272453E-05 9.591208E-01
9.164304E-01 4.174587E-02 3.219222E-05 9.582219E-01
9.174312E-01 4.265236E-02 3.170249E-05 9.573159E-01
9.184320E-01 4.363850E-02 3.116770E-05 9.563303E-01
9.194329E-01 4.471011E-02 3.054827E-05 9.552593E-01
9.204337E-01 4.580083E-02 2.990569E-05 9.541693E-01
9.214345E-01 4.686595E-02 2.931452E-05 9.531047E-01
9.224354E-01 4.794551E-02 2.875904E-05 9.520257E-01
9.234362E-01 4.911062E-02 2.815782E-05 9.508612E-01
9.244370E-01 5.036773E-02 2.747821E-05 9.496048E-01
9.254379E-01 5.165284E-02 2.677979E-05 9.483204E-01
9.264387E-01 5.292256E-02 2.612923E-05 9.470513E-01
9.274395E-01 5.421615E-02 2.550824E-05 9.457583E-01
9.284404E-01 5.560352E-02 2.484201E-05 9.443716E-01
9.294412E-01 5.709190E-02 2.410469E-05 9.428840E-01
9.304420E-01 5.861951E-02 2.335362E-05 9.413571E-01
9.314429E-01 6.014435E-02 2.264756E-05 9.398330E-01
9.324437E-01 6.170515E-02 2.196619E-05 9.382729E-01
9.334445E-01 6.337108E-02 2.124187E-05 9.366077E-01
9.344454E-01 6.515022E-02 2.045566E-05 9.348293E-01
9.354462E-01 6.698303E-02 1.966232E-05 9.329973E-01
9.364470E-01 6.882900E-02 1.891270E-05 9.311521E-01
9.374479E-01 7.072669E-02 1.818495E-05 9.292551E-01
9.384487E-01 7.274488E-02 1.741941E-05 9.272377E-01
9.394495E-01 7.489278E-02 1.660440E-05 9.250906E-01
9.404504E-01 7.711314E-02 1.579196E-05 9.228711E-01
9.414512E-01 7.936713E-02 1.502491E-05 9.206178E-01
9.424520E-01 8.169353E-02 1.428050E-05 9.182922E-01
9.434529E-01 8.416119E-02 1.350816E-05 9.158253E-01
9.444537E-01 8.678072E-02 1.270425E-05 9.132066E-01
9.454545E-01 8.949739E-02 1.191814E-05 9.104907E-01
9.464554E-01 9.227431E-02 1.118455E-05 9.077145E-01
9.474562E-01 9.515098E-02 1.048059E-05 9.048385E-01
9.484570E-01 9.819675E-02 9.766352E-06 9.017935E-01
9.494579E-01 1.014241E-01 9.047668E-06 8.985669E-01
9.504587E-01 1.047810E-01 8.371675E-06 8.952106E-01
9.514595E-01 1.082330E-01 7.765077E-06 8.917592E-01
9.524604E-01 1.118208E-01 7.205815E-06 8.881720E-01
9.534612E-01 1.156147E-01 6.666873E-06 8.843786E-01
9.544621E-01 1.196295E-01 6.165907E-06 8.803643E-01
9.554629E-01 1.238164E-01 5.749016E-06 8.761779E-01
9.564637E-01 1.281436E-01 5.435232E-06 8.718510E-01
9.574646E-01 1.326535E-01 5.204590E-06 8.673413E-01
9.584654E-01 1.374179E-01 5.046089E-06 8.625770E-01
9.594662E-01 1.424541E-01 4.992889E-06 8.575409E-01
9.604671E-01 1.477167E-01 5.092313E-06 8.522782E-01
9.614679E-01 1.531771E-01 5.356504E-06 8.468175E-01
9.624687E-01 1.588792E-01 5.769105E-06 8.411150E-01
9.634696E-01 1.648964E-01 6.339107E-06 8.350973E-01
9.644704E-01 1.712480E-01 7.120405E-06 8.287448E-01
9.654712E-01 1.778920E-01 8.165105E-06 8.220998E-01
9.664721E-01 1.848019E-01 9.479452E-06 8.151886E-01
9.674729E-01 1.920225E-01 1.105168E-05 8.079664E-01
9.684737E-01 1.996270E-01 1.291467E-05 8.003601E-01
9.694746E-01 2.076350E-01 1.514902E-05 7.923498E-01
9.704754E-01 2.160052E-01 1.781555E-05 7.839770E-01
9.714762E-01 2.247105E-01 2.091402E-05 7.752686E-01
9.724771E-01 2.337926E-01 2.443473E-05 7.661829E-01
9.734779E-01 2.433194E-01 2.843431E-05 7.566522E-01
9.744787E-01 2.533048E-01 3.302255E-05 7.466622E-01
9.754796E-01 2.637011E-01 3.826868E-05 7.362607E-01
9.764804E-01 2.744725E-01 4.415777E-05 7.254833E-01
9.774812E-01 2.856476E-01 5.066755E-05 7.143017E-01
9.784821E-01 2.972770E-01 5.786353E-05 7.026652E-01
9.794829E-01 3.093550E-01 6.587192E-05 6.905791E-01
9.804837E-01 3.218124E-01 7.475354E-05 6.781129E-01
9.814846E-01 3.345878E-01 8.444948E-05 6.653277E-01
9.824854E-01 3.476778E-01 9.488200E-05 6.522273E-01
9.834862E-01 3.610946E-01 1.060771E-04 6.387994E-01
9.844871E-01 3.747903E-01 1.181304E-04 6.250915E-01
9.854879E-01 3.886515E-01 1.310454E-04 6.112174E-01
9.864887E-01 4.025689E-01 1.446571E-04 5.972864E-01
9.874896E-01 4.164854E-01 1.587535E-04 5.833559E-01
9.884904E-01 4.303546E-01 1.732354E-04 5.694722E-01
9.894912E-01 4.440698E-01 1.880918E-04 5.557421E-01
9.904921E-01 4.574620E-01 2.032080E-04 5.423348E-01
9.914929E-01 4.703710E-01 2.182595E-04 5.294107E-01
9.924937E-01 4.826920E-01 2.328468E-04 5.170752E-01
9.934946E-01 4.943354E-01 2.467036E-04 5.054179E-01
9.944954E-01 5.051620E-01 2.597059E-04 4.945783E-01
9.954962E-01 5.149869E-01 2.716679E-04 4.847415E-01
9.964971E-01 5.236523E-01 2.822033E-04 4.760655E-01
9.974979E-01 5.310711E-01 2.908558E-04 4.686381E-01
9.984987E-01 5.371854E-01 2.973507E-04 4.625173E-01
9.994996E-01 5.419041E-01 3.016505E-04 4.577942E-01
1.000500E+00 5.451118E-01 3.037521E-04 4.545845E-01
1.001501E+00 5.467392E-01 3.035058E-04 4.529573E-01
1.002502E+00 5.468003E-01 3.007063E-04 4.528990E-01
1.003503E+00 5.453434E-01 2.953461E-04 4.543612E-01
1.004504E+00 5.423881E-01 2.877009E-04 4.573242E-01
1.005505E+00 5.379348E-01 2.781334E-04 4.617871E-01
1.006505E+00 5.320343E-01 2.668668E-04 4.676988E-01
1.007506E+00 5.248164E-01 2.540129E-04 4.749296E-01
1.008507E+00 5.164322E-01 2.397956E-04 4.833280E-01
1.009508E+00 5.069885E-01 2.246562E-04 4.927868E-01
1.010509E+00 4.965609E-01 2.090878E-04 5.032300E-01
1.011510E+00 4.852653E-01 1.934072E-04 5.145413E-01
1.012510E+00 4.732807E-01 1.777479E-04 5.265415E-01
1.013511E+00 4.607862E-01 1.622589E-04 5.390515E-01
1.014512E+00 4.478943E-01 1.472301E-04 5.519585E-01
1.015513E+00 4.346715E-01 1.329792E-04 5.651955E-01
1.016514E+00 4.212158E-01 1.196589E-04 5.786645E-01
1.017515E+00 4.076794E-01 1.072423E-04 5.922134E-01
1.018515E+00 3.942016E-01 9.569559E-05 6.057027E-01
1.019516E+00 3.808431E-01 8.510171E-05 6.190718E-01
1.020517E+00 3.676142E-01 7.558149E-05 6.323102E-01
1.021518E+00 3.545593E-01 6.713709E-05 6.453735E-01
1.022519E+00 3.417805E-01 5.963843E-05 6.581599E-01
1.023520E+00 3.293658E-01 5.296531E-05 6.705812E-01
1.024520E+00 3.173221E-01 4.710803E-05 6.826308E-01
1.025521E+00 3.056082E-01 4.209880E-05 6.943497E-01
1.026522E+00 2.942261E-01 3.788418E-05 7.057360E-01
1.027523E+00 2.832435E-01 3.432041E-05 7.167222E-01
1.028524E+00 2.727164E-01 3.129220E-05 7.272523E-01
1.029525E+00 2.626193E-01 2.878470E-05 7.373519E-01
1.030525E+00 2.528816E-01 2.681317E-05 7.470915E-01
1.031526E+00 2.434837E-01 2.531848E-05 7.564910E-01
1.032527E+00 2.344791E-01 2.417826E-05 7.654967E-01
1.033528E+00 2.259117E-01 2.331296E-05 7.740649E-01
1.034529E+00 2.177415E-01 2.273204E-05 7.822358E-01
1.035530E+00 2.098844E-01 2.245633E-05 7.900932E-01
1.036530E+00 2.023136E-01 2.243134E-05 7.976640E-01
1.037531E+00 1.950811E-01 2.255684E-05 8.048963E-01
1.038532E+00 1.882292E-01 2.278791E-05 8.117481E-01
1.039533E+00 1.817127E-01 2.315990E-05 8.182641E-01
1.040534E+00 1.754428E-01 2.370077E-05 8.245335E-01
1.041535E+00 1.693918E-01 2.435754E-05 8.305839E-01
1.042535E+00 1.636155E-01 2.504394E-05 8.363594E-01
1.043536E+00 1.581592E-01 2.574096E-05 8.418151E-01
1.044537E+00 1.529767E-01 2.650436E-05 8.469968E-01
1.045538E+00 1.479768E-01 2.736605E-05 8.519958E-01
1.046539E+00 1.431338E-01 2.827012E-05 8.568379E-01
1.047540E+00 1.385092E-01 2.913715E-05 8.614616E-01
1.048540E+00 1.341525E-01 2.996638E-05 8.658176E-01
1.049541E+00 1.300173E-01 3.082865E-05 8.699519E-01
1.050542E+00 1.260109E-01 3.175696E-05 8.739573E-01
1.051543E+00 1.221102E-01 3.268969E-05 8.778571E-01
1.052544E+00 1.183825E-01 3.354977E-05 8.815839E-01
1.053545E+00 1.148818E-01 3.434961E-05 8.850839E-01
1.054545E+00 1.115612E-01 3.517142E-05 8.884036E-01
1.055546E+00 1.083265E-01 3.604746E-05 8.916374E-01
1.056547E+00 1.051567E-01 3.690900E-05 8.948064E-01
1.057548E+00 1.021252E-01 3.767900E-05 8.978371E-01
1.058549E+00 9.928997E-02 3.837998E-05 9.006716E-01
1.059550E+00 9.660312E-02 3.910311E-05 9.033578E-01
1.060550E+00 9.396818E-02 3.987887E-05 9.059919E-01
1.061551E+00 9.136631E-02 4.063087E-05 9.085931E-01
1.062552E+00 8.887683E-02 4.128105E-05 9.110819E-01
1.063553E+00 8.656108E-02 4.186029E-05 9.133971E-01
1.064554E+00 8.436966E-02 4.246728E-05 9.155879E-01
1.065555E+00 8.220333E-02 4.313001E-05 9.177535E-01
1.066555E+00 8.004515E-02 4.376432E-05 9.199111E-01
1.067556E+00 7.798018E-02 4.429073E-05 9.219755E-01
1.068557E+00 7.607301E-02 4.474765E-05 9.238822E-01
1.069558E+00 7.427192E-02 4.524029E-05 9.256828E-01
1.070559E+00 7.247439E-02 4.579371E-05 9.274798E-01
1.071560E+00 7.066527E-02 4.631599E-05 9.292884E-01
1.072560E+00 6.893542E-02 4.672621E-05 9.310179E-01
1.073561E+00 6.735244E-02 4.706992E-05 9.326005E-01
1.074562E+00 6.586168E-02 4.745826E-05 9.340909E-01
1.075563E+00 6.435682E-02 4.791298E-05 9.355953E-01
1.076564E+00 6.282445E-02 4.833439E-05 9.371272E-01
1.077565E+00 6.136141E-02 4.864033E-05 9.385899E-01
1.078565E+00 6.003818E-02 4.888338E-05 9.399129E-01
1.079566E+00 5.879656E-02 4.918028E-05 9.411543E-01
1.080567E+00 5.752594E-02 4.954906E-05 9.424245E-01
1.081568E+00 5.621467E-02 4.988225E-05 9.437355E-01
1.082569E+00 5.496589E-02 5.009666E-05 9.449840E-01
1.083570E+00 5.385286E-02 5.025207E-05 9.460969E-01
1.084570E+00 5.281329E-02 5.047056E-05 9.471362E-01
1.085571E+00 5.173173E-02 5.076611E-05 9.482175E-01
1.086572E+00 5.059837E-02 5.102331E-05 9.493506E-01
1.087573E+00 4.952310E-02 5.115822E-05 9.504257E-01
1.088574E+00 4.858196E-02 5.123813E-05 9.513668E-01
1.089575E+00 4.770791E-02 5.139033E-05 9.522407E-01
1.090575E+00 4.678015E-02 5.162433E-05 9.531682E-01
1.091576E+00 4.579087E-02 5.181661E-05 9.541573E-01
1.092577E+00 4.485723E-02 5.188274E-05 9.550909E-01
1.093578E+00 4.405811E-02 5.189789E-05 9.558900E-01
1.094579E+00 4.332107E-02 5.199460E-05 9.566269E-01
1.095580E+00 4.251935E-02 5.217743E-05 9.574285E-01
1.096580E+00 4.164739E-02 5.231444E-05 9.583003E-01
1.097581E+00 4.083023E-02 5.232100E-05 9.591174E-01
1.098582E+00 4.014969E-02 5.228068E-05 9.597980E-01
1.099583E+00 3.952724E-02 5.233131E-05 9.604204E-01
1.100584E+00 3.882952E-02 5.247202E-05 9.611180E-01
1.101585E+00 3.805343E-02 5.256203E-05 9.618940E-01
1.102585E+00 3.733273E-02 5.251679E-05 9.626148E-01
1.103586E+00 3.675230E-02 5.242890E-05 9.631953E-01
1.104587E+00 3.622671E-02 5.244160E-05 9.637208E-01
1.105588E+00 3.561528E-02 5.254804E-05 9.643322E-01
1.106589E+00 3.491774E-02 5.259808E-05 9.650297E-01
1.107590E+00 3.427740E-02 5.250751E-05 9.656701E-01
1.108590E+00 3.378244E-02 5.237871E-05 9.661652E-01
1.109591E+00 3.333966E-02 5.236053E-05 9.666080E-01
1.110592E+00 3.280019E-02 5.243950E-05 9.671474E-01
1.111593E+00 3.216695E-02 5.245551E-05 9.677806E-01
1.112594E+00 3.159394E-02 5.232494E-05 9.683537E-01
1.113595E+00 3.117286E-02 5.216079E-05 9.687750E-01
1.114595E+00 3.080169E-02 5.211788E-05 9.691462E-01
1.115596E+00 3.032244E-02 5.217536E-05 9.696254E-01
1.116597E+00 2.974167E-02 5.216234E-05 9.702062E-01
1.117598E+00 2.922533E-02 5.199609E-05 9.707227E-01
1.118599E+00 2.886897E-02 5.180128E-05 9.710792E-01
1.119600E+00 2.856053E-02 5.173903E-05 9.713877E-01
1.120601E+00 2.813179E-02 5.178031E-05 9.718164E-01
1.121601E+00 2.759346E-02 5.174251E-05 9.723548E-01
1.122602E+00 2.712499E-02 5.154404E-05 9.728235E-01
1.123603E+00 2.682615E-02 5.132245E-05 9.731225E-01
1.124604E+00 2.657345E-02 5.124571E-05 9.733753E-01
1.125605E+00 2.618708E-02 5.127560E-05 9.737616E-01
1.126606E+00 2.568255E-02 5.121661E-05 9.742662E-01
1.127606E+00 2.525462E-02 5.098859E-05 9.746944E-01
1.128607E+00 2.500776E-02 5.074346E-05 9.749415E-01
1.129608E+00 2.480538E-02 5.065664E-05 9.751440E-01
1.130609E+00 2.445447E-02 5.067961E-05 9.754948E-01
1.131610E+00 2.397608E-02 5.060250E-05 9.759733E-01
1.132611E+00 2.358249E-02 5.034692E-05 9.763672E-01
1.133611E+00 2.338350E-02 5.008090E-05 9.765664E-01
1.134612E+00 2.322740E-02 4.998818E-05 9.767226E-01
1.135613E+00 2.290598E-02 5.000853E-05 9.770440E-01
1.136614E+00 2.244673E-02 4.991595E-05 9.775034E-01
1.137615E+00 2.208220E-02 4.963413E-05 9.778682E-01
1.138616E+00 2.192827E-02 4.934937E-05 9.780224E-01
1.139616E+00 2.181564E-02 4.925480E-05 9.781351E-01
1.140617E+00 2.151845E-02 4.927684E-05 9.784323E-01
1.141618E+00 2.107172E-02 4.917110E-05 9.788791E-01
1.142619E+00 2.073163E-02 4.886367E-05 9.792195E-01
1.143620E+00 2.062118E-02 4.856186E-05 9.793303E-01
1.144621E+00 2.055040E-02 4.846958E-05 9.794011E-01
1.145621E+00 2.027270E-02 4.849783E-05 9.796788E-01
1.146622E+00 1.983192E-02 4.838098E-05 9.801197E-01
1.147623E+00 1.951216E-02 4.804789E-05 9.804398E-01
1.148624E+00 1.944488E-02 4.773027E-05 9.805074E-01
1.149625E+00 1.941560E-02 4.764466E-05 9.805368E-01
1.150626E+00 1.915296E-02 4.768414E-05 9.807994E-01
1.151626E+00 1.871125E-02 4.755805E-05 9.812412E-01
1.152627E+00 1.840802E-02 4.719843E-05 9.815448E-01
1.153628E+00 1.838501E-02 4.686577E-05 9.815681E-01
1.154629E+00 1.839829E-02 4.679177E-05 9.815549E-01
1.155630E+00 1.814642E-02 4.684832E-05 9.818067E-01
1.156631E+00 1.769616E-02 4.671482E-05 9.822571E-01
1.157631E+00 1.740576E-02 4.632678E-05 9.825479E-01
1.158632E+00 1.742983E-02 4.597930E-05 9.825242E-01
1.159633E+00 1.748853E-02 4.592275E-05 9.824655E-01
1.160634E+00 1.724310E-02 4.600366E-05 9.827109E-01
1.161635E+00 1.677524E-02 4.586465E-05 9.831789E-01
1.162636E+00 1.649380E-02 4.544494E-05 9.834608E-01
1.163636E+00 1.657003E-02 4.508217E-05 9.833849E-01
1.164637E+00 1.667946E-02 4.505045E-05 9.832755E-01
1.165638E+00 1.643583E-02 4.516531E-05 9.835190E-01
1.166639E+00 1.593892E-02 4.502300E-05 9.840161E-01
1.167640E+00 1.566197E-02 4.456645E-05 9.842935E-01
1.168641E+00 1.579867E-02 4.418690E-05 9.841571E-01
1.169641E+00 1.596787E-02 4.418986E-05 9.839879E-01
1.170642E+00 1.572082E-02 4.435220E-05 9.842348E-01
1.171643E+00 1.517924E-02 4.420963E-05 9.847766E-01
1.172644E+00 1.490094E-02 4.370803E-05 9.850554E-01
1.173645E+00 1.511145E-02 4.330857E-05 9.848452E-01
1.174646E+00 1.535560E-02 4.336035E-05 9.846010E-01
1.175646E+00 1.509897E-02 4.359069E-05 9.848574E-01
1.176647E+00 1.448969E-02 4.345271E-05 9.854669E-01
1.177648E+00 1.420122E-02 4.289285E-05 9.857559E-01
1.178649E+00 1.450740E-02 4.246735E-05 9.854501E-01
1.179650E+00 1.485299E-02 4.258976E-05 9.851044E-01
1.180651E+00 1.457926E-02 4.292215E-05 9.853778E-01
1.181651E+00 1.386514E-02 4.279801E-05 9.860921E-01
1.182652E+00 1.355090E-02 4.215750E-05 9.864069E-01
1.183653E+00 1.399045E-02 4.169355E-05 9.859679E-01
1.184654E+00 1.448736E-02 4.192379E-05 9.854707E-01
1.185655E+00 1.418779E-02 4.242152E-05 9.857698E-01
1.186656E+00 1.330170E-02 4.233248E-05 9.866560E-01
1.187656E+00 1.292852E-02 4.157030E-05 9.870299E-01
1.188657E+00 1.357272E-02 4.104010E-05 9.863862E-01
1.189658E+00 1.432823E-02 4.145042E-05 9.856303E-01
1.190659E+00 1.399722E-02 4.225286E-05 9.859605E-01
1.191660E+00 1.279644E-02 4.226077E-05 9.871613E-01
1.192661E+00 1.227434E-02 4.129233E-05 9.876844E-01
1.193661E+00 1.327984E-02 4.062007E-05 9.866795E-01
1.194662E+00 1.458549E-02 4.138453E-05 9.853731E-01
1.195663E+00 1.425964E-02 4.290197E-05 9.856975E-01
1.196664E+00 1.234531E-02 4.327413E-05 9.876114E-01
1.197665E+00 1.130454E-02 4.190112E-05 9.886536E-01
1.198666E+00 1.312178E-02 4.078583E-05 9.868374E-01
1.199666E+00 1.629342E-02 4.258501E-05 9.836640E-01
1.200667E+00 1.665744E-02 4.730136E-05 9.832953E-01
1.201668E+00 1.172388E-02 5.154633E-05 9.882246E-01
1.202669E+00 3.772793E-03 5.163482E-05 9.961756E-01
1.203670E+00 -2.015958E-03 4.731422E-05 1.001969E+00
1.204671E+00 -2.586202E-03 4.200717E-05 1.002544E+00
1.205671E+00 2.715763E-04 3.930512E-05 9.996891E-01
1.206672E+00 2.327180E-03 3.960990E-05 9.976332E-01
1.207673E+00 1.481934E-03 4.044398E-05 9.984776E-01
1.208674E+00 -6.174449E-04 3.964075E-05 1.000578E+00
1.209675E+00 -1.251798E-03 3.756215E-05 1.001214E+00
1.210676E+00 3.113193E-05 3.608650E-05 9.999328E-01
1.211676E+00 1.300771E-03 3.607636E-05 9.986632E-01
1.212677E+00 9.691922E-04 3.651537E-05 9.989943E-01
1.213678E+00 -3.199085E-04 3.605494E-05 1.000284E+00
1.214679E+00 -8.117930E-04 3.472426E-05 1.000777E+00
1.215680E+00 9.345526E-06 3.368281E-05 9.999570E-01
1.216681E+00 9.218694E-04 3.359464E-05 9.990445E-01
1.217681E+00 7.284627E-04 3.384369E-05 9.992377E-01
1.218682E+00 -2.085634E-04 3.347747E-05 1.000175E+00
1.219683E+00 -5.971211E-04 3.247161E-05 1.000565E+00
1.220684E+00 1.510929E-05 3.165638E-05 9.999532E-01
1.221685E+00 7.280378E-04 3.154329E-05 9.992404E-01
1.222686E+00 5.873871E-04 3.168645E-05 9.993809E-01
1.223686E+00 -1.557147E-04 3.135843E-05 1.000124E+00
1.224687E+00 -4.719807E-04 3.053321E-05 1.000441E+00
1.225688E+00 2.465830E-05 2.985775E-05 9.999455E-01
1.226689E+00 6.111823E-04 2.973682E-05 9.993591E-01
1.227690E+00 4.942234E-04 2.981422E-05 9.994760E-01
1.228691E+00 -1.272777E-04 2.950594E-05 1.000098E+00
1.229691E+00 -3.909906E-04 2.879615E-05 1.000362E+00
1.230692E+00 3.370241E-05 2.821631E-05 9.999381E-01
1.231693E+00 5.333390E-04 2.809424E-05 9.994386E-01
1.232694E+00 4.277816E-04 2.812766E-05 9.995441E-01
1.233695E+00 -1.109068E-04 2.783163E-05 1.000083E+00
1.234696E+00 -3.348162E-04 2.720257E-05 1.000308E+00
1.235696E+00 4.154358E-05 2.669287E-05 9.999318E-01
1.236697E+00 4.779016E-04 2.657261E-05 9.994955E-01
1.237698E+00 3.777565E-04 2.657507E-05 9.995957E-01
1.238699E+00 -1.012189E-04 2.628782E-05 1.000075E+00
1.239700E+00 -2.938847E-04 2.571899E-05 1.000268E+00
1.240701E+00 4.825589E-05 2.526340E-05 9.999265E-01
1.241701E+00 4.365025E-04 2.514636E-05 9.995384E-01
1.242702E+00 3.385342E-04 2.512622E-05 9.996363E-01
1.243703E+00 -9.555100E-05 2.484598E-05 1.000071E+00
1.244704E+00 -2.629380E-04 2.432432E-05 1.000239E+00
1.245705E+00 5.405792E-05 2.391214E-05 9.999220E-01
1.246706E+00 4.044835E-04 2.379901E-05 9.995717E-01
1.247706E+00 3.067952E-04 2.376193E-05 9.996694E-01
1.248707E+00 -9.245878E-05 2.348779E-05 1.000069E+00
1.249708E+00 -2.388585E-04 2.300447E-05 1.000216E+00
1.250709E+00 5.916265E-05 2.262822E-05 9.999182E-01
1.251710E+00 3.790499E-04 2.251934E-05 9.995984E-01
1.252711E+00 2.804501E-04 2.246934E-05 9.996971E-01
1.253711E+00 -9.110270E-05 2.220078E-05 1.000069E+00
1.254712E+00 -2.196852E-04 2.174960E-05 1.000198E+00
1.255713E+00 6.374639E-05 2.140383E-05 9.999148E-01
1.256714E+00 3.584255E-04 2.129939E-05 9.996203E-01
1.257715E+00 2.581175E-04 2.123940E-05 9.997206E-01
1.258716E+00 -9.096743E-05 2.097614E-05 1.000070E+00
1.259716E+00 -2.041257E-04 2.055259E-05 1.000184E+00
1.260717E+00 6.794850E-05 2.023323E-05 9.999118E-01
1.261718E+00 3.414277E-04 2.013329E-05 9.996384E-01
1.262719E+00 2.388461E-04 2.006553E-05 9.997411E-01
1.263720E+00 -9.172274E-05 1.980744E-05 1.000072E+00
1.264721E+00 -1.912946E-04 1.940813E-05 1.000172E+00
1.265721E+00 7.187792E-05 1.911205E-05 9.999090E-01
1.266722E+00 3.272386E-04 1.901663E-05 9.996537E-01
1.267723E+00 2.219589E-04 1.894282E-05 9.997591E-01
1.268724E+00 -9.314950E-05 1.868984E-05 1.000074E+00
1.269725E+00 -1.805655E-04 1.831216E-05 1.000162E+00
1.270726E+00 7.562008E-05 1.803690E-05 9.999063E-01
1.271726E+00 3.152743E-04 1.794599E-05 9.996668E-01
1.272727E+00 2.069599E-04 1.786748E-05 9.997752E-01
1.273728E+00 -9.509821E-05 1.761959E-05 1.000077E+00
1.274729E+00 -1.714832E-04 1.726151E-05 1.000154E+00
1.275730E+00 7.924263E-05 1.700511E-05 9.999038E-01
1.276731E+00 3.051070E-04 1.691867E-05 9.996780E-01
1.277731E+00 1.934765E-04 1.683654E-05 9.997897E-01
1.278732E+00 -9.746460E-05 1.659378E-05 1.000081E+00
1.279733E+00 -1.637089E-04 1.625368E-05 1.000147E+00
1.280734E+00 8.279975E-05 1.601453E-05 9.999012E-01
1.281735E+00 2.964152E-04 1.593251E-05 9.996877E-01
1.282736E+00 1.812226E-04 1.584766E-05 9.998029E-01
1.283736E+00 -1.001748E-04 1.561006E-05 1.000085E+00
1.284737E+00 -1.569852E-04 1.528662E-05 1.000142E+00
1.285738E+00 8.633538E-05 1.506340E-05 9.998986E-01
1.286739E+00 2.889527E-04 1.498573E-05 9.996961E-01
1.287740E+00 1.699743E-04 1.489888E-05 9.998151E-01
1.288741E+00 -1.031760E-04 1.466650E-05 1.000089E+00
1.289741E+00 -1.511133E-04 1.435865E-05 1.000137E+00
1.290742E+00 8.988559E-05 1.415024E-05 9.998960E-01
1.291743E+00 2.825274E-04 1.407686E-05 9.997034E-01
1.292744E+00 1.595523E-04 1.398863E-05 9.998265E-01
1.293745E+00 -1.064302E-04 1.376152E-05 1.000093E+00
1.294746E+00 -1.459368E-04 1.346836E-05 1.000132E+00
1.295746E+00 9.348040E-05 1.327382E-05 9.998932E-01
1.296747E+00 2.769865E-04 1.320465E-05 9.997098E-01
1.297748E+00 1.498114E-04 1.311554E-05 9.998371E-01
1.298749E+00 -1.099105E-04 1.289377E-05 1.000097E+00
1.299750E+00 -1.413313E-04 1.261454E-05 1.000129E+00
1.300751E+00 9.714505E-05 1.243304E-05 9.998904E-01
1.301751E+00 2.722069E-04 1.236800E-05 9.997154E-01
1.302752E+00 1.406313E-04 1.227845E-05 9.998471E-01
1.303753E+00 -1.135979E-04 1.206209E-05 1.000102E+00
1.304754E+00 -1.371962E-04 1.179615E-05 1.000125E+00
1.305755E+00 1.009011E-04 1.162698E-05 9.998875E-01
1.306756E+00 2.680877E-04 1.156597E-05 9.997203E-01
1.307756E+00 1.319110E-04 1.147636E-05 9.998566E-01
1.308757E+00 -1.174795E-04 1.126545E-05 1.000106E+00
1.309758E+00 -1.334495E-04 1.101225E-05 1.000122E+00
1.310759E+00 1.047673E-04 1.085477E-05 9.998844E-01
1.311760E+00 2.645452E-04 1.079770E-05 9.997247E-01
1.312761E+00 1.235643E-04 1.070834E-05 9.998657E-01
1.313761E+00 -1.215471E-04 1.050296E-05 1.000111E+00
1.314762E+00 -1.300229E-04 1.026200E-05 1.000120E+00
1.315763E+00 1.087601E-04 1.011564E-05 9.998811E-01
1.316764E+00 2.615093E-04 1.006242E-05 9.997284E-01
1.317765E+00 1.155169E-04 9.973579E-06 9.998745E-01
1.318766E+00 -1.257957E-04 9.773781E-06 1.000116E+00
1.319766E+00 -1.268592E-04 9.544648E-06 1.000117E+00
1.320767E+00 1.128949E-04 9.408883E-06 9.998777E-01
1.321768E+00 2.589204E-04 9.359396E-06 9.997317E-01
1.322769E+00 1.077038E-04 9.271316E-06 9.998830E-01
1.323770E+00 -1.302231E-04 9.077156E-06 1.000121E+00
1.324771E+00 -1.239092E-04 8.859461E-06 1.000115E+00
1.325771E+00 1.171859E-04 8.733817E-06 9.998741E-01
1.326772E+00 2.567278E-04 8.687951E-06 9.997346E-01
1.327773E+00 1.000677E-04 8.600838E-06 9.998913E-01
1.328774E+00 -1.348284E-04 8.412369E-06 1.000126E+00
1.329775E+00 -1.211300E-04 8.205765E-06 1.000113E+00
1.330776E+00 1.216473E-04 8.089796E-06 9.998703E-01
1.331776E+00 2.548882E-04 8.047433E-06 9.997371E-01
1.332777E+00 9.255783E-05 7.961465E-06 9.998995E-01
1.333778E+00 -1.396120E-04 7.778736E-06 1.000132E+00
1.334779E+00 -1.184833E-04 7.582905E-06 1.000111E+00
1.335780E+00 1.262931E-04 7.476194E-06 9.998662E-01
1.336781E+00 2.533641E-04 7.437210E-06 9.997392E-01
1.337781E+00 8.512846E-05 7.352544E-06 9.999075E-01
1.338782E+00 -1.445748E-04 7.175601E-06 1.000137E+00
1.339783E+00 -1.159341E-04 6.990248E-06 1.000109E+00
1.340784E+00 1.311381E-04 6.892397E-06 9.998620E-01
1.341785E+00 2.521233E-04 6.856663E-06 9.997410E-01
1.342786E+00 7.773846E-05 6.773436E-06 9.999155E-01
1.343786E+00 -1.497179E-04 6.602321E-06 1.000143E+00
1.344787E+00 -1.134497E-04 6.427170E-06 1.000107E+00
1.345788E+00 1.361975E-04 6.337798E-06 9.998575E-01
1.346789E+00 2.511381E-04 6.305179E-06 9.997426E-01
1.347790E+00 7.035034E-05 6.223513E-06 9.999234E-01
1.348791E+00 -1.550427E-04 6.058264E-06 1.000149E+00
1.349791E+00 -1.109992E-04 5.893053E-06 1.000105E+00
1.350792E+00 1.414873E-04 5.811792E-06 9.998527E-01
1.351793E+00 2.503841E-04 5.782149E-06 9.997438E-01
1.352794E+00 6.292949E-05 5.702151E-06 9.999314E-01
1.353795E+00 -1.605504E-04 5.542804E-06 1.000155E+00
1.354796E+00 -1.085529E-04 5.387281E-06 1.000103E+00
1.355796E+00 1.470243E-04 5.313772E-06 9.998477E-01
1.356797E+00 2.498397E-04 5.286962E-06 9.997449E-01
1.357798E+00 5.544351E-05 5.208727E-06 9.999393E-01
1.358799E+00 -1.662424E-04 5.055313E-06 1.000161E+00
1.359800E+00 -1.060820E-04 4.909235E-06 1.000101E+00
1.360801E+00 1.528258E-04 4.843126E-06 9.998423E-01
1.361802E+00 2.494855E-04 4.819001E-06 9.997457E-01
1.362802E+00 4.786138E-05 4.742615E-06 9.999474E-01
1.363803E+00 -1.721206E-04 4.595163E-06 1.000168E+00
1.364804E+00 -1.035586E-04 4.458292E-06 1.000099E+00
1.365805E+00 1.589093E-04 4.399235E-06 9.998367E-01
1.366806E+00 2.493033E-04 4.377645E-06 9.997463E-01
1.367807E+00 4.015285E-05 4.303186E-06 9.999555E-01
1.368807E+00 -1.781873E-04 4.161722E-06 1.000174E+00
1.369808E+00 -1.009555E-04 4.033822E-06 1.000097E+00
1.370809E+00 1.652926E-04 3.981473E-06 9.998307E-01
1.371810E+00 2.492755E-04 3.962263E-06 9.997468E-01
1.372811E+00 3.228765E-05 3.889805E-06 9.999638E-01
1.373812E+00 -1.844456E-04 3.754351E-06 1.000181E+00
1.374812E+00 -9.824661E-05 3.635187E-06 1.000095E+00
1.375813E+00 1.719931E-04 3.589203E-06 9.998244E-01
1.376814E+00 2.493847E-04 3.572217E-06 9.997470E-01
1.377815E+00 2.423500E-05 3.501827E-06 9.999723E-01
1.378816E+00 -1.908998E-04 3.372403E-06 1.000188E+00
1.379817E+00 -9.540630E-05 3.261741E-06 1.000092E+00
1.380817E+00 1.790281E-04 3.221778E-06 9.998178E-01
1.381818E+00 2.496127E-04 3.206858E-06 9.997472E-01
1.382819E+00 1.596313E-05 3.138601E-06 9.999809E-01
1.383820E+00 -1.975552E-04 3.015223E-06 1.000195E+00
1.384821E+00 -9.240973E-05 2.912826E-06 1.000089E+00
1.385822E+00 1.864143E-04 2.878540E-06 9.998107E-01
1.386822E+00 2.499410E-04 2.865527E-06 9.997472E-01
1.387823E+00 7.438987E-06 2.799467E-06 9.999898E-01
1.388824E+00 -2.044180E-04 2.682148E-06 1.000202E+00
1.389825E+00 -8.923242E-05 2.587777E-06 1.000087E+00
1.390826E+00 1.941683E-04 2.558820E-06 9.998033E-01
1.391827E+00 2.503496E-04 2.547556E-06 9.997471E-01
1.392827E+00 -1.371885E-06 2.483756E-06 9.999989E-01
1.393828E+00 -2.114954E-04 2.372507E-06 1.000209E+00
1.394829E+00 -8.584987E-05 2.285916E-06 1.000084E+00
1.395830E+00 2.023066E-04 2.261938E-06 9.997954E-01
1.396831E+00 2.508181E-04 2.252265E-06 9.997469E-01
1.397832E+00 -1.050529E-05 2.190789E-06 1.000008E+00
1.398832E+00 -2.187953E-04 2.085618E-06 1.000217E+00
1.399833E+00 -8.223706E-05 2.006557E-06 1.000080E+00
1.400834E+00 2.108460E-04 1.987206E-06 9.997872E-01
1.401835E+00 2.513250E-04 1.978967E-06 9.997467E-01
1.402836E+00 -1.999816E-05 1.919881E-06 1.000018E+00
1.403837E+00 -2.263252E-04 1.820792E-06 1.000225E+00
1.404837E+00 -7.836771E-05 1.749004E-06 1.000077E+00
1.405838E+00 2.198044E-04 1.733923E-06 9.997785E-01
1.406839E+00 2.518484E-04 1.726963E-06 9.997464E-01
1.407840E+00 -2.988827E-05 1.670337E-06 1.000028E+00
1.408841E+00 -2.340924E-04 1.577334E-06 1.000233E+00
1.409842E+00 -7.421358E-05 1.512552E-06 1.000073E+00
1.410842E+00 2.292011E-04 1.501379E-06 9.997693E-01
1.411843E+00 2.523664E-04 1.495549E-06 9.997461E-01
1.412844E+00 -4.021373E-05 1.441457E-06 1.000039E+00
1.413845E+00 -2.421026E-04 1.354537E-06 1.000241E+00
1.414846E+00 -6.974355E-05 1.296488E-06 1.000068E+00
1.415847E+00 2.390575E-04 1.288858E-06 9.997597E-01
1.416847E+00 2.528573E-04 1.284010E-06 9.997459E-01
1.417848E+00 -5.101263E-05 1.232533E-06 1.000050E+00
1.418849E+00 -2.503596E-04 1.151693E-06 1.000249E+00
1.419850E+00 -6.492287E-05 1.100092E-06 1.000064E+00
1.420851E+00 2.493981E-04 1.095633E-06 9.997495E-01
1.421852E+00 2.533003E-04 1.091628E-06 9.997456E-01
1.422852E+00 -6.232267E-05 1.042852E-06 1.000061E+00
1.423853E+00 -2.588648E-04 9.680836E-07 1.000258E+00
1.424854E+00 -5.971248E-05 9.226348E-07 1.000059E+00
1.425855E+00 2.602503E-04 9.209727E-07 9.997388E-01
1.426856E+00 2.536753E-04 9.176775E-07 9.997454E-01
1.427857E+00 -7.418100E-05 8.716976E-07 1.000073E+00
1.428857E+00 -2.676165E-04 8.029887E-07 1.000267E+00
1.429858E+00 -5.406851E-05 7.633847E-07 1.000053E+00
1.430859E+00 2.716452E-04 7.641390E-07 9.997276E-01
1.431860E+00 2.539628E-04 7.614284E-07 9.997453E-01
1.432861E+00 -8.662437E-05 7.183482E-07 1.000086E+00
1.433862E+00 -2.766100E-04 6.556834E-07 1.000276E+00
1.434862E+00 -4.794206E-05 6.216037E-07 1.000047E+00
1.435863E+00 2.836173E-04 6.243896E-07 9.997158E-01
1.436864E+00 2.541440E-04 6.221482E-07 9.997452E-01
1.437865E+00 -9.968939E-05 5.820815E-07 1.000099E+00
1.438866E+00 -2.858374E-04 5.254402E-07 1.000285E+00
1.439867E+00 -4.127918E-05 4.965503E-07 1.000041E+00
1.440867E+00 2.962043E-04 5.009785E-07 9.997033E-01
1.441868E+00 2.541997E-04 4.991022E-07 9.997453E-01
1.442869E+00 -1.134132E-04 4.621736E-07 1.000113E+00
1.443870E+00 -2.952883E-04 4.115301E-07 1.000295E+00
1.444871E+00 -3.402116E-05 3.874806E-07 1.000034E+00
1.445872E+00 3.094464E-04 3.931575E-07 9.996902E-01
1.446872E+00 2.541097E-04 3.915550E-07 9.997455E-01
1.447873E+00 -1.278343E-04 3.579010E-07 1.000127E+00
1.448874E+00 -3.049503E-04 3.132238E-07 1.000305E+00
1.449875E+00 -2.610491E-05 2.936491E-07 1.000026E+00
1.450876E+00 3.233858E-04 3.001775E-07 9.996763E-01
1.451877E+00 2.538515E-04 2.987714E-07 9.997458E-01
1.452877E+00 -1.429935E-04 2.685418E-07 1.000143E+00
1.453878E+00 -3.148093E-04 2.297926E-07 1.000315E+00
1.454879E+00 -1.746359E-05 2.143100E-07 1.000017E+00
1.455880E+00 3.380657E-04 2.212892E-07 9.996617E-01
1.456881E+00 2.533993E-04 2.200185E-07 9.997464E-01
1.457882E+00 -1.589353E-04 1.933767E-07 1.000159E+00
1.458882E+00 -3.248507E-04 1.605098E-07 1.000325E+00
1.459883E+00 -8.027296E-06 1.487184E-07 1.000008E+00
1.460884E+00 3.535292E-04 1.557448E-07 9.996463E-01
1.461885E+00 2.527224E-04 1.545663E-07 9.997471E-01
1.462886E+00 -1.757090E-04 1.316904E-07 1.000176E+00
1.463887E+00 -3.350601E-04 1.046518E-07 1.000335E+00
1.464887E+00 2.276218E-06 9.613115E-08 9.999976E-01
1.465888E+00 3.698183E-04 1.027992E-07 9.996301E-01
1.466889E+00 2.517839E-04 1.016894E-07 9.997481E-01
1.467890E+00 -1.933701E-04 8.277322E-08 1.000193E+00
1.468891E+00 -3.454241E-04 6.149915E-08 1.000345E+00
1.469892E+00 1.352103E-05 5.580834E-08 9.999864E-01
1.470892E+00 3.869730E-04 6.171090E-08 9.996130E-01
1.471893E+00 2.505394E-04 6.066825E-08 9.997494E-01
1.472894E+00 -2.119809E-04 4.592189E-08 1.000212E+00
1.473895E+00 -3.559308E-04 3.033780E-08 1.000356E+00
1.474896E+00 2.578278E-05 2.701408E-08 9.999742E-01
1.475897E+00 4.050307E-04 3.174367E-08 9.995949E-01
1.476897E+00 2.489363E-04 3.079051E-08 9.997510E-01
1.477898E+00 -2.316118E-04 2.044114E-08 1.000232E+00
1.478899E+00 -3.665698E-04 1.046022E-08 1.000367E+00
1.479900E+00 3.913876E-05 9.017780E-09 9.999609E-01
1.480901E+00 4.240259E-04 1.216741E-08 9.995760E-01
1.481902E+00 2.469128E-04 1.135235E-08 9.997531E-01
1.482902E+00 -2.523412E-04 5.644910E-09 1.000252E+00
1.483903E+00 -3.773317E-04 1.166512E-09 1.000377E+00
1.484904E+00 5.366845E-05 1.095129E-09 9.999463E-01
1.485905E+00 4.439905E-04 2.259541E-09 9.995560E-01
1.486906E+00 2.443979E-04 1.659808E-09 9.997556E-01
1.487907E+00 -2.742555E-04 8.575426E-10 1.000274E+00
1.488907E+00 -3.882079E-04 1.765435E-09 1.000388E+00
1.489908E+00 6.945446E-05 2.529176E-09 9.999305E-01
1.490909E+00 4.649537E-04 1.306140E-09 9.995350E-01
1.491910E+00 2.413111E-04 1.030081E-09 9.997587E-01
1.492911E+00 -2.974491E-04 5.415058E-09 1.000297E+00
1.493912E+00 -3.991891E-04 1.157547E-08 1.000399E+00
1.494912E+00 8.658376E-05 1.261130E-08 9.999134E-01
1.495913E+00 4.869435E-04 8.603096E-09 9.995130E-01
1.496914E+00 2.375630E-04 8.792813E-09 9.997624E-01
1.497915E+00 -3.220236E-04 1.866633E-08 1.000322E+00
1.498916E+00 -4.102640E-04 2.992579E-08 1.000410E+00
1.499917E+00 1.051492E-04 3.064219E-08 9.998948E-01
1.500917E+00 5.099866E-04 2.345726E-08 9.994900E-01
1.501918E+00 2.330555E-04 2.429138E-08 9.997669E-01
1.502919E+00 -3.480867E-04 3.997423E-08 1.000348E+00
1.503920E+00 -4.214181E-04 5.615726E-08 1.000421E+00
1.504921E+00 1.252513E-04 5.593275E-08 9.998747E-01
1.505922E+00 5.341104E-04 4.518756E-08 9.994658E-01
1.506922E+00 2.276820E-04 4.688413E-08 9.997723E-01
1.507923E+00 -3.757522E-04 6.871681E-08 1.000376E+00
1.508924E+00 -4.326315E-04 8.962325E-08 1.000433E+00
1.509925E+00 1.470000E-04 8.780498E-08 9.998529E-01
1.510926E+00 5.593432E-04 7.312609E-08 9.994406E-01
1.511927E+00 2.213282E-04 7.594562E-08 9.997786E-01
1.512927E+00 -4.051384E-04 1.042883E-07 1.000405E+00
1.513928E+00 -4.438773E-04 1.296906E-07 1.000444E+00
1.514929E+00 1.705162E-04 1.255928E-07 9.998294E-01
1.515930E+00 5.857154E-04 1.066191E-07 9.994142E-01
1.516931E+00 2.138717E-04 1.108678E-07 9.997860E-01
1.517932E+00 -4.363681E-04 1.461003E-07 1.000436E+00
1.518932E+00 -4.551205E-04 1.757402E-07 1.000455E+00
1.519933E+00 1.959337E-04 1.686428E-07 9.998039E-01
1.520934E+00 6.132597E-04 1.450283E-07 9.993866E-01
1.521935E+00 2.051820E-04 1.510613E-07 9.997947E-01
1.522936E+00 -4.695679E-04 1.935825E-07 1.000469E+00
1.523937E+00 -4.663165E-04 2.271680E-07 1.000466E+00
1.524937E+00 2.234002E-04 2.163152E-07 9.997764E-01
1.525938E+00 6.420116E-04 1.877313E-07 9.993578E-01
1.526939E+00 1.951195E-04 1.959563E-07 9.998047E-01
1.527940E+00 -5.048690E-04 2.461841E-07 1.000505E+00
1.528941E+00 -4.774100E-04 2.833854E-07 1.000477E+00
1.529942E+00 2.530780E-04 2.679840E-07 9.997467E-01
1.530942E+00 6.720081E-04 2.341233E-07 9.993278E-01
1.531943E+00 1.835342E-04 2.450041E-07 9.998162E-01
1.532944E+00 -5.424076E-04 3.033741E-07 1.000542E+00
1.533945E+00 -4.883352E-04 3.438201E-07 1.000488E+00
1.534946E+00 2.851443E-04 3.230383E-07 9.997145E-01
1.535947E+00 7.032874E-04 2.836174E-07 9.992964E-01
1.536947E+00 1.702635E-04 2.976778E-07 9.998294E-01
1.537948E+00 -5.823265E-04 3.646429E-07 1.000582E+00
1.538949E+00 -4.990153E-04 4.079165E-07 1.000499E+00
1.539950E+00 3.197913E-04 3.808822E-07 9.996798E-01
1.540951E+00 7.358865E-04 3.356460E-07 9.992638E-01
1.541952E+00 1.551296E-04 3.534736E-07 9.998445E-01
1.542952E+00 -6.247765E-04 4.295023E-07 1.000624E+00
1.543953E+00 -5.093631E-04 4.751361E-07 1.000509E+00
1.544954E+00 3.572253E-04 4.409360E-07 9.996423E-01
1.545955E+00 7.698395E-04 3.896614E-07 9.992298E-01
1.546956E+00 1.379366E-04 4.119118E-07 9.998617E-01
1.547957E+00 -6.699188E-04 4.974869E-07 1.000669E+00
1.548957E+00 -5.192812E-04 5.449581E-07 1.000519E+00
1.549958E+00 3.976670E-04 5.026362E-07 9.996018E-01
1.550959E+00 8.051755E-04 4.451369E-07 9.991944E-01
1.551960E+00 1.184668E-04 4.725380E-07 9.998811E-01
1.552961E+00 -7.179268E-04 5.681546E-07 1.000717E+00
1.553962E+00 -5.286624E-04 6.168796E-07 1.000528E+00
1.554962E+00 4.413502E-04 5.654359E-07 9.995581E-01
1.555963E+00 8.419157E-04 5.015675E-07 9.991576E-01
1.556964E+00 9.647751E-05 5.349238E-07 9.999030E-01
1.557965E+00 -7.689883E-04 6.410872E-07 1.000768E+00
1.558966E+00 -5.373897E-04 6.904158E-07 1.000537E+00
1.559967E+00 4.885221E-04 6.288059E-07 9.995108E-01
1.560967E+00 8.800710E-04 5.584711E-07 9.991194E-01
1.561968E+00 7.169755E-05 5.986683E-07 9.999277E-01
1.562969E+00 -8.233074E-04 7.158909E-07 1.000823E+00
1.563970E+00 -5.453364E-04 7.651006E-07 1.000545E+00
1.564971E+00 5.394426E-04 6.922341E-07 9.994599E-01
1.565972E+00 9.196400E-04 6.153888E-07 9.990797E-01
1.566972E+00 4.382350E-05 6.633986E-07 9.999555E-01
1.567973E+00 -8.811065E-04 7.921974E-07 1.000880E+00
1.568974E+00 -5.523650E-04 8.404863E-07 1.000552E+00
1.569975E+00 5.943855E-04 7.552268E-07 9.994049E-01
1.570976E+00 9.606065E-04 6.718866E-07 9.990387E-01
1.571977E+00 1.251680E-05 7.287712E-07 9.999868E-01
1.572977E+00 -9.426266E-04 8.696639E-07 1.000942E+00
1.573978E+00 -5.583259E-04 9.161439E-07 1.000557E+00
1.574979E+00 6.536390E-04 8.173082E-07 9.993455E-01
1.575980E+00 1.002938E-03 7.275556E-07 9.989963E-01
1.576981E+00 -2.259908E-05 7.944730E-07 1.000022E+00
1.577982E+00 -1.008129E-03 9.479737E-07 1.001007E+00
1.578982E+00 -5.630546E-04 9.916633E-07 1.000562E+00
1.579983E+00 7.175084E-04 8.780215E-07 9.992816E-01
1.580984E+00 1.046586E-03 7.820135E-07 9.989526E-01
1.581985E+00 -6.194086E-05 8.602223E-07 1.000061E+00
1.582986E+00 -1.077892E-03 1.026837E-06 1.001077E+00
1.583987E+00 -5.663688E-04 1.066653E-06 1.000565E+00
1.584987E+00 7.863182E-04 9.369287E-07 9.992127E-01
1.585988E+00 1.091482E-03 8.349054E-07 9.989077E-01
1.586989E+00 -1.059674E-04 9.257700E-07 1.000105E+00
1.587990E+00 -1.152214E-03 1.105991E-06 1.001151E+00
1.588991E+00 -5.680635E-04 1.140741E-06 1.000567E+00
1.589992E+00 8.604158E-04 9.936113E-07 9.991386E-01
1.590992E+00 1.137540E-03 8.859049E-07 9.988616E-01
1.591993E+00 -1.551813E-04 9.909007E-07 1.000154E+00
1.592994E+00 -1.231410E-03 1.185201E-06 1.001230E+00
1.593995E+00 -5.679067E-04 1.213572E-06 1.000567E+00
1.594996E+00 9.401756E-04 1.047671E-06 9.990588E-01
1.595997E+00 1.184657E-03 9.347156E-07 9.988144E-01
1.596997E+00 -2.101310E-04 1.055434E-06 1.000209E+00
1.597998E+00 -1.315809E-03 1.264260E-06 1.001315E+00
1.598999E+00 -5.656330E-04 1.284813E-06 1.000564E+00
1.600000E+00 1.026003E-03 1.098728E-06 9.989729E-01
