# # t, EM energy in cavity (in meep units)
0.000000E+00 0.000000E+00
1.000000E-01 0.000000E+00
2.000000E-01 0.000000E+00
3.000000E-01 0.000000E+00
4.000000E-01 0.000000E+00
5.000000E-01 0.000000E+00
6.000000E-01 4.353058E-131
7.000000E-01 1.446140E-94
8.000000E-01 1.363170E-68
9.000000E-01 3.500585E-49
1.000000E+00 8.194504E-35
1.100000E+00 7.042593E-25
1.200000E+00 1.774440E-19
1.300000E+00 6.660991E-17
1.400000E+00 1.525276E-14
1.500000E+00 2.587144E-13
1.600000E+00 1.490201E-12
1.700000E+00 4.305814E-12
1.800000E+00 6.829918E-12
1.900000E+00 1.075708E-11
2.000000E+00 5.455720E-11
2.100000E+00 2.398619E-10
2.200000E+00 5.988246E-10
2.300000E+00 8.752920E-10
2.400000E+00 1.344623E-09
2.500000E+00 5.639674E-09
2.600000E+00 2.078987E-08
2.700000E+00 4.525944E-08
2.800000E+00 6.070563E-08
2.900000E+00 8.731897E-08
3.000000E+00 2.913636E-07
3.100000E+00 8.898791E-07
3.200000E+00 1.688733E-06
3.300000E+00 2.089699E-06
3.400000E+00 2.823831E-06
3.500000E+00 7.562059E-06
3.600000E+00 1.903649E-05
3.700000E+00 3.149751E-05
3.800000E+00 3.621699E-05
3.900000E+00 4.605402E-05
4.000000E+00 9.958604E-05
4.100000E+00 2.057151E-04
4.200000E+00 2.975351E-04
4.300000E+00 3.211445E-04
4.400000E+00 3.845443E-04
4.500000E+00 6.765185E-04
4.600000E+00 1.146645E-03
4.700000E+00 1.461064E-03
4.800000E+00 1.498929E-03
4.900000E+00 1.686716E-03
5.000000E+00 2.444794E-03
5.100000E+00 3.438062E-03
5.200000E+00 3.926198E-03
5.300000E+00 3.872309E-03
5.400000E+00 4.076409E-03
5.500000E+00 4.999983E-03
5.600000E+00 6.042385E-03
5.700000E+00 6.370988E-03
5.800000E+00 6.064793E-03
5.900000E+00 5.964543E-03
6.000000E+00 6.524971E-03
6.100000E+00 7.227333E-03
6.200000E+00 7.272213E-03
6.300000E+00 6.647988E-03
6.400000E+00 6.177702E-03
6.500000E+00 6.416184E-03
6.600000E+00 6.866936E-03
6.700000E+00 6.666720E-03
6.800000E+00 5.812925E-03
6.900000E+00 5.163610E-03
7.000000E+00 5.211944E-03
7.100000E+00 5.416742E-03
7.200000E+00 5.016205E-03
7.300000E+00 4.104176E-03
7.400000E+00 3.448717E-03
7.500000E+00 3.390180E-03
7.600000E+00 3.419728E-03
7.700000E+00 2.967395E-03
7.800000E+00 2.192946E-03
7.900000E+00 1.686362E-03
8.000000E+00 1.620769E-03
8.100000E+00 1.586655E-03
8.200000E+00 1.234423E-03
8.300000E+00 7.357094E-04
8.400000E+00 4.669269E-04
8.500000E+00 4.653841E-04
8.600000E+00 4.446702E-04
8.700000E+00 2.615096E-04
8.800000E+00 8.900555E-05
8.900000E+00 8.638281E-05
9.000000E+00 1.519369E-04
9.100000E+00 1.394005E-04
9.200000E+00 1.237826E-04
9.300000E+00 2.560664E-04
9.400000E+00 4.700363E-04
9.500000E+00 5.634303E-04
9.600000E+00 5.475671E-04
9.700000E+00 6.766083E-04
9.800000E+00 1.050854E-03
9.900000E+00 1.412714E-03
1.000000E+01 1.513468E-03
1.010000E+01 1.512839E-03
1.020000E+01 1.761667E-03
1.030000E+01 2.271653E-03
1.040000E+01 2.685608E-03
1.050000E+01 2.796885E-03
1.060000E+01 2.839140E-03
1.070000E+01 3.135386E-03
1.080000E+01 3.639511E-03
1.090000E+01 4.021587E-03
1.100000E+01 4.138287E-03
1.110000E+01 4.202486E-03
1.120000E+01 4.448112E-03
1.130000E+01 4.814440E-03
1.140000E+01 5.077788E-03
1.150000E+01 5.170221E-03
1.160000E+01 5.220984E-03
1.170000E+01 5.338198E-03
1.180000E+01 5.489719E-03
1.190000E+01 5.603282E-03
1.200000E+01 5.669207E-03
1.210000E+01 5.697024E-03
1.220000E+01 5.661458E-03
1.230000E+01 5.573772E-03
1.240000E+01 5.532605E-03
1.250000E+01 5.584782E-03
1.260000E+01 5.591534E-03
1.270000E+01 5.392217E-03
1.280000E+01 5.080122E-03
1.290000E+01 4.924470E-03
1.300000E+01 4.976421E-03
1.310000E+01 4.946408E-03
1.320000E+01 4.599511E-03
1.330000E+01 4.123307E-03
1.340000E+01 3.893865E-03
1.350000E+01 3.932454E-03
1.360000E+01 3.852330E-03
1.370000E+01 3.412688E-03
1.380000E+01 2.878746E-03
1.390000E+01 2.645523E-03
1.400000E+01 2.673880E-03
1.410000E+01 2.561043E-03
1.420000E+01 2.124452E-03
1.430000E+01 1.648047E-03
1.440000E+01 1.462373E-03
1.450000E+01 1.485311E-03
1.460000E+01 1.370408E-03
1.470000E+01 1.014829E-03
1.480000E+01 6.807943E-04
1.490000E+01 5.885224E-04
1.500000E+01 6.145503E-04
1.510000E+01 5.172023E-04
1.520000E+01 2.973079E-04
1.530000E+01 1.540694E-04
1.540000E+01 1.606057E-04
1.550000E+01 1.797106E-04
1.560000E+01 1.134184E-04
1.570000E+01 5.780912E-05
1.580000E+01 1.206653E-04
1.590000E+01 2.246256E-04
1.600000E+01 2.394325E-04
1.610000E+01 2.218916E-04
1.620000E+01 3.396089E-04
1.630000E+01 5.837620E-04
1.640000E+01 7.538410E-04
1.650000E+01 7.672946E-04
1.660000E+01 8.072331E-04
1.670000E+01 1.056466E-03
1.680000E+01 1.410481E-03
1.690000E+01 1.613924E-03
1.700000E+01 1.634428E-03
1.710000E+01 1.716808E-03
1.720000E+01 2.024908E-03
1.730000E+01 2.399814E-03
1.740000E+01 2.592466E-03
1.750000E+01 2.618191E-03
1.760000E+01 2.716307E-03
1.770000E+01 3.000078E-03
1.780000E+01 3.313202E-03
1.790000E+01 3.469255E-03
1.800000E+01 3.502900E-03
1.810000E+01 3.588728E-03
1.820000E+01 3.784221E-03
1.830000E+01 3.977790E-03
1.840000E+01 4.076049E-03
1.850000E+01 4.116127E-03
1.860000E+01 4.164873E-03
1.870000E+01 4.218270E-03
1.880000E+01 4.253964E-03
1.890000E+01 4.292500E-03
1.900000E+01 4.337326E-03
1.910000E+01 4.323552E-03
1.920000E+01 4.212025E-03
1.930000E+01 4.090948E-03
1.940000E+01 4.076894E-03
1.950000E+01 4.119967E-03
1.960000E+01 4.033992E-03
1.970000E+01 3.768963E-03
1.980000E+01 3.524041E-03
1.990000E+01 3.479169E-03
2.000000E+01 3.515226E-03
2.010000E+01 3.364007E-03
2.020000E+01 2.999356E-03
2.030000E+01 2.694285E-03
2.040000E+01 2.638835E-03
2.050000E+01 2.662165E-03
2.060000E+01 2.471128E-03
2.070000E+01 2.073141E-03
2.080000E+01 1.769253E-03
2.090000E+01 1.722109E-03
2.100000E+01 1.729612E-03
2.110000E+01 1.528535E-03
2.120000E+01 1.170700E-03
2.130000E+01 9.301375E-04
2.140000E+01 9.047942E-04
2.150000E+01 8.983138E-04
2.160000E+01 7.242632E-04
2.170000E+01 4.660061E-04
2.180000E+01 3.280310E-04
2.190000E+01 3.325957E-04
2.200000E+01 3.172631E-04
2.210000E+01 2.004264E-04
2.220000E+01 8.598210E-05
2.230000E+01 7.335737E-05
2.240000E+01 1.061686E-04
2.250000E+01 8.870297E-05
2.260000E+01 5.070537E-05
2.270000E+01 8.709211E-05
2.280000E+01 1.855012E-04
2.290000E+01 2.375757E-04
2.300000E+01 2.240480E-04
2.310000E+01 2.649531E-04
2.320000E+01 4.309024E-04
2.330000E+01 6.119176E-04
2.340000E+01 6.738704E-04
2.350000E+01 6.717305E-04
2.360000E+01 7.778200E-04
2.370000E+01 1.021720E-03
2.380000E+01 1.236844E-03
2.390000E+01 1.300290E-03
2.400000E+01 1.312671E-03
2.410000E+01 1.451668E-03
2.420000E+01 1.713195E-03
2.430000E+01 1.919521E-03
2.440000E+01 1.977479E-03
2.450000E+01 2.002481E-03
2.460000E+01 2.137570E-03
2.470000E+01 2.351977E-03
2.480000E+01 2.505431E-03
2.490000E+01 2.552213E-03
2.500000E+01 2.582351E-03
2.510000E+01 2.673617E-03
2.520000E+01 2.793258E-03
2.530000E+01 2.872523E-03
2.540000E+01 2.907798E-03
2.550000E+01 2.935420E-03
2.560000E+01 2.956108E-03
2.570000E+01 2.952386E-03
2.580000E+01 2.948486E-03
2.590000E+01 2.975153E-03
2.600000E+01 2.991253E-03
2.610000E+01 2.925278E-03
2.620000E+01 2.799934E-03
2.630000E+01 2.728287E-03
2.640000E+01 2.749626E-03
2.650000E+01 2.746644E-03
2.660000E+01 2.600543E-03
2.670000E+01 2.379231E-03
2.680000E+01 2.262188E-03
2.690000E+01 2.280129E-03
2.700000E+01 2.254083E-03
2.710000E+01 2.049260E-03
2.720000E+01 1.779594E-03
2.730000E+01 1.651558E-03
2.740000E+01 1.667487E-03
2.750000E+01 1.621691E-03
2.760000E+01 1.396902E-03
2.770000E+01 1.132279E-03
2.780000E+01 1.021498E-03
2.790000E+01 1.036812E-03
2.800000E+01 9.793756E-04
2.810000E+01 7.725472E-04
2.820000E+01 5.626738E-04
2.830000E+01 4.942321E-04
2.840000E+01 5.083551E-04
2.850000E+01 4.503264E-04
2.860000E+01 2.994147E-04
2.870000E+01 1.797356E-04
2.880000E+01 1.634432E-04
2.890000E+01 1.758750E-04
2.900000E+01 1.291893E-04
2.910000E+01 5.704670E-05
2.920000E+01 4.349002E-05
2.930000E+01 8.014412E-05
2.940000E+01 8.980249E-05
2.950000E+01 6.514099E-05
2.960000E+01 8.226855E-05
2.970000E+01 1.675161E-04
2.980000E+01 2.438148E-04
2.990000E+01 2.521554E-04
3.000000E+01 2.549241E-04
3.010000E+01 3.468531E-04
3.020000E+01 5.019963E-04
3.030000E+01 6.003910E-04
3.040000E+01 6.082913E-04
3.050000E+01 6.364999E-04
3.060000E+01 7.769975E-04
3.070000E+01 9.621110E-04
3.080000E+01 1.061582E-03
3.090000E+01 1.071891E-03
3.100000E+01 1.117256E-03
3.110000E+01 1.266893E-03
3.120000E+01 1.438722E-03
3.130000E+01 1.522824E-03
3.140000E+01 1.536158E-03
3.150000E+01 1.585720E-03
3.160000E+01 1.708821E-03
3.170000E+01 1.831334E-03
3.180000E+01 1.887509E-03
3.190000E+01 1.905277E-03
3.200000E+01 1.943910E-03
3.210000E+01 2.005777E-03
3.220000E+01 2.053637E-03
3.230000E+01 2.078320E-03
3.240000E+01 2.098891E-03
3.250000E+01 2.112298E-03
3.260000E+01 2.096286E-03
3.270000E+01 2.064187E-03
3.280000E+01 2.060821E-03
3.290000E+01 2.083374E-03
3.300000E+01 2.063001E-03
3.310000E+01 1.966374E-03
3.320000E+01 1.865457E-03
3.330000E+01 1.843749E-03
3.340000E+01 1.864222E-03
3.350000E+01 1.808842E-03
3.360000E+01 1.650990E-03
3.370000E+01 1.507722E-03
3.380000E+01 1.478150E-03
3.390000E+01 1.493977E-03
3.400000E+01 1.410706E-03
3.410000E+01 1.218942E-03
3.420000E+01 1.064022E-03
3.430000E+01 1.037394E-03
3.440000E+01 1.045209E-03
3.450000E+01 9.471006E-04
3.460000E+01 7.589439E-04
3.470000E+01 6.253808E-04
3.480000E+01 6.098767E-04
3.490000E+01 6.103598E-04
3.500000E+01 5.153777E-04
3.510000E+01 3.635782E-04
3.520000E+01 2.760964E-04
3.530000E+01 2.765557E-04
3.540000E+01 2.701166E-04
3.550000E+01 1.954918E-04
3.560000E+01 1.079032E-04
3.570000E+01 8.094566E-05
3.580000E+01 9.633466E-05
3.590000E+01 8.654403E-05
3.600000E+01 4.614758E-05
3.610000E+01 3.247072E-05
3.620000E+01 6.447809E-05
3.630000E+01 9.117028E-05
3.640000E+01 8.102885E-05
3.650000E+01 8.016472E-05
3.660000E+01 1.369790E-04
3.670000E+01 2.161503E-04
3.680000E+01 2.487333E-04
3.690000E+01 2.434837E-04
3.700000E+01 2.799265E-04
3.710000E+01 3.868385E-04
3.720000E+01 4.919611E-04
3.730000E+01 5.258256E-04
3.740000E+01 5.274149E-04
3.750000E+01 5.891045E-04
3.760000E+01 7.186977E-04
3.770000E+01 8.262387E-04
3.780000E+01 8.562077E-04
3.790000E+01 8.657561E-04
3.800000E+01 9.360075E-04
3.810000E+01 1.055008E-03
3.820000E+01 1.142038E-03
3.830000E+01 1.165792E-03
3.840000E+01 1.180514E-03
3.850000E+01 1.238863E-03
3.860000E+01 1.319794E-03
3.870000E+01 1.371363E-03
3.880000E+01 1.388300E-03
3.890000E+01 1.405486E-03
3.900000E+01 1.435570E-03
3.910000E+01 1.459036E-03
3.920000E+01 1.469029E-03
3.930000E+01 1.481375E-03
3.940000E+01 1.495332E-03
3.950000E+01 1.484982E-03
3.960000E+01 1.446360E-03
3.970000E+01 1.418542E-03
3.980000E+01 1.427512E-03
3.990000E+01 1.433987E-03
4.000000E+01 1.381784E-03
4.010000E+01 1.288700E-03
4.020000E+01 1.233747E-03
4.030000E+01 1.241591E-03
4.040000E+01 1.236519E-03
4.050000E+01 1.148512E-03
4.060000E+01 1.020973E-03
4.070000E+01 9.547134E-04
4.080000E+01 9.623072E-04
4.090000E+01 9.461074E-04
4.100000E+01 8.384173E-04
4.110000E+01 7.020449E-04
4.120000E+01 6.409106E-04
4.130000E+01 6.496156E-04
4.140000E+01 6.239609E-04
4.150000E+01 5.148587E-04
4.160000E+01 3.964984E-04
4.170000E+01 3.539094E-04
4.180000E+01 3.625463E-04
4.190000E+01 3.327884E-04
4.200000E+01 2.430250E-04
4.210000E+01 1.637268E-04
4.220000E+01 1.472890E-04
4.230000E+01 1.554954E-04
4.240000E+01 1.271944E-04
4.250000E+01 7.135671E-05
4.260000E+01 4.337300E-05
4.270000E+01 5.442098E-05
4.280000E+01 6.094096E-05
4.290000E+01 4.111330E-05
4.300000E+01 2.851378E-05
4.310000E+01 5.231174E-05
4.320000E+01 8.636305E-05
4.330000E+01 9.187596E-05
4.340000E+01 8.436701E-05
4.350000E+01 1.125585E-04
4.360000E+01 1.780016E-04
4.370000E+01 2.262011E-04
4.380000E+01 2.303853E-04
4.390000E+01 2.369846E-04
4.400000E+01 2.967779E-04
4.410000E+01 3.855190E-04
4.420000E+01 4.372058E-04
4.430000E+01 4.415755E-04
4.440000E+01 4.596211E-04
4.450000E+01 5.333677E-04
4.460000E+01 6.238993E-04
4.470000E+01 6.692630E-04
4.480000E+01 6.743330E-04
4.490000E+01 6.991315E-04
4.500000E+01 7.684577E-04
4.510000E+01 8.403309E-04
4.520000E+01 8.724988E-04
4.530000E+01 8.799563E-04
4.540000E+01 9.037500E-04
4.550000E+01 9.495928E-04
4.560000E+01 9.880258E-04
4.570000E+01 1.003931E-03
4.580000E+01 1.013250E-03
4.590000E+01 1.028563E-03
4.600000E+01 1.039112E-03
4.610000E+01 1.037421E-03
4.620000E+01 1.038001E-03
4.630000E+01 1.049215E-03
4.640000E+01 1.049632E-03
4.650000E+01 1.019602E-03
4.660000E+01 9.805744E-04
4.670000E+01 9.699732E-04
4.680000E+01 9.810596E-04
4.690000E+01 9.639922E-04
4.700000E+01 8.986441E-04
4.710000E+01 8.325620E-04
4.720000E+01 8.166532E-04
4.730000E+01 8.266269E-04
4.740000E+01 7.929667E-04
4.750000E+01 7.035455E-04
4.760000E+01 6.259000E-04
4.770000E+01 6.106877E-04
4.780000E+01 6.171614E-04
4.790000E+01 5.719244E-04
4.800000E+01 4.759252E-04
4.810000E+01 4.031970E-04
4.820000E+01 3.934182E-04
4.830000E+01 3.960983E-04
4.840000E+01 3.471194E-04
4.850000E+01 2.619852E-04
4.860000E+01 2.087865E-04
4.870000E+01 2.071553E-04
4.880000E+01 2.053402E-04
4.890000E+01 1.617810E-04
4.900000E+01 1.033060E-04
4.910000E+01 7.852382E-05
4.920000E+01 8.525452E-05
4.930000E+01 8.073725E-05
4.940000E+01 5.073232E-05
4.950000E+01 2.744607E-05
4.960000E+01 3.360915E-05
4.970000E+01 4.703969E-05
4.980000E+01 4.096874E-05
4.990000E+01 2.958497E-05
5.000000E+01 4.314459E-05
5.010000E+01 7.570013E-05
5.020000E+01 9.289176E-05
5.030000E+01 8.823849E-05
5.040000E+01 9.662418E-05
5.050000E+01 1.401286E-04
5.060000E+01 1.900029E-04
5.070000E+01 2.079215E-04
5.080000E+01 2.059555E-04
5.090000E+01 2.305497E-04
5.100000E+01 2.918302E-04
5.110000E+01 3.467073E-04
5.120000E+01 3.625993E-04
5.130000E+01 3.650953E-04
5.140000E+01 3.988103E-04
5.150000E+01 4.617625E-04
5.160000E+01 5.099995E-04
5.170000E+01 5.223863E-04
5.180000E+01 5.284819E-04
5.190000E+01 5.616134E-04
5.200000E+01 6.111622E-04
5.210000E+01 6.433074E-04
5.220000E+01 6.517816E-04
5.230000E+01 6.607540E-04
5.240000E+01 6.839970E-04
5.250000E+01 7.082300E-04
5.260000E+01 7.198787E-04
5.270000E+01 7.253223E-04
5.280000E+01 7.341730E-04
5.290000E+01 7.399293E-04
5.300000E+01 7.335194E-04
5.310000E+01 7.245838E-04
5.320000E+01 7.280904E-04
5.330000E+01 7.347347E-04
5.340000E+01 7.196809E-04
5.350000E+01 6.836756E-04
5.360000E+01 6.589869E-04
5.370000E+01 6.620110E-04
5.380000E+01 6.635267E-04
5.390000E+01 6.285176E-04
5.400000E+01 5.707484E-04
5.410000E+01 5.375214E-04
5.420000E+01 5.408977E-04
5.430000E+01 5.366586E-04
5.440000E+01 4.874948E-04
5.450000E+01 4.197251E-04
5.460000E+01 3.867862E-04
5.470000E+01 3.911419E-04
5.480000E+01 3.808536E-04
5.490000E+01 3.260869E-04
5.500000E+01 2.620671E-04
5.510000E+01 2.366413E-04
5.520000E+01 2.415599E-04
5.530000E+01 2.274794E-04
5.540000E+01 1.773685E-04
5.550000E+01 1.289409E-04
5.560000E+01 1.162782E-04
5.570000E+01 1.213694E-04
5.580000E+01 1.059013E-04
5.590000E+01 6.928163E-05
5.600000E+01 4.475727E-05
5.610000E+01 4.629078E-05
5.620000E+01 5.069950E-05
5.630000E+01 3.766695E-05
5.640000E+01 2.078810E-05
5.650000E+01 2.261164E-05
5.660000E+01 3.709754E-05
5.670000E+01 4.068032E-05
5.680000E+01 3.260437E-05
5.690000E+01 3.698819E-05
5.700000E+01 6.231903E-05
5.710000E+01 8.541757E-05
5.720000E+01 8.787029E-05
5.730000E+01 8.685769E-05
5.740000E+01 1.097121E-04
5.750000E+01 1.505743E-04
5.760000E+01 1.771236E-04
5.770000E+01 1.790820E-04
5.780000E+01 1.848103E-04
5.790000E+01 2.190743E-04
5.800000E+01 2.651985E-04
5.810000E+01 2.895886E-04
5.820000E+01 2.914427E-04
5.830000E+01 3.024775E-04
5.840000E+01 3.390019E-04
5.850000E+01 3.793910E-04
5.860000E+01 3.977537E-04
5.870000E+01 4.005123E-04
5.880000E+01 4.133353E-04
5.890000E+01 4.423996E-04
5.900000E+01 4.685212E-04
5.910000E+01 4.784443E-04
5.920000E+01 4.822315E-04
5.930000E+01 4.931435E-04
5.940000E+01 5.070898E-04
5.950000E+01 5.137211E-04
5.960000E+01 5.153990E-04
5.970000E+01 5.205217E-04
5.980000E+01 5.255984E-04
5.990000E+01 5.200949E-04
6.000000E+01 5.070320E-04
6.010000E+01 5.020615E-04
6.020000E+01 5.077313E-04
6.030000E+01 5.046805E-04
6.040000E+01 4.799303E-04
6.050000E+01 4.508230E-04
6.060000E+01 4.424073E-04
6.070000E+01 4.481225E-04
6.080000E+01 4.360859E-04
6.090000E+01 3.963535E-04
6.100000E+01 3.584558E-04
6.110000E+01 3.496726E-04
6.120000E+01 3.541206E-04
6.130000E+01 3.346558E-04
6.140000E+01 2.875125E-04
6.150000E+01 2.490035E-04
6.160000E+01 2.428147E-04
6.170000E+01 2.455108E-04
6.180000E+01 2.217152E-04
6.190000E+01 1.760912E-04
6.200000E+01 1.450947E-04
6.210000E+01 1.430299E-04
6.220000E+01 1.432777E-04
6.230000E+01 1.196549E-04
6.240000E+01 8.402119E-05
6.250000E+01 6.600077E-05
6.260000E+01 6.866705E-05
6.270000E+01 6.700972E-05
6.280000E+01 4.791489E-05
6.290000E+01 2.826970E-05
6.300000E+01 2.593008E-05
6.310000E+01 3.244214E-05
6.320000E+01 2.932052E-05
6.330000E+01 1.837521E-05
6.340000E+01 1.718057E-05
6.350000E+01 2.927138E-05
6.360000E+01 3.826157E-05
6.370000E+01 3.512160E-05
6.380000E+01 3.396329E-05
6.390000E+01 4.962270E-05
6.400000E+01 7.241206E-05
6.410000E+01 8.195756E-05
6.420000E+01 7.969355E-05
6.430000E+01 8.791447E-05
6.440000E+01 1.153684E-04
6.450000E+01 1.427991E-04
6.460000E+01 1.514401E-04
6.470000E+01 1.512651E-04
6.480000E+01 1.660988E-04
6.490000E+01 1.979361E-04
6.500000E+01 2.240065E-04
6.510000E+01 2.306278E-04
6.520000E+01 2.326055E-04
6.530000E+01 2.498562E-04
6.540000E+01 2.781353E-04
6.550000E+01 2.973416E-04
6.560000E+01 3.017323E-04
6.570000E+01 3.057887E-04
6.580000E+01 3.204872E-04
6.590000E+01 3.383893E-04
6.600000E+01 3.477155E-04
6.610000E+01 3.501350E-04
6.620000E+01 3.550333E-04
6.630000E+01 3.628801E-04
6.640000E+01 3.662299E-04
6.650000E+01 3.646885E-04
6.660000E+01 3.659391E-04
6.670000E+01 3.705532E-04
6.680000E+01 3.685998E-04
6.690000E+01 3.565291E-04
6.700000E+01 3.460186E-04
6.710000E+01 3.469093E-04
6.720000E+01 3.496031E-04
6.730000E+01 3.372428E-04
6.740000E+01 3.123430E-04
6.750000E+01 2.960985E-04
6.760000E+01 2.973600E-04
6.770000E+01 2.973094E-04
6.780000E+01 2.761366E-04
6.790000E+01 2.436083E-04
6.800000E+01 2.261854E-04
6.810000E+01 2.281493E-04
6.820000E+01 2.247780E-04
6.830000E+01 1.985440E-04
6.840000E+01 1.650591E-04
6.850000E+01 1.503528E-04
6.860000E+01 1.529872E-04
6.870000E+01 1.469278E-04
6.880000E+01 1.203757E-04
6.890000E+01 9.241101E-05
6.900000E+01 8.370333E-05
6.910000E+01 8.667541E-05
6.920000E+01 7.893332E-05
6.930000E+01 5.704661E-05
6.940000E+01 3.965176E-05
6.950000E+01 3.815835E-05
6.960000E+01 4.099652E-05
6.970000E+01 3.339172E-05
6.980000E+01 1.995242E-05
6.990000E+01 1.558394E-05
7.000000E+01 2.122446E-05
7.010000E+01 2.355607E-05
7.020000E+01 1.764238E-05
7.030000E+01 1.472001E-05
7.040000E+01 2.302811E-05
7.050000E+01 3.380177E-05
7.060000E+01 3.540579E-05
7.070000E+01 3.265103E-05
7.080000E+01 3.981876E-05
7.090000E+01 5.770856E-05
7.100000E+01 7.114515E-05
7.110000E+01 7.214851E-05
7.120000E+01 7.299227E-05
7.130000E+01 8.778494E-05
7.140000E+01 1.104523E-04
7.150000E+01 1.234706E-04
7.160000E+01 1.241552E-04
7.170000E+01 1.283654E-04
7.180000E+01 1.465141E-04
7.190000E+01 1.683878E-04
7.200000E+01 1.787892E-04
7.210000E+01 1.796422E-04
7.220000E+01 1.858502E-04
7.230000E+01 2.025983E-04
7.240000E+01 2.188038E-04
7.250000E+01 2.249274E-04
7.260000E+01 2.262778E-04
7.270000E+01 2.327383E-04
7.280000E+01 2.435677E-04
7.290000E+01 2.507034E-04
7.300000E+01 2.524142E-04
7.310000E+01 2.545098E-04
7.320000E+01 2.590945E-04
7.330000E+01 2.610639E-04
7.340000E+01 2.580734E-04
7.350000E+01 2.559212E-04
7.360000E+01 2.586243E-04
7.370000E+01 2.597492E-04
7.380000E+01 2.517741E-04
7.390000E+01 2.397530E-04
7.400000E+01 2.353824E-04
7.410000E+01 2.384049E-04
7.420000E+01 2.350494E-04
7.430000E+01 2.184334E-04
7.440000E+01 2.004934E-04
7.450000E+01 1.954950E-04
7.460000E+01 1.982589E-04
7.470000E+01 1.906221E-04
7.480000E+01 1.683867E-04
7.490000E+01 1.485544E-04
7.500000E+01 1.446828E-04
7.510000E+01 1.467166E-04
7.520000E+01 1.358530E-04
7.530000E+01 1.123511E-04
7.540000E+01 9.491234E-05
7.550000E+01 9.310923E-05
7.560000E+01 9.398401E-05
7.570000E+01 8.192718E-05
7.580000E+01 6.152840E-05
7.590000E+01 4.978025E-05
7.600000E+01 5.059427E-05
7.610000E+01 5.027111E-05
7.620000E+01 3.922531E-05
7.630000E+01 2.566462E-05
7.640000E+01 2.158948E-05
7.650000E+01 2.462505E-05
7.660000E+01 2.328309E-05
7.670000E+01 1.544203E-05
7.680000E+01 1.072328E-05
7.690000E+01 1.435063E-05
7.700000E+01 1.897009E-05
7.710000E+01 1.716820E-05
7.720000E+01 1.386407E-05
7.730000E+01 1.817460E-05
7.740000E+01 2.806969E-05
7.750000E+01 3.316999E-05
7.760000E+01 3.151486E-05
7.770000E+01 3.320994E-05
7.780000E+01 4.465686E-05
7.790000E+01 5.801989E-05
7.800000E+01 6.277229E-05
7.810000E+01 6.191854E-05
7.820000E+01 6.775035E-05
7.830000E+01 8.312584E-05
7.840000E+01 9.686731E-05
7.850000E+01 1.005161E-04
7.860000E+01 1.008133E-04
7.870000E+01 1.090999E-04
7.880000E+01 1.243716E-04
7.890000E+01 1.354579E-04
7.900000E+01 1.378296E-04
7.910000E+01 1.393635E-04
7.920000E+01 1.476670E-04
7.930000E+01 1.591466E-04
7.940000E+01 1.656106E-04
7.950000E+01 1.667470E-04
7.960000E+01 1.691593E-04
7.970000E+01 1.751617E-04
7.980000E+01 1.800475E-04
7.990000E+01 1.809500E-04
8.000000E+01 1.813326E-04
8.010000E+01 1.840299E-04
8.020000E+01 1.857516E-04
8.030000E+01 1.829306E-04
8.040000E+01 1.788292E-04
8.050000E+01 1.789087E-04
8.060000E+01 1.810966E-04
8.070000E+01 1.776766E-04
8.080000E+01 1.676710E-04
8.090000E+01 1.599817E-04
8.100000E+01 1.602883E-04
8.110000E+01 1.612978E-04
8.120000E+01 1.528862E-04
8.130000E+01 1.378693E-04
8.140000E+01 1.288308E-04
8.150000E+01 1.295888E-04
8.160000E+01 1.289640E-04
8.170000E+01 1.170064E-04
8.180000E+01 1.000483E-04
8.190000E+01 9.177762E-05
8.200000E+01 9.308671E-05
8.210000E+01 9.081766E-05
8.220000E+01 7.741195E-05
8.230000E+01 6.194758E-05
8.240000E+01 5.634635E-05
8.250000E+01 5.799174E-05
8.260000E+01 5.445078E-05
8.270000E+01 4.218346E-05
8.280000E+01 3.107768E-05
8.290000E+01 2.908242E-05
8.300000E+01 3.082342E-05
8.310000E+01 2.677039E-05
8.320000E+01 1.781906E-05
8.330000E+01 1.293185E-05
8.340000E+01 1.476155E-05
8.350000E+01 1.625911E-05
8.360000E+01 1.257818E-05
8.370000E+01 8.529288E-06
8.380000E+01 1.022460E-05
8.390000E+01 1.507209E-05
8.400000E+01 1.616775E-05
8.410000E+01 1.371595E-05
8.420000E+01 1.490349E-05
8.430000E+01 2.218633E-05
8.440000E+01 2.885133E-05
8.450000E+01 2.946779E-05
8.460000E+01 2.877621E-05
8.470000E+01 3.452433E-05
8.480000E+01 4.522704E-05
8.490000E+01 5.211051E-05
8.500000E+01 5.241146E-05
8.510000E+01 5.360531E-05
8.520000E+01 6.209079E-05
8.530000E+01 7.351637E-05
8.540000E+01 7.933727E-05
8.550000E+01 7.952731E-05
8.560000E+01 8.220532E-05
8.570000E+01 9.118087E-05
8.580000E+01 1.006347E-04
8.590000E+01 1.043763E-04
8.600000E+01 1.047545E-04
8.610000E+01 1.081406E-04
8.620000E+01 1.151476E-04
8.630000E+01 1.205935E-04
8.640000E+01 1.219862E-04
8.650000E+01 1.227166E-04
8.660000E+01 1.257729E-04
8.670000E+01 1.289878E-04
8.680000E+01 1.293872E-04
8.690000E+01 1.285965E-04
8.700000E+01 1.297709E-04
8.710000E+01 1.315209E-04
8.720000E+01 1.298600E-04
8.730000E+01 1.253727E-04
8.740000E+01 1.231632E-04
8.750000E+01 1.246448E-04
8.760000E+01 1.243483E-04
8.770000E+01 1.179790E-04
8.780000E+01 1.098088E-04
8.790000E+01 1.070333E-04
8.800000E+01 1.086124E-04
8.810000E+01 1.060330E-04
8.820000E+01 9.602643E-05
8.830000E+01 8.610218E-05
8.840000E+01 8.372939E-05
8.850000E+01 8.507023E-05
8.860000E+01 8.047595E-05
8.870000E+01 6.882457E-05
8.880000E+01 5.931762E-05
8.890000E+01 5.796341E-05
8.900000E+01 5.882317E-05
8.910000E+01 5.301471E-05
8.920000E+01 4.189438E-05
8.930000E+01 3.472478E-05
8.940000E+01 3.477157E-05
8.950000E+01 3.496343E-05
8.960000E+01 2.901446E-05
8.970000E+01 2.056455E-05
8.980000E+01 1.701227E-05
8.990000E+01 1.835006E-05
9.000000E+01 1.791931E-05
9.010000E+01 1.300746E-05
9.020000E+01 8.598717E-06
9.030000E+01 9.056011E-06
9.040000E+01 1.137608E-05
9.050000E+01 1.048401E-05
9.060000E+01 7.525576E-06
9.070000E+01 7.738004E-06
9.080000E+01 1.172506E-05
9.090000E+01 1.444562E-05
9.100000E+01 1.344115E-05
9.110000E+01 1.295422E-05
9.120000E+01 1.722807E-05
9.130000E+01 2.353678E-05
9.140000E+01 2.616148E-05
9.150000E+01 2.537362E-05
9.160000E+01 2.725597E-05
9.170000E+01 3.429727E-05
9.180000E+01 4.135847E-05
9.190000E+01 4.342291E-05
9.200000E+01 4.317570E-05
9.210000E+01 4.681318E-05
9.220000E+01 5.467300E-05
9.230000E+01 6.088592E-05
9.240000E+01 6.222513E-05
9.250000E+01 6.263455E-05
9.260000E+01 6.694298E-05
9.270000E+01 7.369734E-05
9.280000E+01 7.783216E-05
9.290000E+01 7.842496E-05
9.300000E+01 7.946539E-05
9.310000E+01 8.323877E-05
9.320000E+01 8.719172E-05
9.330000E+01 8.857126E-05
9.340000E+01 8.866163E-05
9.350000E+01 9.005964E-05
9.360000E+01 9.214895E-05
9.370000E+01 9.240328E-05
9.380000E+01 9.105314E-05
9.390000E+01 9.090288E-05
9.400000E+01 9.230895E-05
9.410000E+01 9.199594E-05
9.420000E+01 8.841331E-05
9.430000E+01 8.493077E-05
9.440000E+01 8.487384E-05
9.450000E+01 8.585453E-05
9.460000E+01 8.291429E-05
9.470000E+01 7.630144E-05
9.480000E+01 7.172372E-05
9.490000E+01 7.193297E-05
9.500000E+01 7.218852E-05
9.510000E+01 6.705375E-05
9.520000E+01 5.875741E-05
9.530000E+01 5.422963E-05
9.540000E+01 5.481403E-05
9.550000E+01 5.416867E-05
9.560000E+01 4.771878E-05
9.570000E+01 3.947690E-05
9.580000E+01 3.604392E-05
9.590000E+01 3.690651E-05
9.600000E+01 3.545783E-05
9.610000E+01 2.893230E-05
9.620000E+01 2.230992E-05
9.630000E+01 2.063832E-05
9.640000E+01 2.165265E-05
9.650000E+01 1.966543E-05
9.660000E+01 1.426340E-05
9.670000E+01 1.047450E-05
9.680000E+01 1.079931E-05
9.690000E+01 1.173937E-05
9.700000E+01 9.672061E-06
9.710000E+01 6.397413E-06
9.720000E+01 5.912448E-06
9.730000E+01 7.978384E-06
9.740000E+01 8.717090E-06
9.750000E+01 7.021645E-06
9.760000E+01 6.335802E-06
9.770000E+01 8.958308E-06
9.780000E+01 1.218372E-05
9.790000E+01 1.261373E-05
9.800000E+01 1.169967E-05
9.810000E+01 1.354338E-05
9.820000E+01 1.836360E-05
9.830000E+01 2.195909E-05
9.840000E+01 2.213902E-05
9.850000E+01 2.218524E-05
9.860000E+01 2.587551E-05
9.870000E+01 3.163259E-05
9.880000E+01 3.485100E-05
9.890000E+01 3.486477E-05
9.900000E+01 3.584036E-05
9.910000E+01 4.035591E-05
9.920000E+01 4.562258E-05
9.930000E+01 4.787713E-05
9.940000E+01 4.791459E-05
9.950000E+01 4.950668E-05
9.960000E+01 5.359986E-05
9.970000E+01 5.720953E-05
9.980000E+01 5.823074E-05
9.990000E+01 5.841037E-05
1.000000E+02 6.016299E-05
1.001000E+02 6.276778E-05
1.002000E+02 6.395425E-05
1.003000E+02 6.376965E-05
1.004000E+02 6.420894E-05
1.005000E+02 6.556970E-05
1.006000E+02 6.591503E-05
1.007000E+02 6.454357E-05
1.008000E+02 6.347200E-05
1.009000E+02 6.413844E-05
1.010000E+02 6.465617E-05
1.011000E+02 6.255492E-05
1.012000E+02 5.902205E-05
1.013000E+02 5.752304E-05
1.014000E+02 5.835177E-05
1.015000E+02 5.773643E-05
1.016000E+02 5.349307E-05
1.017000E+02 4.868089E-05
1.018000E+02 4.726475E-05
1.019000E+02 4.807019E-05
1.020000E+02 4.632305E-05
1.021000E+02 4.077366E-05
1.022000E+02 3.574726E-05
1.023000E+02 3.481336E-05
1.024000E+02 3.545280E-05
1.025000E+02 3.282621E-05
1.026000E+02 2.702061E-05
1.027000E+02 2.285023E-05
1.028000E+02 2.264114E-05
1.029000E+02 2.295367E-05
1.030000E+02 1.994034E-05
1.031000E+02 1.501838E-05
1.032000E+02 1.247925E-05
1.033000E+02 1.301238E-05
1.034000E+02 1.297399E-05
1.035000E+02 1.015272E-05
1.036000E+02 6.975029E-06
1.037000E+02 6.461456E-06
1.038000E+02 7.588605E-06
1.039000E+02 7.219545E-06
1.040000E+02 5.153051E-06
1.041000E+02 4.229703E-06
1.042000E+02 5.641145E-06
1.043000E+02 7.077999E-06
1.044000E+02 6.542445E-06
1.045000E+02 5.609515E-06
1.046000E+02 6.890625E-06
1.047000E+02 9.748699E-06
1.048000E+02 1.119514E-05
1.049000E+02 1.065533E-05
1.050000E+02 1.098457E-05
1.051000E+02 1.399578E-05
1.052000E+02 1.752898E-05
1.053000E+02 1.871642E-05
1.054000E+02 1.838665E-05
1.055000E+02 1.979827E-05
1.056000E+02 2.365955E-05
1.057000E+02 2.704737E-05
1.058000E+02 2.783135E-05
1.059000E+02 2.781808E-05
1.060000E+02 2.988231E-05
1.061000E+02 3.361630E-05
1.062000E+02 3.612704E-05
1.063000E+02 3.647575E-05
1.064000E+02 3.684146E-05
1.065000E+02 3.896161E-05
1.066000E+02 4.161855E-05
1.067000E+02 4.280796E-05
1.068000E+02 4.282200E-05
1.069000E+02 4.346887E-05
1.070000E+02 4.503303E-05
1.071000E+02 4.599049E-05
1.072000E+02 4.572935E-05
1.073000E+02 4.556456E-05
1.074000E+02 4.635159E-05
1.075000E+02 4.686781E-05
1.076000E+02 4.586568E-05
1.077000E+02 4.438075E-05
1.078000E+02 4.422650E-05
1.079000E+02 4.491414E-05
1.080000E+02 4.413207E-05
1.081000E+02 4.139787E-05
1.082000E+02 3.914595E-05
1.083000E+02 3.913727E-05
1.084000E+02 3.954232E-05
1.085000E+02 3.751044E-05
1.086000E+02 3.360497E-05
1.087000E+02 3.118819E-05
1.088000E+02 3.140554E-05
1.089000E+02 3.136427E-05
1.090000E+02 2.841863E-05
1.091000E+02 2.417387E-05
1.092000E+02 2.215203E-05
1.093000E+02 2.257503E-05
1.094000E+02 2.207679E-05
1.095000E+02 1.876669E-05
1.096000E+02 1.501469E-05
1.097000E+02 1.382204E-05
1.098000E+02 1.438039E-05
1.099000E+02 1.349088E-05
1.100000E+02 1.044600E-05
1.101000E+02 7.907056E-06
1.102000E+02 7.731184E-06
1.103000E+02 8.300777E-06
1.104000E+02 7.230812E-06
1.105000E+02 5.024155E-06
1.106000E+02 4.086201E-06
1.107000E+02 4.887887E-06
1.108000E+02 5.367797E-06
1.109000E+02 4.341267E-06
1.110000E+02 3.348411E-06
1.111000E+02 4.065679E-06
1.112000E+02 5.577077E-06
1.113000E+02 5.885956E-06
1.114000E+02 5.160021E-06
1.115000E+02 5.486882E-06
1.116000E+02 7.524094E-06
1.117000E+02 9.368478E-06
1.118000E+02 9.502761E-06
1.119000E+02 9.225250E-06
1.120000E+02 1.067359E-05
1.121000E+02 1.346278E-05
1.122000E+02 1.521887E-05
1.123000E+02 1.521354E-05
1.124000E+02 1.545454E-05
1.125000E+02 1.758548E-05
1.126000E+02 2.040665E-05
1.127000E+02 2.174180E-05
1.128000E+02 2.169222E-05
1.129000E+02 2.235227E-05
1.130000E+02 2.457365E-05
1.131000E+02 2.677806E-05
1.132000E+02 2.748240E-05
1.133000E+02 2.747424E-05
1.134000E+02 2.837306E-05
1.135000E+02 3.009254E-05
1.136000E+02 3.118685E-05
1.137000E+02 3.123717E-05
1.138000E+02 3.135575E-05
1.139000E+02 3.221025E-05
1.140000E+02 3.295219E-05
1.141000E+02 3.274847E-05
1.142000E+02 3.226083E-05
1.143000E+02 3.252555E-05
1.144000E+02 3.308195E-05
1.145000E+02 3.261011E-05
1.146000E+02 3.119608E-05
1.147000E+02 3.040983E-05
1.148000E+02 3.080683E-05
1.149000E+02 3.084554E-05
1.150000E+02 2.919338E-05
1.151000E+02 2.694269E-05
1.152000E+02 2.612086E-05
1.153000E+02 2.656817E-05
1.154000E+02 2.601768E-05
1.155000E+02 2.349281E-05
1.156000E+02 2.091501E-05
1.157000E+02 2.030567E-05
1.158000E+02 2.071820E-05
1.159000E+02 1.962221E-05
1.160000E+02 1.671241E-05
1.161000E+02 1.437667E-05
1.162000E+02 1.413023E-05
1.163000E+02 1.440603E-05
1.164000E+02 1.296760E-05
1.165000E+02 1.024473E-05
1.166000E+02 8.605060E-06
1.167000E+02 8.775802E-06
1.168000E+02 8.867755E-06
1.169000E+02 7.353578E-06
1.170000E+02 5.325371E-06
1.171000E+02 4.672850E-06
1.172000E+02 5.195314E-06
1.173000E+02 5.085775E-06
1.174000E+02 3.809023E-06
1.175000E+02 2.825205E-06
1.176000E+02 3.193691E-06
1.177000E+02 3.937481E-06
1.178000E+02 3.685491E-06
1.179000E+02 2.886296E-06
1.180000E+02 3.048430E-06
1.181000E+02 4.269265E-06
1.182000E+02 5.058792E-06
1.183000E+02 4.743294E-06
1.184000E+02 4.571332E-06
1.185000E+02 5.735662E-06
1.186000E+02 7.450374E-06
1.187000E+02 8.134920E-06
1.188000E+02 7.873623E-06
1.189000E+02 8.311571E-06
1.190000E+02 1.011316E-05
1.191000E+02 1.190854E-05
1.192000E+02 1.237764E-05
1.193000E+02 1.225276E-05
1.194000E+02 1.315561E-05
1.195000E+02 1.511401E-05
1.196000E+02 1.657890E-05
1.197000E+02 1.680247E-05
1.198000E+02 1.687727E-05
1.199000E+02 1.797080E-05
1.200000E+02 1.958537E-05
1.201000E+02 2.044003E-05
1.202000E+02 2.044784E-05
1.203000E+02 2.070721E-05
1.204000E+02 2.168495E-05
1.205000E+02 2.256208E-05
1.206000E+02 2.267070E-05
1.207000E+02 2.255137E-05
1.208000E+02 2.294437E-05
1.209000E+02 2.350902E-05
1.210000E+02 2.342981E-05
1.211000E+02 2.285473E-05
1.212000E+02 2.270909E-05
1.213000E+02 2.312198E-05
1.214000E+02 2.308486E-05
1.215000E+02 2.206064E-05
1.216000E+02 2.099338E-05
1.217000E+02 2.091838E-05
1.218000E+02 2.124417E-05
1.219000E+02 2.054254E-05
1.220000E+02 1.878745E-05
1.221000E+02 1.752946E-05
1.222000E+02 1.757953E-05
1.223000E+02 1.770875E-05
1.224000E+02 1.644680E-05
1.225000E+02 1.433498E-05
1.226000E+02 1.318403E-05
1.227000E+02 1.337230E-05
1.228000E+02 1.326161E-05
1.229000E+02 1.166186E-05
1.230000E+02 9.622950E-06
1.231000E+02 8.841060E-06
1.232000E+02 9.130893E-06
1.233000E+02 8.779481E-06
1.234000E+02 7.153941E-06
1.235000E+02 5.588752E-06
1.236000E+02 5.312693E-06
1.237000E+02 5.643373E-06
1.238000E+02 5.131576E-06
1.239000E+02 3.787241E-06
1.240000E+02 2.967225E-06
1.241000E+02 3.223678E-06
1.242000E+02 3.523415E-06
1.243000E+02 2.957668E-06
1.244000E+02 2.146355E-06
1.245000E+02 2.173637E-06
1.246000E+02 2.851837E-06
1.247000E+02 3.067481E-06
1.248000E+02 2.588058E-06
1.249000E+02 2.429177E-06
1.250000E+02 3.210324E-06
1.251000E+02 4.133875E-06
1.252000E+02 4.239733E-06
1.253000E+02 3.950418E-06
1.254000E+02 4.423703E-06
1.255000E+02 5.714514E-06
1.256000E+02 6.657225E-06
1.257000E+02 6.665499E-06
1.258000E+02 6.638682E-06
1.259000E+02 7.572785E-06
1.260000E+02 9.028220E-06
1.261000E+02 9.801972E-06
1.262000E+02 9.752488E-06
1.263000E+02 9.977174E-06
1.264000E+02 1.110809E-05
1.265000E+02 1.237738E-05
1.266000E+02 1.284093E-05
1.267000E+02 1.278987E-05
1.268000E+02 1.320366E-05
1.269000E+02 1.422014E-05
1.270000E+02 1.501177E-05
1.271000E+02 1.512719E-05
1.272000E+02 1.512664E-05
1.273000E+02 1.560019E-05
1.274000E+02 1.623108E-05
1.275000E+02 1.638602E-05
1.276000E+02 1.618663E-05
1.277000E+02 1.626947E-05
1.278000E+02 1.666721E-05
1.279000E+02 1.672711E-05
1.280000E+02 1.623242E-05
1.281000E+02 1.583444E-05
1.282000E+02 1.600414E-05
1.283000E+02 1.619029E-05
1.284000E+02 1.563430E-05
1.285000E+02 1.462888E-05
1.286000E+02 1.416678E-05
1.287000E+02 1.439627E-05
1.288000E+02 1.429655E-05
1.289000E+02 1.321334E-05
1.290000E+02 1.193386E-05
1.291000E+02 1.155274E-05
1.292000E+02 1.179426E-05
1.293000E+02 1.138965E-05
1.294000E+02 9.991756E-06
1.295000E+02 8.726297E-06
1.296000E+02 8.520282E-06
1.297000E+02 8.718127E-06
1.298000E+02 8.076422E-06
1.299000E+02 6.636232E-06
1.300000E+02 5.643728E-06
1.301000E+02 5.664643E-06
1.302000E+02 5.774697E-06
1.303000E+02 5.010979E-06
1.304000E+02 3.810377E-06
1.305000E+02 3.278328E-06
1.306000E+02 3.504381E-06
1.307000E+02 3.504463E-06
1.308000E+02 2.777401E-06
1.309000E+02 2.031969E-06
1.310000E+02 2.027037E-06
1.311000E+02 2.400984E-06
1.312000E+02 2.301450E-06
1.313000E+02 1.752229E-06
1.314000E+02 1.576583E-06
1.315000E+02 2.052179E-06
1.316000E+02 2.477404E-06
1.317000E+02 2.314484E-06
1.318000E+02 2.054219E-06
1.319000E+02 2.428238E-06
1.320000E+02 3.230462E-06
1.321000E+02 3.621934E-06
1.322000E+02 3.452149E-06
1.323000E+02 3.513165E-06
1.324000E+02 4.302054E-06
1.325000E+02 5.225908E-06
1.326000E+02 5.508986E-06
1.327000E+02 5.388217E-06
1.328000E+02 5.736040E-06
1.329000E+02 6.714195E-06
1.330000E+02 7.540037E-06
1.331000E+02 7.688100E-06
1.332000E+02 7.660713E-06
1.333000E+02 8.181927E-06
1.334000E+02 9.096969E-06
1.335000E+02 9.654134E-06
1.336000E+02 9.669581E-06
1.337000E+02 9.750147E-06
1.338000E+02 1.029836E-05
1.339000E+02 1.091884E-05
1.340000E+02 1.110600E-05
1.341000E+02 1.103422E-05
1.342000E+02 1.120837E-05
1.343000E+02 1.162033E-05
1.344000E+02 1.179584E-05
1.345000E+02 1.161098E-05
1.346000E+02 1.150476E-05
1.347000E+02 1.172685E-05
1.348000E+02 1.187935E-05
1.349000E+02 1.156150E-05
1.350000E+02 1.107980E-05
1.351000E+02 1.100121E-05
1.352000E+02 1.121223E-05
1.353000E+02 1.103376E-05
1.354000E+02 1.029093E-05
1.355000E+02 9.654306E-06
1.356000E+02 9.640279E-06
1.357000E+02 9.777903E-06
1.358000E+02 9.282644E-06
1.359000E+02 8.271199E-06
1.360000E+02 7.636513E-06
1.361000E+02 7.707268E-06
1.362000E+02 7.728993E-06
1.363000E+02 6.996869E-06
1.364000E+02 5.929981E-06
1.365000E+02 5.445725E-06
1.366000E+02 5.586304E-06
1.367000E+02 5.475568E-06
1.368000E+02 4.649632E-06
1.369000E+02 3.739748E-06
1.370000E+02 3.499757E-06
1.371000E+02 3.682448E-06
1.372000E+02 3.459900E-06
1.373000E+02 2.696991E-06
1.374000E+02 2.115720E-06
1.375000E+02 2.156618E-06
1.376000E+02 2.336868E-06
1.377000E+02 2.049859E-06
1.378000E+02 1.499534E-06
1.379000E+02 1.334951E-06
1.380000E+02 1.620128E-06
1.381000E+02 1.764187E-06
1.382000E+02 1.480853E-06
1.383000E+02 1.235695E-06
1.384000E+02 1.483476E-06
1.385000E+02 1.932114E-06
1.386000E+02 2.013769E-06
1.387000E+02 1.799554E-06
1.388000E+02 1.889018E-06
1.389000E+02 2.452553E-06
1.390000E+02 2.949483E-06
1.391000E+02 2.968945E-06
1.392000E+02 2.875201E-06
1.393000E+02 3.245145E-06
1.394000E+02 3.967689E-06
1.395000E+02 4.406513E-06
1.396000E+02 4.377256E-06
1.397000E+02 4.421613E-06
1.398000E+02 4.961945E-06
1.399000E+02 5.659878E-06
1.400000E+02 5.953665E-06
1.401000E+02 5.907972E-06
1.402000E+02 6.074731E-06
1.403000E+02 6.631873E-06
1.404000E+02 7.141852E-06
1.405000E+02 7.253820E-06
1.406000E+02 7.221778E-06
1.407000E+02 7.459608E-06
1.408000E+02 7.885953E-06
1.409000E+02 8.095613E-06
1.410000E+02 8.029541E-06
1.411000E+02 8.039502E-06
1.412000E+02 8.279508E-06
1.413000E+02 8.453949E-06
1.414000E+02 8.327578E-06
1.415000E+02 8.134562E-06
1.416000E+02 8.195359E-06
1.417000E+02 8.362860E-06
1.418000E+02 8.230790E-06
1.419000E+02 7.808578E-06
1.420000E+02 7.557348E-06
1.421000E+02 7.664890E-06
1.422000E+02 7.703807E-06
1.423000E+02 7.275447E-06
1.424000E+02 6.662599E-06
1.425000E+02 6.433032E-06
1.426000E+02 6.563557E-06
1.427000E+02 6.445542E-06
1.428000E+02 5.804366E-06
1.429000E+02 5.140323E-06
1.430000E+02 4.991402E-06
1.431000E+02 5.116840E-06
1.432000E+02 4.854278E-06
1.433000E+02 4.124175E-06
1.434000E+02 3.551665E-06
1.435000E+02 3.521202E-06
1.436000E+02 3.610169E-06
1.437000E+02 3.248540E-06
1.438000E+02 2.576493E-06
1.439000E+02 2.207345E-06
1.440000E+02 2.294299E-06
1.441000E+02 2.328652E-06
1.442000E+02 1.941041E-06
1.443000E+02 1.451772E-06
1.444000E+02 1.346130E-06
1.445000E+02 1.526421E-06
1.446000E+02 1.499805E-06
1.447000E+02 1.164133E-06
1.448000E+02 9.439493E-07
1.449000E+02 1.099152E-06
1.450000E+02 1.323806E-06
1.451000E+02 1.250140E-06
1.452000E+02 1.035317E-06
1.453000E+02 1.102856E-06
1.454000E+02 1.459994E-06
1.455000E+02 1.680616E-06
1.456000E+02 1.583974E-06
1.457000E+02 1.527813E-06
1.458000E+02 1.842815E-06
1.459000E+02 2.303282E-06
1.460000E+02 2.474023E-06
1.461000E+02 2.387724E-06
1.462000E+02 2.492585E-06
1.463000E+02 2.956489E-06
1.464000E+02 3.407780E-06
1.465000E+02 3.506287E-06
1.466000E+02 3.457793E-06
1.467000E+02 3.684618E-06
1.468000E+02 4.175020E-06
1.469000E+02 4.516687E-06
1.470000E+02 4.537427E-06
1.471000E+02 4.545863E-06
1.472000E+02 4.828406E-06
1.473000E+02 5.217543E-06
1.474000E+02 5.382869E-06
1.475000E+02 5.345561E-06
1.476000E+02 5.410962E-06
1.477000E+02 5.666574E-06
1.478000E+02 5.859928E-06
1.479000E+02 5.828189E-06
1.480000E+02 5.760616E-06
1.481000E+02 5.868636E-06
1.482000E+02 6.023095E-06
1.483000E+02 5.969832E-06
1.484000E+02 5.766628E-06
1.485000E+02 5.704852E-06
1.486000E+02 5.825728E-06
1.487000E+02 5.825949E-06
1.488000E+02 5.537569E-06
1.489000E+02 5.225447E-06
1.490000E+02 5.194742E-06
1.491000E+02 5.295902E-06
1.492000E+02 5.127643E-06
1.493000E+02 4.663714E-06
1.494000E+02 4.323864E-06
1.495000E+02 4.341196E-06
1.496000E+02 4.391813E-06
1.497000E+02 4.077940E-06
1.498000E+02 3.539066E-06
1.499000E+02 3.252069E-06
1.500000E+02 3.314539E-06
1.501000E+02 3.298243E-06
1.502000E+02 2.898246E-06
1.503000E+02 2.393270E-06
1.504000E+02 2.219730E-06
1.505000E+02 2.315179E-06
1.506000E+02 2.230763E-06
1.507000E+02 1.821593E-06
1.508000E+02 1.450900E-06
1.509000E+02 1.420756E-06
1.510000E+02 1.524826E-06
1.511000E+02 1.390808E-06
1.512000E+02 1.053781E-06
1.513000E+02 8.795805E-07
1.514000E+02 9.869026E-07
1.515000E+02 1.078364E-06
1.516000E+02 9.246849E-07
1.517000E+02 7.214905E-07
1.518000E+02 7.634587E-07
1.519000E+02 9.727878E-07
1.520000E+02 1.032390E-06
1.521000E+02 8.963005E-07
1.522000E+02 8.599124E-07
1.523000E+02 1.085882E-06
1.524000E+02 1.341717E-06
1.525000E+02 1.364385E-06
1.526000E+02 1.277344E-06
1.527000E+02 1.399691E-06
1.528000E+02 1.742605E-06
1.529000E+02 1.985841E-06
1.530000E+02 1.974433E-06
1.531000E+02 1.957014E-06
1.532000E+02 2.196400E-06
1.533000E+02 2.564545E-06
1.534000E+02 2.744732E-06
1.535000E+02 2.715032E-06
1.536000E+02 2.768238E-06
1.537000E+02 3.054477E-06
1.538000E+02 3.359741E-06
1.539000E+02 3.447659E-06
1.540000E+02 3.416633E-06
1.541000E+02 3.524266E-06
1.542000E+02 3.780285E-06
1.543000E+02 3.951458E-06
1.544000E+02 3.941839E-06
1.545000E+02 3.928591E-06
1.546000E+02 4.058262E-06
1.547000E+02 4.213028E-06
1.548000E+02 4.216574E-06
1.549000E+02 4.128626E-06
1.550000E+02 4.142627E-06
1.551000E+02 4.256532E-06
1.552000E+02 4.266220E-06
1.553000E+02 4.105777E-06
1.554000E+02 3.974049E-06
1.555000E+02 4.018491E-06
1.556000E+02 4.080423E-06
1.557000E+02 3.932990E-06
1.558000E+02 3.651534E-06
1.559000E+02 3.517923E-06
1.560000E+02 3.583270E-06
1.561000E+02 3.570300E-06
1.562000E+02 3.292427E-06
1.563000E+02 2.954884E-06
1.564000E+02 2.855803E-06
1.565000E+02 2.928504E-06
1.566000E+02 2.834740E-06
1.567000E+02 2.479930E-06
1.568000E+02 2.161986E-06
1.569000E+02 2.122164E-06
1.570000E+02 2.183361E-06
1.571000E+02 2.023845E-06
1.572000E+02 1.664295E-06
1.573000E+02 1.429989E-06
1.574000E+02 1.455858E-06
1.575000E+02 1.492337E-06
1.576000E+02 1.297545E-06
1.577000E+02 1.002437E-06
1.578000E+02 8.950654E-07
1.579000E+02 9.772759E-07
1.580000E+02 9.801336E-07
1.581000E+02 7.905125E-07
1.582000E+02 6.150971E-07
1.583000E+02 6.447924E-07
1.584000E+02 7.604151E-07
1.585000E+02 7.327149E-07
1.586000E+02 5.870067E-07
1.587000E+02 5.558648E-07
1.588000E+02 7.038344E-07
1.589000E+02 8.255768E-07
1.590000E+02 7.764540E-07
1.591000E+02 7.038168E-07
1.592000E+02 8.109494E-07
1.593000E+02 1.032079E-06
1.594000E+02 1.133629E-06
1.595000E+02 1.080523E-06
1.596000E+02 1.091839E-06
1.597000E+02 1.298534E-06
1.598000E+02 1.537156E-06
1.599000E+02 1.601577E-06
1.600000E+02 1.560527E-06
1.601000E+02 1.647035E-06
1.602000E+02 1.896252E-06
1.603000E+02 2.096025E-06
1.604000E+02 2.116978E-06
1.605000E+02 2.102702E-06
1.606000E+02 2.236784E-06
1.607000E+02 2.462289E-06
1.608000E+02 2.582164E-06
1.609000E+02 2.566151E-06
1.610000E+02 2.583378E-06
1.611000E+02 2.726330E-06
1.612000E+02 2.872286E-06
1.613000E+02 2.891383E-06
1.614000E+02 2.852677E-06
1.615000E+02 2.899172E-06
1.616000E+02 3.009457E-06
1.617000E+02 3.038323E-06
1.618000E+02 2.961926E-06
1.619000E+02 2.919801E-06
1.620000E+02 2.982580E-06
1.621000E+02 3.026722E-06
1.622000E+02 2.931147E-06
1.623000E+02 2.784493E-06
1.624000E+02 2.755697E-06
1.625000E+02 2.818744E-06
1.626000E+02 2.778540E-06
1.627000E+02 2.577624E-06
1.628000E+02 2.401101E-06
1.629000E+02 2.397495E-06
1.630000E+02 2.441986E-06
1.631000E+02 2.319513E-06
1.632000E+02 2.057357E-06
1.633000E+02 1.893440E-06
1.634000E+02 1.917460E-06
1.635000E+02 1.930926E-06
1.636000E+02 1.747428E-06
1.637000E+02 1.478138E-06
1.638000E+02 1.363846E-06
1.639000E+02 1.410633E-06
1.640000E+02 1.386537E-06
1.641000E+02 1.177800E-06
1.642000E+02 9.566347E-07
1.643000E+02 9.132453E-07
1.644000E+02 9.709221E-07
1.645000E+02 9.143807E-07
1.646000E+02 7.218017E-07
1.647000E+02 5.889488E-07
1.648000E+02 6.207182E-07
1.649000E+02 6.761981E-07
1.650000E+02 5.990523E-07
1.651000E+02 4.601658E-07
1.652000E+02 4.361178E-07
1.653000E+02 5.288544E-07
1.654000E+02 5.698665E-07
1.655000E+02 4.913017E-07
1.656000E+02 4.308108E-07
1.657000E+02 5.092503E-07
1.658000E+02 6.373358E-07
1.659000E+02 6.576490E-07
1.660000E+02 5.956380E-07
1.661000E+02 6.199077E-07
1.662000E+02 7.740606E-07
1.663000E+02 9.056562E-07
1.664000E+02 9.045723E-07
1.665000E+02 8.745876E-07
1.666000E+02 9.704095E-07
1.667000E+02 1.156843E-06
1.668000E+02 1.263643E-06
1.669000E+02 1.247556E-06
1.670000E+02 1.255115E-06
1.671000E+02 1.393036E-06
1.672000E+02 1.565599E-06
1.673000E+02 1.627363E-06
1.674000E+02 1.605616E-06
1.675000E+02 1.647987E-06
1.676000E+02 1.789539E-06
1.677000E+02 1.906686E-06
1.678000E+02 1.916707E-06
1.679000E+02 1.900459E-06
1.680000E+02 1.964095E-06
1.681000E+02 2.070694E-06
1.682000E+02 2.107568E-06
1.683000E+02 2.071290E-06
1.684000E+02 2.068382E-06
1.685000E+02 2.135381E-06
1.686000E+02 2.177463E-06
1.687000E+02 2.127436E-06
1.688000E+02 2.061341E-06
1.689000E+02 2.075956E-06
1.690000E+02 2.125589E-06
1.691000E+02 2.088921E-06
1.692000E+02 1.966845E-06
1.693000E+02 1.892005E-06
1.694000E+02 1.921807E-06
1.695000E+02 1.938681E-06
1.696000E+02 1.827670E-06
1.697000E+02 1.662351E-06
1.698000E+02 1.600222E-06
1.699000E+02 1.639054E-06
1.700000E+02 1.614271E-06
1.701000E+02 1.450083E-06
1.702000E+02 1.279630E-06
1.703000E+02 1.245610E-06
1.704000E+02 1.283606E-06
1.705000E+02 1.219802E-06
1.706000E+02 1.035569E-06
1.707000E+02 8.955523E-07
1.708000E+02 8.970851E-07
1.709000E+02 9.254026E-07
1.710000E+02 8.336144E-07
1.711000E+02 6.660442E-07
1.712000E+02 5.841974E-07
1.713000E+02 6.186714E-07
1.714000E+02 6.302728E-07
1.715000E+02 5.298194E-07
1.716000E+02 4.112302E-07
1.717000E+02 3.992290E-07
1.718000E+02 4.567968E-07
1.719000E+02 4.502418E-07
1.720000E+02 3.615615E-07
1.721000E+02 3.120691E-07
1.722000E+02 3.664583E-07
1.723000E+02 4.322385E-07
1.724000E+02 4.102883E-07
1.725000E+02 3.522532E-07
1.726000E+02 3.761706E-07
1.727000E+02 4.778934E-07
1.728000E+02 5.372149E-07
1.729000E+02 5.077854E-07
1.730000E+02 4.907701E-07
1.731000E+02 5.755082E-07
1.732000E+02 6.976749E-07
1.733000E+02 7.388201E-07
1.734000E+02 7.109384E-07
1.735000E+02 7.363935E-07
1.736000E+02 8.565860E-07
1.737000E+02 9.689642E-07
1.738000E+02 9.866548E-07
1.739000E+02 9.696343E-07
1.740000E+02 1.027633E-06
1.741000E+02 1.150700E-06
1.742000E+02 1.228952E-06
1.743000E+02 1.224124E-06
1.744000E+02 1.223204E-06
1.745000E+02 1.296840E-06
1.746000E+02 1.391338E-06
1.747000E+02 1.419974E-06
1.748000E+02 1.399599E-06
1.749000E+02 1.416194E-06
1.750000E+02 1.483783E-06
1.751000E+02 1.525795E-06
1.752000E+02 1.502968E-06
1.753000E+02 1.476822E-06
1.754000E+02 1.506422E-06
1.755000E+02 1.548599E-06
1.756000E+02 1.527534E-06
1.757000E+02 1.462338E-06
1.758000E+02 1.440823E-06
1.759000E+02 1.475938E-06
1.760000E+02 1.478552E-06
1.761000E+02 1.398237E-06
1.762000E+02 1.309625E-06
1.763000E+02 1.300329E-06
1.764000E+02 1.330844E-06
1.765000E+02 1.290005E-06
1.766000E+02 1.167919E-06
1.767000E+02 1.077687E-06
1.768000E+02 1.084261E-06
1.769000E+02 1.101859E-06
1.770000E+02 1.023215E-06
1.771000E+02 8.851920E-07
1.772000E+02 8.145472E-07
1.773000E+02 8.355692E-07
1.774000E+02 8.343433E-07
1.775000E+02 7.331952E-07
1.776000E+02 6.079412E-07
1.777000E+02 5.709441E-07
1.778000E+02 6.013141E-07
1.779000E+02 5.810137E-07
1.780000E+02 4.771837E-07
1.781000E+02 3.889462E-07
1.782000E+02 3.916000E-07
1.783000E+02 4.237811E-07
1.784000E+02 3.883365E-07
1.785000E+02 3.028502E-07
1.786000E+02 2.668889E-07
1.787000E+02 3.047955E-07
1.788000E+02 3.315578E-07
1.789000E+02 2.896890E-07
1.790000E+02 2.384956E-07
1.791000E+02 2.573582E-07
1.792000E+02 3.193002E-07
1.793000E+02 3.353063E-07
1.794000E+02 2.967015E-07
1.795000E+02 2.882518E-07
1.796000E+02 3.525877E-07
1.797000E+02 4.221876E-07
1.798000E+02 4.257153E-07
1.799000E+02 4.000443E-07
1.800000E+02 4.322058E-07
1.801000E+02 5.227689E-07
1.802000E+02 5.843289E-07
1.803000E+02 5.771663E-07
1.804000E+02 5.700069E-07
1.805000E+02 6.318334E-07
1.806000E+02 7.250978E-07
1.807000E+02 7.657351E-07
1.808000E+02 7.527193E-07
1.809000E+02 7.655334E-07
1.810000E+02 8.388901E-07
1.811000E+02 9.118923E-07
1.812000E+02 9.257267E-07
1.813000E+02 9.128798E-07
1.814000E+02 9.411196E-07
1.815000E+02 1.006067E-06
1.816000E+02 1.042259E-06
1.817000E+02 1.029680E-06
1.818000E+02 1.022633E-06
1.819000E+02 1.058302E-06
1.820000E+02 1.096802E-06
1.821000E+02 1.088700E-06
1.822000E+02 1.056999E-06
1.823000E+02 1.059180E-06
1.824000E+02 1.091463E-06
1.825000E+02 1.092477E-06
1.826000E+02 1.043483E-06
1.827000E+02 1.003056E-06
1.828000E+02 1.014980E-06
1.829000E+02 1.034404E-06
1.830000E+02 9.954090E-07
1.831000E+02 9.176423E-07
1.832000E+02 8.804797E-07
1.833000E+02 8.996059E-07
1.834000E+02 8.991165E-07
1.835000E+02 8.273079E-07
1.836000E+02 7.389992E-07
1.837000E+02 7.143949E-07
1.838000E+02 7.360887E-07
1.839000E+02 7.141789E-07
1.840000E+02 6.237675E-07
1.841000E+02 5.440505E-07
1.842000E+02 5.378660E-07
1.843000E+02 5.567205E-07
1.844000E+02 5.165516E-07
1.845000E+02 4.260444E-07
1.846000E+02 3.712512E-07
1.847000E+02 3.836749E-07
1.848000E+02 3.951297E-07
1.849000E+02 3.450203E-07
1.850000E+02 2.721367E-07
1.851000E+02 2.516339E-07
1.852000E+02 2.788838E-07
1.853000E+02 2.804677E-07
1.854000E+02 2.306210E-07
1.855000E+02 1.889589E-07
1.856000E+02 2.041791E-07
1.857000E+02 2.387063E-07
1.858000E+02 2.306996E-07
1.859000E+02 1.919047E-07
1.860000E+02 1.873146E-07
1.861000E+02 2.313139E-07
1.862000E+02 2.651506E-07
1.863000E+02 2.505003E-07
1.864000E+02 2.303065E-07
1.865000E+02 2.604298E-07
1.866000E+02 3.207283E-07
1.867000E+02 3.464547E-07
1.868000E+02 3.298697E-07
1.869000E+02 3.318746E-07
1.870000E+02 3.863731E-07
1.871000E+02 4.475215E-07
1.872000E+02 4.610918E-07
1.873000E+02 4.477856E-07
1.874000E+02 4.696264E-07
1.875000E+02 5.333542E-07
1.876000E+02 5.813195E-07
1.877000E+02 5.817491E-07
1.878000E+02 5.758871E-07
1.879000E+02 6.108747E-07
1.880000E+02 6.669738E-07
1.881000E+02 6.915887E-07
1.882000E+02 6.818438E-07
1.883000E+02 6.854769E-07
1.884000E+02 7.231679E-07
1.885000E+02 7.574777E-07
1.886000E+02 7.550979E-07
1.887000E+02 7.399723E-07
1.888000E+02 7.523409E-07
1.889000E+02 7.821058E-07
1.890000E+02 7.858086E-07
1.891000E+02 7.589854E-07
1.892000E+02 7.445636E-07
1.893000E+02 7.624491E-07
1.894000E+02 7.750656E-07
1.895000E+02 7.469432E-07
1.896000E+02 7.039711E-07
1.897000E+02 6.950141E-07
1.898000E+02 7.134708E-07
1.899000E+02 7.043371E-07
1.900000E+02 6.503038E-07
1.901000E+02 6.021915E-07
1.902000E+02 6.018525E-07
1.903000E+02 6.157519E-07
1.904000E+02 5.850396E-07
1.905000E+02 5.168745E-07
1.906000E+02 4.752065E-07
1.907000E+02 4.835503E-07
1.908000E+02 4.888016E-07
1.909000E+02 4.422861E-07
1.910000E+02 3.743018E-07
1.911000E+02 3.479018E-07
1.912000E+02 3.629740E-07
1.913000E+02 3.578294E-07
1.914000E+02 3.045683E-07
1.915000E+02 2.505918E-07
1.916000E+02 2.443336E-07
1.917000E+02 2.621217E-07
1.918000E+02 2.474463E-07
1.919000E+02 1.984359E-07
1.920000E+02 1.683488E-07
1.921000E+02 1.817774E-07
1.922000E+02 1.982209E-07
1.923000E+02 1.774782E-07
1.924000E+02 1.421880E-07
1.925000E+02 1.402249E-07
1.926000E+02 1.687427E-07
1.927000E+02 1.801265E-07
1.928000E+02 1.582434E-07
1.929000E+02 1.432324E-07
1.930000E+02 1.670161E-07
1.931000E+02 2.027152E-07
1.932000E+02 2.073374E-07
1.933000E+02 1.896625E-07
1.934000E+02 1.963020E-07
1.935000E+02 2.380206E-07
1.936000E+02 2.724199E-07
1.937000E+02 2.702587E-07
1.938000E+02 2.609275E-07
1.939000E+02 2.859406E-07
1.940000E+02 3.341420E-07
1.941000E+02 3.596295E-07
1.942000E+02 3.528534E-07
1.943000E+02 3.539594E-07
1.944000E+02 3.895201E-07
1.945000E+02 4.321363E-07
1.946000E+02 4.442442E-07
1.947000E+02 4.358646E-07
1.948000E+02 4.466491E-07
1.949000E+02 4.829969E-07
1.950000E+02 5.098614E-07
1.951000E+02 5.074578E-07
1.952000E+02 5.010133E-07
1.953000E+02 5.182831E-07
1.954000E+02 5.453189E-07
1.955000E+02 5.505782E-07
1.956000E+02 5.363796E-07
1.957000E+02 5.343350E-07
1.958000E+02 5.529986E-07
1.959000E+02 5.633294E-07
1.960000E+02 5.463100E-07
1.961000E+02 5.252979E-07
1.962000E+02 5.289327E-07
1.963000E+02 5.435609E-07
1.964000E+02 5.335047E-07
1.965000E+02 4.987530E-07
1.966000E+02 4.773157E-07
1.967000E+02 4.858961E-07
1.968000E+02 4.918506E-07
1.969000E+02 4.628770E-07
1.970000E+02 4.186433E-07
1.971000E+02 4.023440E-07
1.972000E+02 4.139036E-07
1.973000E+02 4.088124E-07
1.974000E+02 3.664643E-07
1.975000E+02 3.227424E-07
1.976000E+02 3.155854E-07
1.977000E+02 3.270752E-07
1.978000E+02 3.111938E-07
1.979000E+02 2.643001E-07
1.980000E+02 2.302905E-07
1.981000E+02 2.333832E-07
1.982000E+02 2.420324E-07
1.983000E+02 2.184535E-07
1.984000E+02 1.763924E-07
1.985000E+02 1.585827E-07
1.986000E+02 1.706731E-07
1.987000E+02 1.743347E-07
1.988000E+02 1.479454E-07
1.989000E+02 1.190205E-07
1.990000E+02 1.197625E-07
1.991000E+02 1.372810E-07
1.992000E+02 1.354377E-07
1.993000E+02 1.119565E-07
1.994000E+02 1.009473E-07
1.995000E+02 1.183227E-07
1.996000E+02 1.370081E-07
1.997000E+02 1.304755E-07
1.998000E+02 1.147557E-07
1.999000E+02 1.224916E-07
2.000000E+02 1.509692E-07
2.001000E+02 1.664932E-07
2.002000E+02 1.575315E-07
2.003000E+02 1.526428E-07
2.004000E+02 1.754379E-07
2.005000E+02 2.074776E-07
2.006000E+02 2.170120E-07
2.007000E+02 2.083220E-07
2.008000E+02 2.145461E-07
2.009000E+02 2.457302E-07
2.010000E+02 2.735857E-07
2.011000E+02 2.758838E-07
2.012000E+02 2.701915E-07
2.013000E+02 2.852344E-07
2.014000E+02 3.162957E-07
2.015000E+02 3.338452E-07
2.016000E+02 3.298492E-07
2.017000E+02 3.288353E-07
2.018000E+02 3.481362E-07
2.019000E+02 3.712023E-07
2.020000E+02 3.751578E-07
2.021000E+02 3.670908E-07
2.022000E+02 3.712527E-07
2.023000E+02 3.893491E-07
2.024000E+02 3.984683E-07
2.025000E+02 3.889475E-07
2.026000E+02 3.800635E-07
2.027000E+02 3.882826E-07
2.028000E+02 3.998628E-07
2.029000E+02 3.927361E-07
2.030000E+02 3.729377E-07
2.031000E+02 3.661381E-07
2.032000E+02 3.762654E-07
2.033000E+02 3.777124E-07
2.034000E+02 3.556269E-07
2.035000E+02 3.308763E-07
2.036000E+02 3.284161E-07
2.037000E+02 3.375964E-07
2.038000E+02 3.275980E-07
2.039000E+02 2.954300E-07
2.040000E+02 2.717835E-07
2.041000E+02 2.743176E-07
2.042000E+02 2.800124E-07
2.043000E+02 2.601370E-07
2.044000E+02 2.246862E-07
2.045000E+02 2.074687E-07
2.046000E+02 2.144220E-07
2.047000E+02 2.148711E-07
2.048000E+02 1.889334E-07
2.049000E+02 1.576874E-07
2.050000E+02 1.503160E-07
2.051000E+02 1.597563E-07
2.052000E+02 1.546923E-07
2.053000E+02 1.280660E-07
2.054000E+02 1.070575E-07
2.055000E+02 1.103881E-07
2.056000E+02 1.200511E-07
2.057000E+02 1.105531E-07
2.058000E+02 8.861062E-08
2.059000E+02 8.147270E-08
2.060000E+02 9.382692E-08
2.061000E+02 1.013774E-07
2.062000E+02 8.979247E-08
2.063000E+02 7.685777E-08
2.064000E+02 8.373145E-08
2.065000E+02 1.014840E-07
2.066000E+02 1.055368E-07
2.067000E+02 9.465694E-08
2.068000E+02 9.273724E-08
2.069000E+02 1.107803E-07
2.070000E+02 1.294260E-07
2.071000E+02 1.294845E-07
2.072000E+02 1.219853E-07
2.073000E+02 1.305860E-07
2.074000E+02 1.544535E-07
2.075000E+02 1.697058E-07
2.076000E+02 1.665788E-07
2.077000E+02 1.641510E-07
2.078000E+02 1.802170E-07
2.079000E+02 2.037589E-07
2.080000E+02 2.125888E-07
2.081000E+02 2.077345E-07
2.082000E+02 2.108148E-07
