# # freq, loss, reflectance, transmittance (in meep units)
4.000000E-01 -4.461319E-03 9.944872E-01 9.974148E-03
4.010008E-01 -1.965416E-04 9.900366E-01 1.015996E-02
4.020017E-01 4.089406E-03 9.853175E-01 1.059311E-02
4.030025E-01 2.458114E-03 9.868440E-01 1.069788E-02
4.040033E-01 -2.663941E-03 9.922927E-01 1.037127E-02
4.050042E-01 -4.072271E-03 9.939564E-01 1.011582E-02
4.060050E-01 9.549315E-05 9.895777E-01 1.032679E-02
4.070058E-01 3.916862E-03 9.853387E-01 1.074446E-02
4.080067E-01 2.105639E-03 9.870644E-01 1.082997E-02
4.090075E-01 -2.671107E-03 9.921496E-01 1.052146E-02
4.100083E-01 -3.702149E-03 9.933921E-01 1.031008E-02
4.110092E-01 3.505651E-04 9.891049E-01 1.054455E-02
4.120100E-01 3.736236E-03 9.853151E-01 1.094865E-02
4.130108E-01 1.779954E-03 9.872012E-01 1.101885E-02
4.140117E-01 -2.658848E-03 9.919286E-01 1.073022E-02
4.150125E-01 -3.350833E-03 9.927893E-01 1.056158E-02
4.160133E-01 5.714486E-04 9.886100E-01 1.081854E-02
4.170142E-01 3.549572E-03 9.852391E-01 1.121133E-02
4.180150E-01 1.479814E-03 9.872500E-01 1.127014E-02
4.190158E-01 -2.629861E-03 9.916266E-01 1.100326E-02
4.200167E-01 -3.018823E-03 9.921423E-01 1.087653E-02
4.210175E-01 7.602952E-04 9.880841E-01 1.115565E-02
4.220183E-01 3.358446E-03 9.851018E-01 1.153975E-02
4.230192E-01 1.203921E-03 9.872049E-01 1.159116E-02
4.240200E-01 -2.586493E-03 9.912384E-01 1.134810E-02
4.250209E-01 -2.706149E-03 9.914431E-01 1.126301E-02
4.260217E-01 9.196204E-04 9.875157E-01 1.156467E-02
4.270225E-01 3.164777E-03 9.848921E-01 1.194317E-02
4.280234E-01 9.514904E-04 9.870572E-01 1.199136E-02
4.290242E-01 -2.530449E-03 9.907560E-01 1.177447E-02
4.300250E-01 -2.412367E-03 9.906809E-01 1.173147E-02
4.310259E-01 1.052061E-03 9.868911E-01 1.205686E-02
4.320267E-01 2.970384E-03 9.845962E-01 1.243339E-02
4.330275E-01 7.216500E-04 9.867955E-01 1.248287E-02
4.340284E-01 -2.463504E-03 9.901685E-01 1.229501E-02
4.350292E-01 -2.137294E-03 9.898419E-01 1.229535E-02
4.360300E-01 1.159702E-03 9.861937E-01 1.264659E-02
4.370309E-01 2.776436E-03 9.841980E-01 1.302553E-02
4.380317E-01 5.130483E-04 9.864056E-01 1.308135E-02
4.390325E-01 -2.387714E-03 9.894617E-01 1.292605E-02
4.400334E-01 -1.881019E-03 9.889090E-01 1.297203E-02
4.410342E-01 1.244281E-03 9.854033E-01 1.335242E-02
4.420350E-01 2.583852E-03 9.836771E-01 1.373908E-02
4.430359E-01 3.243996E-04 9.858685E-01 1.380708E-02
4.440367E-01 -2.304788E-03 9.886159E-01 1.368887E-02
4.450375E-01 -1.643237E-03 9.878591E-01 1.378410E-02
4.460384E-01 1.307842E-03 9.844938E-01 1.419837E-02
4.470392E-01 2.393893E-03 9.830067E-01 1.459938E-02
4.480400E-01 1.549343E-04 9.851585E-01 1.468656E-02
4.490409E-01 -2.215830E-03 9.876045E-01 1.461134E-02
4.500417E-01 -1.423202E-03 9.866620E-01 1.476119E-02
4.510425E-01 1.352592E-03 9.834314E-01 1.521600E-02
4.520434E-01 2.207832E-03 9.821524E-01 1.563974E-02
4.530442E-01 3.916187E-06 9.842413E-01 1.575483E-02
4.540450E-01 -2.121936E-03 9.863915E-01 1.573044E-02
4.550459E-01 -1.220377E-03 9.852777E-01 1.594266E-02
4.560467E-01 1.380270E-03 9.821725E-01 1.644722E-02
4.570475E-01 2.026420E-03 9.810690E-01 1.690458E-02
4.580484E-01 -1.297680E-04 9.830710E-01 1.705878E-02
4.590492E-01 -2.024460E-03 9.849286E-01 1.709590E-02
4.600500E-01 -1.034518E-03 9.836530E-01 1.738153E-02
4.610509E-01 1.392275E-03 9.806591E-01 1.794864E-02
4.620517E-01 1.850209E-03 9.796957E-01 1.845412E-02
4.630525E-01 -2.471285E-04 9.815848E-01 1.866229E-02
4.640534E-01 -1.924434E-03 9.831488E-01 1.877566E-02
4.650542E-01 -8.650400E-04 9.817146E-01 1.915045E-02
4.660550E-01 1.390316E-03 9.788116E-01 1.979806E-02
4.670559E-01 1.680177E-03 9.779484E-01 2.037142E-02
4.680567E-01 -3.485356E-04 9.796946E-01 2.065393E-02
4.690575E-01 -1.822167E-03 9.809578E-01 2.086438E-02
4.700584E-01 -7.107811E-04 9.793597E-01 2.135103E-02
4.710592E-01 1.376494E-03 9.765188E-01 2.210470E-02
4.720601E-01 1.517680E-03 9.757086E-01 2.277368E-02
4.730609E-01 -4.338975E-04 9.772746E-01 2.315926E-02
4.740617E-01 -1.717564E-03 9.782206E-01 2.349694E-02
4.750626E-01 -5.704321E-04 9.764417E-01 2.412870E-02
4.760634E-01 1.352815E-03 9.736216E-01 2.502563E-02
4.770642E-01 1.363954E-03 9.728057E-01 2.583034E-02
4.780651E-01 -5.031497E-04 9.741422E-01 2.636099E-02
4.790659E-01 -1.610615E-03 9.747399E-01 2.687072E-02
4.800667E-01 -4.430269E-04 9.727456E-01 2.769746E-02
4.810676E-01 1.320749E-03 9.698860E-01 2.879330E-02
4.820684E-01 1.219772E-03 9.689864E-01 2.979382E-02
4.830692E-01 -5.564997E-04 9.700234E-01 3.053312E-02
4.840701E-01 -1.501584E-03 9.702178E-01 3.128376E-02
4.850709E-01 -3.281017E-04 9.679455E-01 3.238260E-02
4.860717E-01 1.281132E-03 9.649554E-01 3.376352E-02
4.870726E-01 1.085475E-03 9.638612E-01 3.505335E-02
4.880734E-01 -5.942628E-04 9.644928E-01 3.610147E-02
4.890742E-01 -1.390808E-03 9.641879E-01 3.720289E-02
4.900751E-01 -2.255306E-04 9.615279E-01 3.869762E-02
4.910759E-01 1.234332E-03 9.582631E-01 4.050254E-02
4.920767E-01 9.612473E-04 9.568050E-01 4.223380E-02
4.930776E-01 -6.164739E-04 9.568605E-01 4.375600E-02
4.940784E-01 -1.278324E-03 9.558867E-01 4.539161E-02
4.950792E-01 -1.353164E-04 9.526449E-01 4.749041E-02
4.960801E-01 1.180359E-03 9.488650E-01 4.995461E-02
4.970809E-01 8.473381E-04 9.467646E-01 5.238811E-02
4.980817E-01 -6.224562E-04 9.459503E-01 5.467215E-02
4.990826E-01 -1.163451E-03 9.439981E-01 5.716539E-02
5.000834E-01 -5.743790E-05 9.398188E-01 6.023861E-02
5.010842E-01 1.118817E-03 9.350961E-01 6.378506E-02
5.020851E-01 7.442400E-04 9.318588E-01 6.739694E-02
5.030859E-01 -6.101817E-04 9.296328E-01 7.097740E-02
5.040867E-01 -1.044030E-03 9.261061E-01 7.493790E-02
5.050876E-01 8.419814E-06 9.202999E-01 7.969172E-02
5.060884E-01 1.048711E-03 9.138132E-01 8.513807E-02
5.070892E-01 6.528524E-04 9.084812E-01 9.086591E-02
5.080901E-01 -5.750886E-04 9.037584E-01 9.681666E-02
5.090909E-01 -9.148030E-04 8.974248E-01 1.034900E-01
5.100917E-01 6.358211E-05 8.885477E-01 1.113887E-01
5.110926E-01 9.679459E-04 8.785725E-01 1.204596E-01
5.120934E-01 5.744441E-04 8.691022E-01 1.303234E-01
5.130942E-01 -5.077180E-04 8.594978E-01 1.410099E-01
5.140951E-01 -7.633180E-04 8.475704E-01 1.531929E-01
5.150959E-01 1.129003E-04 8.323070E-01 1.675801E-01
5.160967E-01 8.723888E-04 8.148413E-01 1.842863E-01
5.170976E-01 5.095867E-04 7.964076E-01 2.030828E-01
5.180984E-01 -3.888868E-04 7.761540E-01 2.242348E-01
5.190992E-01 -5.582870E-04 7.517558E-01 2.488025E-01
5.201001E-01 1.751050E-04 7.218519E-01 2.779730E-01
5.211009E-01 7.557145E-04 6.869278E-01 3.123165E-01
5.221018E-01 4.510485E-04 6.475461E-01 3.520029E-01
5.231026E-01 -1.850694E-04 6.024709E-01 3.977141E-01
5.241034E-01 -2.185790E-04 5.492509E-01 4.509677E-01
5.251043E-01 3.262141E-04 4.864429E-01 5.132309E-01
5.261051E-01 6.243713E-04 4.146789E-01 5.846968E-01
5.271059E-01 3.429168E-04 3.357798E-01 6.638773E-01
5.281068E-01 8.539594E-05 2.520632E-01 7.478514E-01
5.291076E-01 3.741796E-04 1.676526E-01 8.319732E-01
5.301084E-01 7.859210E-04 9.042890E-02 9.087852E-01
5.311093E-01 6.041825E-04 3.160904E-02 9.677868E-01
5.321101E-01 1.199570E-05 2.082938E-03 9.979051E-01
5.331109E-01 -5.500062E-05 7.935654E-03 9.921193E-01
5.341118E-01 6.910669E-04 4.821895E-02 9.510900E-01
5.351126E-01 1.295777E-03 1.158187E-01 8.828855E-01
5.361134E-01 8.065657E-04 2.001533E-01 7.990401E-01
5.371143E-01 -3.018659E-04 2.902620E-01 7.100399E-01
5.381151E-01 -6.242621E-04 3.775028E-01 6.231215E-01
5.391159E-01 2.829581E-04 4.571070E-01 5.426101E-01
5.401168E-01 1.210039E-03 5.278142E-01 4.709757E-01
5.411176E-01 8.682787E-04 5.899260E-01 4.092057E-01
5.421184E-01 -3.474393E-04 6.435710E-01 3.567765E-01
5.431193E-01 -8.495398E-04 6.886907E-01 3.121588E-01
5.441201E-01 3.928838E-06 7.261351E-01 2.738609E-01
5.451209E-01 1.029023E-03 7.578949E-01 2.410761E-01
5.461218E-01 8.198650E-04 7.857943E-01 2.133858E-01
5.471226E-01 -3.413269E-04 8.102398E-01 1.901015E-01
5.481234E-01 -8.817814E-04 8.307165E-01 1.701652E-01
5.491243E-01 -9.387944E-05 8.474058E-01 1.526881E-01
5.501251E-01 9.116921E-04 8.617299E-01 1.373584E-01
5.511259E-01 7.496085E-04 8.750622E-01 1.241882E-01
5.521268E-01 -3.425177E-04 8.873716E-01 1.129709E-01
5.531276E-01 -8.587931E-04 8.976949E-01 1.031639E-01
5.541284E-01 -1.122876E-04 9.058197E-01 9.429263E-02
5.551293E-01 8.386878E-04 9.128755E-01 8.628582E-02
5.561301E-01 6.785976E-04 9.200232E-01 7.929820E-02
5.571309E-01 -3.520709E-04 9.270599E-01 7.329212E-02
5.581318E-01 -8.199581E-04 9.328777E-01 6.794226E-02
5.591326E-01 -9.741867E-05 9.371424E-01 6.295498E-02
5.601334E-01 7.894526E-04 9.408711E-01 5.833948E-02
5.611343E-01 6.106782E-04 9.451172E-01 5.427215E-02
5.621351E-01 -3.659658E-04 9.496010E-01 5.076497E-02
5.631359E-01 -7.764023E-04 9.531843E-01 4.759211E-02
5.641368E-01 -6.820670E-05 9.555186E-01 4.454962E-02
5.651376E-01 7.527296E-04 9.575733E-01 4.167394E-02
5.661384E-01 5.462785E-04 9.603244E-01 3.912936E-02
5.671393E-01 -3.813093E-04 9.634423E-01 3.693899E-02
5.681401E-01 -7.315931E-04 9.658014E-01 3.493021E-02
5.691410E-01 -3.305892E-05 9.670819E-01 3.295120E-02
5.701418E-01 7.225904E-04 9.682299E-01 3.104755E-02
5.711426E-01 4.852162E-04 9.701507E-01 2.936412E-02
5.721435E-01 -3.963575E-04 9.724735E-01 2.792283E-02
5.731443E-01 -6.867108E-04 9.741030E-01 2.658375E-02
5.741451E-01 3.959358E-06 9.747669E-01 2.522918E-02
5.751460E-01 6.958309E-04 9.753969E-01 2.390726E-02
5.761468E-01 4.272647E-04 9.768291E-01 2.274364E-02
5.771476E-01 -4.100962E-04 9.786547E-01 2.175541E-02
5.781485E-01 -6.421965E-04 9.798173E-01 2.082490E-02
5.791493E-01 4.074277E-05 9.801006E-01 1.985869E-02
5.801501E-01 6.706689E-04 9.804245E-01 1.890486E-02
5.811510E-01 3.722489E-04 9.815558E-01 1.807198E-02
5.821518E-01 -4.219520E-04 9.830503E-01 1.737163E-02
5.831526E-01 -5.982429E-04 9.838957E-01 1.670255E-02
5.841535E-01 7.614825E-05 9.839343E-01 1.598954E-02
5.851543E-01 6.460994E-04 9.840744E-01 1.527949E-02
5.861551E-01 3.200465E-04 9.850137E-01 1.466630E-02
5.871560E-01 -4.316180E-04 9.862752E-01 1.415642E-02
5.881568E-01 -5.549579E-04 9.868937E-01 1.366130E-02
5.891576E-01 1.095434E-04 9.867705E-01 1.311995E-02
5.901585E-01 6.215631E-04 9.868008E-01 1.257760E-02
5.911593E-01 2.705758E-04 9.876138E-01 1.211562E-02
5.921601E-01 -4.389500E-04 9.887029E-01 1.173602E-02
5.931610E-01 -5.124195E-04 9.891519E-01 1.136053E-02
5.941618E-01 1.405842E-04 9.889199E-01 1.093947E-02
5.951626E-01 5.967649E-04 9.888870E-01 1.051623E-02
5.961635E-01 2.237800E-04 9.896147E-01 1.016149E-02
5.971643E-01 -4.439086E-04 9.905704E-01 9.873523E-03
5.981651E-01 -4.706989E-04 9.908881E-01 9.582597E-03
5.991660E-01 1.690941E-04 9.905827E-01 9.248245E-03
6.001668E-01 5.715675E-04 9.905165E-01 8.911941E-03
6.011676E-01 1.796132E-04 9.911852E-01 8.635194E-03
6.021685E-01 -4.465249E-04 9.920333E-01 8.413218E-03
6.031693E-01 -4.298677E-04 9.922463E-01 8.183521E-03
6.041701E-01 1.949977E-04 9.918918E-01 7.913224E-03
6.051710E-01 5.459284E-04 9.918122E-01 7.641874E-03
6.061718E-01 1.380323E-04 9.924389E-01 7.423092E-03
6.071726E-01 -4.468771E-04 9.931973E-01 7.249602E-03
6.081735E-01 -3.899988E-04 9.933248E-01 7.065163E-03
6.091743E-01 2.182834E-04 9.929385E-01 6.843212E-03
6.101751E-01 5.198641E-04 9.928587E-01 6.621391E-03
6.111760E-01 9.899439E-05 9.934545E-01 6.446499E-03
6.121768E-01 -4.450733E-04 9.941358E-01 6.309255E-03
6.131776E-01 -3.511627E-04 9.941923E-01 6.158886E-03
6.141785E-01 2.389828E-04 9.937869E-01 5.974123E-03
6.151793E-01 4.934287E-04 9.937158E-01 5.790750E-03
6.161802E-01 6.245523E-05 9.942879E-01 5.649629E-03
6.171810E-01 -4.412397E-04 9.949013E-01 5.539893E-03
6.181818E-01 -3.134266E-04 9.948978E-01 5.415588E-03
6.191827E-01 2.571553E-04 9.944829E-01 5.259921E-03
6.201835E-01 4.666971E-04 9.944264E-01 5.106867E-03
6.211843E-01 2.836604E-05 9.949795E-01 4.992099E-03
6.221852E-01 -4.355159E-04 9.955320E-01 4.903513E-03
6.231860E-01 -2.768547E-04 9.954774E-01 4.799442E-03
6.241868E-01 2.728775E-04 9.950602E-01 4.666888E-03
6.251877E-01 4.397539E-04 9.950222E-01 4.538078E-03
6.261885E-01 -3.328463E-06 9.955592E-01 4.444131E-03
6.271893E-01 -4.280501E-04 9.960561E-01 4.371995E-03
6.281902E-01 -2.415083E-04 9.959577E-01 4.283841E-03
6.291910E-01 2.862361E-04 9.955439E-01 4.169901E-03
6.301918E-01 4.126870E-04 9.955266E-01 4.060720E-03
6.311927E-01 -3.268967E-05 9.960493E-01 3.983405E-03
6.321935E-01 -4.189946E-04 9.964948E-01 3.924193E-03
6.331943E-01 -2.074432E-04 9.963587E-01 3.848712E-03
6.341952E-01 2.973259E-04 9.959527E-01 3.749954E-03
6.351960E-01 3.855854E-04 9.959576E-01 3.656843E-03
6.361968E-01 -5.978282E-05 9.964668E-01 3.592940E-03
6.371977E-01 -4.085010E-04 9.968645E-01 3.543975E-03
6.381985E-01 -1.747073E-04 9.966960E-01 3.478697E-03
6.391993E-01 3.062484E-04 9.963013E-01 3.392464E-03
6.402002E-01 3.585379E-04 9.963288E-01 3.312642E-03
6.412010E-01 -8.467535E-05 9.968250E-01 3.259649E-03
6.422018E-01 -3.967170E-04 9.971778E-01 3.218873E-03
6.432027E-01 -1.433401E-04 9.969814E-01 3.161898E-03
6.442035E-01 3.131101E-04 9.966008E-01 3.086105E-03
6.452043E-01 3.316314E-04 9.966510E-01 3.017374E-03
6.462052E-01 -1.074364E-04 9.971341E-01 2.973324E-03
6.472060E-01 -3.837852E-04 9.974446E-01 2.939140E-03
6.482068E-01 -1.133724E-04 9.972244E-01 2.888986E-03
6.492077E-01 3.180206E-04 9.968600E-01 2.821983E-03
6.502085E-01 3.049495E-04 9.969325E-01 2.762583E-03
6.512093E-01 -1.281369E-04 9.974022E-01 2.725912E-03
6.522102E-01 -3.698425E-04 9.976728E-01 2.697069E-03
6.532110E-01 -8.482714E-05 9.974323E-01 2.652573E-03
6.542118E-01 3.210912E-04 9.970859E-01 2.593036E-03
6.552127E-01 2.785712E-04 9.971799E-01 2.541545E-03
6.562135E-01 -1.468486E-04 9.976358E-01 2.511003E-03
6.572143E-01 -3.550188E-04 9.978685E-01 2.486514E-03
6.582152E-01 -5.771883E-05 9.976110E-01 2.446750E-03
6.592160E-01 3.224343E-04 9.972840E-01 2.393607E-03
6.602168E-01 2.525720E-04 9.973986E-01 2.348869E-03
6.612177E-01 -1.636434E-04 9.978402E-01 2.323444E-03
6.622185E-01 -3.394360E-04 9.980369E-01 2.302522E-03
6.632193E-01 -3.205345E-05 9.977653E-01 2.266753E-03
6.642202E-01 3.221634E-04 9.974587E-01 2.219129E-03
6.652210E-01 2.270231E-04 9.975928E-01 2.180190E-03
6.662219E-01 -1.785920E-04 9.980195E-01 2.159059E-03
6.672227E-01 -3.232074E-04 9.981821E-01 2.141075E-03
6.682235E-01 -7.828633E-06 9.978991E-01 2.108705E-03
6.692244E-01 3.203927E-04 9.976137E-01 2.065879E-03
6.702252E-01 2.019918E-04 9.977661E-01 2.031950E-03
6.712260E-01 -1.917645E-04 9.981773E-01 2.014440E-03
6.722269E-01 -3.064381E-04 9.983075E-01 1.998888E-03
6.732277E-01 1.496530E-05 9.980156E-01 1.969432E-03
6.742285E-01 3.172354E-04 9.977520E-01 1.930806E-03
6.752294E-01 1.775407E-04 9.979212E-01 1.901230E-03
6.762302E-01 -2.032301E-04 9.983164E-01 1.886785E-03
6.772310E-01 -2.892257E-04 9.984160E-01 1.873255E-03
6.782319E-01 3.634399E-05 9.981173E-01 1.846317E-03
6.792327E-01 3.128024E-04 9.978758E-01 1.811390E-03
6.802335E-01 1.537262E-04 9.980607E-01 1.785614E-03
6.812344E-01 -2.130585E-04 9.984393E-01 1.773775E-03
6.822352E-01 -2.716614E-04 9.985097E-01 1.761933E-03
6.832360E-01 5.632754E-05 9.982065E-01 1.737189E-03
6.842369E-01 3.072016E-04 9.979873E-01 1.705539E-03
6.852377E-01 1.305986E-04 9.981863E-01 1.683097E-03
6.862385E-01 -2.213200E-04 9.985478E-01 1.673481E-03
6.872394E-01 -2.538309E-04 9.985908E-01 1.663056E-03
6.882402E-01 7.493925E-05 9.982848E-01 1.640235E-03
6.892410E-01 3.005357E-04 9.980880E-01 1.611506E-03
6.902419E-01 1.082007E-04 9.982998E-01 1.592004E-03
6.912427E-01 -2.280866E-04 9.986438E-01 1.584291E-03
6.922435E-01 -2.358158E-04 9.986608E-01 1.575059E-03
6.932444E-01 9.220424E-05 9.983539E-01 1.553938E-03
6.942452E-01 2.929022E-04 9.981793E-01 1.527825E-03
6.952460E-01 8.656711E-05 9.984025E-01 1.510925E-03
6.962469E-01 -2.334324E-04 9.987286E-01 1.504848E-03
6.972477E-01 -2.176943E-04 9.987211E-01 1.496626E-03
6.982485E-01 1.081479E-04 9.984148E-01 1.477017E-03
6.992494E-01 2.843912E-04 9.982623E-01 1.453262E-03
7.002502E-01 6.572367E-05 9.984956E-01 1.438675E-03
7.012510E-01 -2.374347E-04 9.988034E-01 1.434009E-03
7.022519E-01 -1.995427E-04 9.987729E-01 1.426647E-03
7.032527E-01 1.227945E-04 9.984688E-01 1.408393E-03
7.042535E-01 2.750847E-04 9.983381E-01 1.386772E-03
7.052544E-01 4.568687E-05 9.985801E-01 1.374251E-03
7.062552E-01 -2.401738E-04 9.988694E-01 1.370805E-03
7.072560E-01 -1.814352E-04 9.988173E-01 1.364179E-03
7.082569E-01 1.361684E-04 9.985167E-01 1.347148E-03
7.092577E-01 2.650596E-04 9.984075E-01 1.327467E-03
7.102585E-01 2.646820E-05 9.986567E-01 1.316799E-03
7.112594E-01 -2.417273E-04 9.989273E-01 1.314414E-03
7.122602E-01 -1.634364E-04 9.988550E-01 1.308422E-03
7.132611E-01 1.483029E-04 9.985592E-01 1.292503E-03
7.142619E-01 2.543982E-04 9.984710E-01 1.274595E-03
7.152627E-01 8.087350E-06 9.987263E-01 1.265595E-03
7.162636E-01 -2.421555E-04 9.989780E-01 1.264137E-03
7.172644E-01 -1.455862E-04 9.988869E-01 1.258696E-03
7.182652E-01 1.592558E-04 9.985970E-01 1.243793E-03
7.192661E-01 2.432031E-04 9.985293E-01 1.227514E-03
7.202669E-01 -9.415250E-06 9.987894E-01 1.220024E-03
7.212677E-01 -2.414928E-04 9.990221E-01 1.219379E-03
7.222686E-01 -1.278968E-04 9.989135E-01 1.214421E-03
7.232694E-01 1.691050E-04 9.986304E-01 1.200455E-03
7.242702E-01 2.315858E-04 9.985827E-01 1.185680E-03
7.252711E-01 -2.599745E-05 9.988464E-01 1.179563E-03
7.262719E-01 -2.397739E-04 9.990601E-01 1.179636E-03
7.272727E-01 -1.103857E-04 9.989353E-01 1.175105E-03
7.282736E-01 1.779122E-04 9.986601E-01 1.162010E-03
7.292744E-01 2.196296E-04 9.986317E-01 1.148629E-03
7.302752E-01 -4.165043E-05 9.988979E-01 1.143767E-03
7.312761E-01 -2.370648E-04 9.990926E-01 1.144478E-03
7.322769E-01 -9.309892E-05 9.989528E-01 1.140331E-03
7.332777E-01 1.857084E-04 9.986862E-01 1.128048E-03
7.342786E-01 2.073841E-04 9.986766E-01 1.115966E-03
7.352794E-01 -5.639501E-05 9.989441E-01 1.112258E-03
7.362802E-01 -2.334507E-04 9.991199E-01 1.113541E-03
7.372811E-01 -7.609339E-05 9.989664E-01 1.109742E-03
7.382819E-01 1.925151E-04 9.987093E-01 1.098224E-03
7.392827E-01 1.948893E-04 9.987178E-01 1.087359E-03
7.402836E-01 -7.025706E-05 9.989855E-01 1.084718E-03
7.412844E-01 -2.290132E-04 9.991425E-01 1.086518E-03
7.422852E-01 -5.941682E-05 9.989764E-01 1.083040E-03
7.432861E-01 1.983620E-04 9.987294E-01 1.072247E-03
7.442869E-01 1.821892E-04 9.987553E-01 1.062529E-03
7.452877E-01 -8.325754E-05 9.990224E-01 1.060879E-03
7.462886E-01 -2.238236E-04 9.991607E-01 1.063154E-03
7.472894E-01 -4.310369E-05 9.989831E-01 1.059977E-03
7.482902E-01 2.032881E-04 9.987468E-01 1.049876E-03
7.492911E-01 1.693322E-04 9.987894E-01 1.041244E-03
7.502919E-01 -9.541386E-05 9.990549E-01 1.040525E-03
7.512927E-01 -2.179453E-04 9.991747E-01 1.043240E-03
7.522936E-01 -2.717800E-05 9.989868E-01 1.040351E-03
7.532944E-01 2.073392E-04 9.987617E-01 1.030915E-03
7.542952E-01 1.563673E-04 9.988203E-01 1.023319E-03
7.552961E-01 -1.067430E-04 9.990833E-01 1.023478E-03
7.562969E-01 -2.114365E-04 9.991848E-01 1.026608E-03
7.572977E-01 -1.165565E-05 9.989877E-01 1.023999E-03
7.582986E-01 2.105663E-04 9.987742E-01 1.015210E-03
7.592994E-01 1.433431E-04 9.988480E-01 1.008607E-03
7.603003E-01 -1.172640E-04 9.991077E-01 1.009605E-03
7.613011E-01 -2.043528E-04 9.991912E-01 1.013132E-03
7.623019E-01 3.454322E-06 9.989857E-01 1.010801E-03
7.633028E-01 2.130246E-04 9.987843E-01 1.002645E-03
7.643036E-01 1.303060E-04 9.988727E-01 9.970013E-04
7.653044E-01 -1.269997E-04 9.991282E-01 9.988060E-04
7.663053E-01 -1.967485E-04 9.991940E-01 1.002723E-03
7.673061E-01 1.814984E-05 9.989812E-01 1.000673E-03
7.683069E-01 2.147751E-04 9.987921E-01 9.931402E-04
7.693078E-01 1.173008E-04 9.988943E-01 9.884314E-04
7.703086E-01 -1.359796E-04 9.991450E-01 9.910218E-04
7.713094E-01 -1.886796E-04 9.991934E-01 9.953266E-04
7.723103E-01 3.243720E-05 9.989740E-01 9.935677E-04
7.733111E-01 2.158890E-04 9.987975E-01 9.866552E-04
7.743119E-01 1.043722E-04 9.989128E-01 9.828638E-04
7.753128E-01 -1.442437E-04 9.991580E-01 9.862284E-04
7.763136E-01 -1.802076E-04 9.991893E-01 9.909284E-04
7.773144E-01 4.633509E-05 9.989642E-01 9.894747E-04
7.783153E-01 2.164590E-04 9.988004E-01 9.831856E-04
7.793161E-01 9.156917E-05 9.989281E-01 9.803028E-04
7.803169E-01 -1.518535E-04 9.991674E-01 9.844401E-04
7.813178E-01 -1.714126E-04 9.991819E-01 9.895520E-04
7.823186E-01 5.988407E-05 9.989517E-01 9.884248E-04
7.833194E-01 2.166303E-04 9.988006E-01 9.827677E-04
7.843203E-01 7.896133E-05 9.989402E-01 9.807928E-04
7.853211E-01 -1.589225E-04 9.991732E-01 9.857131E-04
7.863219E-01 -1.624363E-04 9.991712E-01 9.912653E-04
7.873228E-01 7.317319E-05 9.989363E-01 9.904946E-04
7.883236E-01 2.167138E-04 9.987978E-01 9.854837E-04
7.893244E-01 6.671059E-05 9.989489E-01 9.844239E-04
7.903253E-01 -1.657310E-04 9.991756E-01 9.901519E-04
7.913261E-01 -1.536841E-04 9.991575E-01 9.961932E-04
7.923269E-01 8.644080E-05 9.989177E-01 9.958263E-04
7.933278E-01 2.178065E-04 9.987907E-01 9.914820E-04
7.943286E-01 5.562076E-05 9.989530E-01 9.913465E-04
7.953294E-01 -1.734197E-04 9.991755E-01 9.979341E-04
7.963303E-01 -1.476493E-04 9.991431E-01 1.004594E-03
7.973311E-01 1.011590E-04 9.988940E-01 1.004799E-03
7.983319E-01 2.343143E-04 9.987645E-01 1.001221E-03
7.993328E-01 7.966281E-05 9.989184E-01 1.001933E-03
8.003336E-01 -1.320516E-04 9.991229E-01 1.009109E-03
8.013344E-01 -9.572679E-05 9.990797E-01 1.016033E-03
8.023353E-01 1.394591E-04 9.988440E-01 1.016561E-03
8.033361E-01 2.426423E-04 9.987436E-01 1.013761E-03
8.043369E-01 6.946462E-05 9.989149E-01 1.015618E-03
8.053378E-01 -1.344383E-04 9.991106E-01 1.023832E-03
8.063386E-01 -7.990401E-05 9.990485E-01 1.031411E-03
8.073394E-01 1.583380E-04 9.988092E-01 1.032458E-03
8.083403E-01 2.468453E-04 9.987227E-01 1.030449E-03
8.093411E-01 6.278673E-05 9.989038E-01 1.033394E-03
8.103420E-01 -1.331063E-04 9.990905E-01 1.042629E-03
8.113428E-01 -6.319244E-05 9.990123E-01 1.050919E-03
8.123436E-01 1.765336E-04 9.987709E-01 1.052573E-03
8.133445E-01 2.512233E-04 9.986973E-01 1.051431E-03
8.143453E-01 5.791036E-05 9.988866E-01 1.055532E-03
8.153461E-01 -1.295093E-04 9.990636E-01 1.065870E-03
8.163470E-01 -4.505052E-05 9.989701E-01 1.074967E-03
8.173478E-01 1.953880E-04 9.987273E-01 1.077322E-03
8.183486E-01 2.565455E-04 9.986663E-01 1.077138E-03
8.193495E-01 5.486016E-05 9.988626E-01 1.082496E-03
8.203503E-01 -1.237157E-04 9.990297E-01 1.094051E-03
8.213511E-01 -2.514749E-05 9.989211E-01 1.104078E-03
8.223520E-01 2.155296E-04 9.986772E-01 1.107250E-03
8.233528E-01 2.633592E-04 9.986285E-01 1.108137E-03
8.243536E-01 5.394192E-05 9.988312E-01 1.114879E-03
8.253545E-01 -1.154831E-04 9.989877E-01 1.127804E-03
8.263553E-01 -3.068623E-06 9.988642E-01 1.138915E-03
8.273561E-01 2.375556E-04 9.986194E-01 1.143045E-03
8.283570E-01 2.722578E-04 9.985826E-01 1.145142E-03
8.293578E-01 5.562006E-05 9.987909E-01 1.153433E-03
8.303586E-01 -1.043913E-04 9.989365E-01 1.167921E-03
8.313595E-01 2.173057E-05 9.987980E-01 1.180311E-03
8.323603E-01 2.621661E-04 9.985523E-01 1.185574E-03
8.333611E-01 2.839633E-04 9.985270E-01 1.189058E-03
8.343620E-01 6.052881E-05 9.987404E-01 1.199107E-03
8.353628E-01 -8.982897E-05 9.988744E-01 1.215402E-03
8.363636E-01 4.998874E-05 9.987207E-01 1.229314E-03
8.373645E-01 2.902590E-04 9.984738E-01 1.235933E-03
8.383653E-01 2.994055E-04 9.984596E-01 1.241026E-03
8.393661E-01 6.952468E-05 9.986774E-01 1.253101E-03
8.403670E-01 -7.094353E-05 9.987994E-01 1.271515E-03
8.413678E-01 8.271049E-05 9.986300E-01 1.287260E-03
8.423686E-01 3.230201E-04 9.983815E-01 1.295515E-03
8.433695E-01 3.198142E-04 9.983777E-01 1.302504E-03
8.443703E-01 8.377280E-05 9.985993E-01 1.316951E-03
8.453711E-01 -4.654946E-05 9.987087E-01 1.337884E-03
8.463720E-01 1.212755E-04 9.985229E-01 1.355858E-03
8.473728E-01 3.620490E-04 9.982718E-01 1.366110E-03
8.483736E-01 3.468497E-04 9.982778E-01 1.375368E-03
8.493745E-01 1.048789E-04 9.985025E-01 1.392636E-03
8.503753E-01 -1.498664E-05 9.985984E-01 1.416608E-03
8.513761E-01 1.676011E-04 9.983951E-01 1.437326E-03
8.523770E-01 4.095425E-04 9.981404E-01 1.450047E-03
8.533778E-01 3.827977E-04 9.981551E-01 1.462063E-03
8.543786E-01 1.350909E-04 9.983822E-01 1.482743E-03
8.553795E-01 2.609807E-05 9.984635E-01 1.510435E-03
8.563803E-01 2.243909E-04 9.982410E-01 1.534575E-03
8.573812E-01 4.685728E-04 9.979810E-01 1.550392E-03
8.583820E-01 4.308669E-04 9.980033E-01 1.565821E-03
8.593828E-01 1.776114E-04 9.982317E-01 1.590702E-03
8.603837E-01 8.009185E-05 9.982969E-01 1.623025E-03
8.613845E-01 2.955213E-04 9.980530E-01 1.651494E-03
8.623853E-01 5.435218E-04 9.977852E-01 1.671252E-03
8.633862E-01 4.956559E-04 9.978134E-01 1.690982E-03
8.643870E-01 2.370940E-04 9.980418E-01 1.721138E-03
8.653878E-01 1.519602E-04 9.980887E-01 1.759328E-03
8.663887E-01 3.866594E-04 9.978200E-01 1.793366E-03
8.673895E-01 6.407752E-04 9.975410E-01 1.818233E-03
8.683903E-01 5.839066E-04 9.975726E-01 1.843499E-03
8.693912E-01 3.204502E-04 9.977991E-01 1.880416E-03
8.703920E-01 2.491385E-04 9.978247E-01 1.926190E-03
8.713928E-01 5.062779E-04 9.975262E-01 1.967528E-03
8.723937E-01 7.698670E-04 9.972310E-01 1.999151E-03
8.733945E-01 7.057552E-04 9.972625E-01 2.031709E-03
8.743953E-01 4.382045E-04 9.974843E-01 2.077502E-03
8.753962E-01 3.830384E-04 9.974837E-01 2.133302E-03
8.763970E-01 6.673754E-04 9.971482E-01 2.184423E-03
8.773978E-01 9.454295E-04 9.968294E-01 2.225195E-03
8.783987E-01 8.768817E-04 9.968555E-01 2.267610E-03
8.793995E-01 6.068458E-04 9.970678E-01 2.325370E-03
8.804003E-01 5.716834E-04 9.970335E-01 2.394775E-03
8.814012E-01 8.905025E-04 9.966501E-01 2.459350E-03
8.824020E-01 1.190643E-03 9.962965E-01 2.512857E-03
8.834028E-01 1.122351E-03 9.963086E-01 2.569007E-03
8.844037E-01 8.530771E-04 9.965035E-01 2.643408E-03
8.854045E-01 8.445155E-04 9.964236E-01 2.731843E-03
8.864053E-01 1.209315E-03 9.959752E-01 2.815503E-03
8.874062E-01 1.543617E-03 9.955691E-01 2.887332E-03
8.884070E-01 1.483796E-03 9.955529E-01 2.963310E-03
8.894078E-01 1.221863E-03 9.957164E-01 3.061707E-03
8.904087E-01 1.251594E-03 9.955707E-01 3.177751E-03
8.914095E-01 1.681290E-03 9.950292E-01 3.289515E-03
8.924103E-01 2.069816E-03 9.945414E-01 3.388769E-03
8.934112E-01 2.033581E-03 9.944718E-01 3.494615E-03
8.944120E-01 1.792538E-03 9.945783E-01 3.629158E-03
8.954128E-01 1.882247E-03 9.943307E-01 3.787083E-03
8.964137E-01 2.409689E-03 9.936481E-01 3.942183E-03
8.974145E-01 2.887835E-03 9.930276E-01 4.084549E-03
8.984153E-01 2.904648E-03 9.928576E-01 4.237783E-03
8.994162E-01 2.713313E-03 9.928569E-01 4.429789E-03
9.004170E-01 2.905639E-03 9.924395E-01 4.654861E-03
9.014178E-01 3.591980E-03 9.915272E-01 4.880776E-03
9.024187E-01 4.227084E-03 9.906777E-01 5.095215E-03
9.034195E-01 4.358538E-03 9.903128E-01 5.328710E-03
9.044204E-01 4.281566E-03 9.900999E-01 5.618520E-03
9.054212E-01 4.667010E-03 9.893738E-01 5.959164E-03
9.064220E-01 5.636788E-03 9.880534E-01 6.309776E-03
9.074229E-01 6.569851E-03 9.867755E-01 6.654691E-03
9.084237E-01 6.956841E-03 9.860070E-01 7.036126E-03
9.094245E-01 7.151389E-03 9.853407E-01 7.507894E-03
9.104254E-01 7.942635E-03 9.839904E-01 8.066981E-03
9.114262E-01 9.481120E-03 9.818587E-01 8.660143E-03
9.124270E-01 1.104666E-02 9.796856E-01 9.267744E-03
9.134279E-01 1.205278E-02 9.779926E-01 9.954613E-03
9.144287E-01 1.294834E-02 9.762434E-01 1.080823E-02
9.154295E-01 1.471985E-02 9.734436E-01 1.183659E-02
9.164304E-01 1.759248E-02 9.694367E-01 1.297080E-02
9.174312E-01 2.072921E-02 9.650798E-01 1.419099E-02
9.184320E-01 2.346341E-02 9.609205E-01 1.561607E-02
9.194329E-01 2.645227E-02 9.561295E-01 1.741826E-02
9.204337E-01 3.108908E-02 9.492566E-01 1.965427E-02
9.214345E-01 3.784849E-02 9.398983E-01 2.225319E-02
9.224354E-01 4.587188E-02 9.288976E-01 2.523048E-02
9.234362E-01 5.460319E-02 9.165171E-01 2.887974E-02
9.244370E-01 6.542214E-02 9.009196E-01 3.365828E-02
9.254379E-01 8.094791E-02 8.791898E-01 3.986230E-02
9.264387E-01 1.027830E-01 8.496708E-01 4.754613E-02
9.274395E-01 1.309478E-01 8.121208E-01 5.693143E-02
9.284404E-01 1.662828E-01 7.648590E-01 6.885822E-02
9.294412E-01 2.125073E-01 7.030490E-01 8.444374E-02
9.304420E-01 2.734668E-01 6.228275E-01 1.037058E-01
9.314429E-01 3.461397E-01 5.297504E-01 1.241099E-01
9.324437E-01 4.162091E-01 4.432114E-01 1.405796E-01
9.334445E-01 4.626836E-01 3.897095E-01 1.476068E-01
9.344454E-01 4.700044E-01 3.876880E-01 1.423076E-01
9.354462E-01 4.381303E-01 4.356553E-01 1.262143E-01
9.364470E-01 3.819687E-01 5.136227E-01 1.044085E-01
9.374479E-01 3.208949E-01 5.964587E-01 8.264642E-02
9.384487E-01 2.676057E-01 6.677856E-01 6.460875E-02
9.394495E-01 2.248186E-01 7.241304E-01 5.105102E-02
9.404504E-01 1.899393E-01 7.691578E-01 4.090285E-02
9.414512E-01 1.609664E-01 8.061078E-01 3.292572E-02
9.424520E-01 1.380003E-01 8.354469E-01 2.655273E-02
9.434529E-01 1.209885E-01 8.573418E-01 2.166969E-02
9.444537E-01 1.081051E-01 8.738218E-01 1.807313E-02
9.454545E-01 9.699380E-02 8.876826E-01 1.532357E-02
9.464554E-01 8.685456E-02 9.001271E-01 1.301839E-02
9.474562E-01 7.850635E-02 9.104638E-01 1.102983E-02
9.484570E-01 7.253266E-02 9.180465E-01 9.420789E-03
9.494579E-01 6.808309E-02 9.237170E-01 8.199894E-03
9.504587E-01 6.378107E-02 9.289885E-01 7.230457E-03
9.514595E-01 5.931714E-02 9.343244E-01 6.358430E-03
9.524604E-01 5.556037E-02 9.388877E-01 5.551882E-03
9.534612E-01 5.315501E-02 9.419698E-01 4.875235E-03
9.544621E-01 5.155932E-02 9.440822E-01 4.358456E-03
9.554629E-01 4.975108E-02 9.463089E-01 3.939996E-03
9.564637E-01 4.754129E-02 9.489189E-01 3.539825E-03
9.574646E-01 4.570993E-02 9.511423E-01 3.147787E-03
9.584654E-01 4.485515E-02 9.523324E-01 2.812421E-03
9.594662E-01 4.456243E-02 9.528784E-01 2.559173E-03
9.604671E-01 4.398182E-02 9.536660E-01 2.352199E-03
9.614679E-01 4.296513E-02 9.548929E-01 2.141942E-03
9.624687E-01 4.221022E-02 9.558646E-01 1.925136E-03
9.634696E-01 4.226446E-02 9.559976E-01 1.737901E-03
9.644704E-01 4.277672E-02 9.556239E-01 1.599364E-03
9.654712E-01 4.299458E-02 9.555203E-01 1.485104E-03
9.664721E-01 4.278628E-02 9.558524E-01 1.361285E-03
9.674729E-01 4.278604E-02 9.559864E-01 1.227589E-03
9.684737E-01 4.349513E-02 9.553933E-01 1.111595E-03
9.694746E-01 4.459047E-02 9.543821E-01 1.027389E-03
9.704754E-01 4.537280E-02 9.536704E-01 9.568156E-04
9.714762E-01 4.571283E-02 9.534115E-01 8.756785E-04
9.724771E-01 4.619341E-02 9.530211E-01 7.854438E-04
9.734779E-01 4.727327E-02 9.520189E-01 7.077885E-04
9.744787E-01 4.863644E-02 9.507106E-01 6.529732E-04
9.754796E-01 4.961396E-02 9.497793E-01 6.067905E-04
9.764804E-01 5.008115E-02 9.493672E-01 5.516866E-04
9.774812E-01 5.059359E-02 9.489160E-01 4.904142E-04
9.784821E-01 5.158841E-02 9.479715E-01 4.401373E-04
9.794829E-01 5.276275E-02 9.468296E-01 4.076403E-04
9.804837E-01 5.348304E-02 9.461361E-01 3.808669E-04
9.814846E-01 5.365017E-02 9.460030E-01 3.468083E-04
9.824854E-01 5.382356E-02 9.458674E-01 3.090840E-04
9.834862E-01 5.443913E-02 9.452797E-01 2.811985E-04
9.844871E-01 5.520770E-02 9.445256E-01 2.667026E-04
9.854879E-01 5.552369E-02 9.442217E-01 2.546253E-04
9.864887E-01 5.531249E-02 9.444521E-01 2.353769E-04
9.874896E-01 5.514021E-02 9.446462E-01 2.136099E-04
9.884904E-01 5.543488E-02 9.443648E-01 2.003275E-04
9.894912E-01 5.590074E-02 9.439027E-01 1.965920E-04
9.904921E-01 5.593848E-02 9.438693E-01 1.921943E-04
9.914929E-01 5.548737E-02 9.443323E-01 1.803430E-04
9.924937E-01 5.511811E-02 9.447151E-01 1.668230E-04
9.934946E-01 5.524506E-02 9.445940E-01 1.609242E-04
9.944954E-01 5.555256E-02 9.442856E-01 1.617963E-04
9.954962E-01 5.543612E-02 9.444041E-01 1.598079E-04
9.964971E-01 5.484847E-02 9.450011E-01 1.504206E-04
9.974979E-01 5.437151E-02 9.454881E-01 1.403661E-04
9.984987E-01 5.440813E-02 9.454543E-01 1.375402E-04
9.994996E-01 5.461709E-02 9.452434E-01 1.395330E-04
1.000500E+00 5.438409E-02 9.454787E-01 1.372570E-04
1.001501E+00 5.367967E-02 9.461922E-01 1.280989E-04
1.002502E+00 5.310603E-02 9.467745E-01 1.194972E-04
1.003503E+00 5.305773E-02 9.468243E-01 1.179999E-04
1.004504E+00 5.316299E-02 9.467172E-01 1.198368E-04
1.005505E+00 5.279371E-02 9.470897E-01 1.165729E-04
1.006505E+00 5.194284E-02 9.479497E-01 1.074294E-04
1.007506E+00 5.124132E-02 9.486583E-01 1.003372E-04
1.008507E+00 5.107741E-02 9.488223E-01 1.003361E-04
1.009508E+00 5.104301E-02 9.488547E-01 1.023281E-04
1.010509E+00 5.049228E-02 9.494090E-01 9.871913E-05
1.011510E+00 4.944586E-02 9.504635E-01 9.067824E-05
1.012510E+00 4.857268E-02 9.513408E-01 8.646934E-05
1.013511E+00 4.825714E-02 9.516536E-01 8.930257E-05
1.014512E+00 4.804930E-02 9.518581E-01 9.263304E-05
1.015513E+00 4.728272E-02 9.526273E-01 8.996585E-05
1.016514E+00 4.601278E-02 9.539025E-01 8.474586E-05
1.017515E+00 4.495697E-02 9.549575E-01 8.550718E-05
1.018515E+00 4.449777E-02 9.554090E-01 9.319485E-05
1.019516E+00 4.413600E-02 9.557644E-01 9.957524E-05
1.020517E+00 4.317935E-02 9.567211E-01 9.960277E-05
1.021518E+00 4.172300E-02 9.581774E-01 9.956032E-05
1.022519E+00 4.054064E-02 9.593511E-01 1.082787E-04
1.023520E+00 4.001023E-02 9.598659E-01 1.238247E-04
1.024520E+00 3.957040E-02 9.602938E-01 1.358035E-04
1.025521E+00 3.849439E-02 9.613647E-01 1.409496E-04
1.026522E+00 3.692268E-02 9.629282E-01 1.490820E-04
1.027523E+00 3.569627E-02 9.641344E-01 1.693311E-04
1.028524E+00 3.518992E-02 9.646141E-01 1.959563E-04
1.029525E+00 3.477151E-02 9.650129E-01 2.155928E-04
1.030525E+00 3.367736E-02 9.660956E-01 2.270757E-04
1.031526E+00 3.210641E-02 9.676488E-01 2.447450E-04
1.032527E+00 3.098291E-02 9.687388E-01 2.782748E-04
1.033528E+00 3.067698E-02 9.690058E-01 3.172391E-04
1.034529E+00 3.046671E-02 9.691886E-01 3.446414E-04
1.035530E+00 2.953622E-02 9.701015E-01 3.622573E-04
1.036530E+00 2.814565E-02 9.714638E-01 3.905678E-04
1.037531E+00 2.730995E-02 9.722498E-01 4.402267E-04
1.038532E+00 2.738399E-02 9.721211E-01 4.949145E-04
1.039533E+00 2.752926E-02 9.719376E-01 5.331035E-04
1.040534E+00 2.686321E-02 9.725761E-01 5.606789E-04
1.041535E+00 2.572248E-02 9.736712E-01 6.063110E-04
1.042535E+00 2.523771E-02 9.740806E-01 6.816840E-04
1.043536E+00 2.574974E-02 9.734880E-01 7.622089E-04
1.044537E+00 2.628096E-02 9.728988E-01 8.202673E-04
1.045538E+00 2.587269E-02 9.732595E-01 8.678485E-04
1.046539E+00 2.496535E-02 9.740894E-01 9.452602E-04
1.047540E+00 2.484213E-02 9.740925E-01 1.065331E-03
1.048540E+00 2.583040E-02 9.729783E-01 1.191300E-03
1.049541E+00 2.677789E-02 9.719351E-01 1.287034E-03
1.050542E+00 2.663138E-02 9.719942E-01 1.374388E-03
1.051543E+00 2.596973E-02 9.725186E-01 1.511691E-03
1.052544E+00 2.627873E-02 9.720078E-01 1.713520E-03
1.053545E+00 2.787033E-02 9.702053E-01 1.924344E-03
1.054545E+00 2.936230E-02 9.685423E-01 2.095439E-03
1.055546E+00 2.957744E-02 9.681567E-01 2.265830E-03
1.056547E+00 2.928592E-02 9.681896E-01 2.524493E-03
1.057548E+00 3.025588E-02 9.668542E-01 2.889944E-03
1.058549E+00 3.278487E-02 9.639389E-01 3.276212E-03
1.059550E+00 3.517718E-02 9.612079E-01 3.614948E-03
1.060550E+00 3.608914E-02 9.599324E-01 3.978492E-03
1.061551E+00 3.657695E-02 9.589078E-01 4.515242E-03
1.062552E+00 3.883749E-02 9.559061E-01 5.256421E-03
1.063553E+00 4.317394E-02 9.507612E-01 6.064889E-03
1.064554E+00 4.745501E-02 9.457033E-01 6.841704E-03
1.065555E+00 5.012467E-02 9.421382E-01 7.737135E-03
1.066555E+00 5.273843E-02 9.382199E-01 9.041644E-03
1.067556E+00 5.825410E-02 9.309031E-01 1.084278E-02
1.068557E+00 6.710676E-02 9.199678E-01 1.292545E-02
1.069558E+00 7.662234E-02 9.082156E-01 1.516207E-02
1.070559E+00 8.513866E-02 8.969036E-01 1.795769E-02
1.071560E+00 9.543766E-02 8.824748E-01 2.208756E-02
1.072560E+00 1.123335E-01 8.596763E-01 2.799015E-02
1.073561E+00 1.372158E-01 8.272972E-01 3.548707E-02
1.074562E+00 1.674934E-01 7.878327E-01 4.467393E-02
1.075563E+00 2.029590E-01 7.398186E-01 5.722237E-02
1.076564E+00 2.504386E-01 6.733804E-01 7.618094E-02
1.077565E+00 3.173167E-01 5.793691E-01 1.033142E-01
1.078565E+00 3.974365E-01 4.668881E-01 1.356755E-01
1.079566E+00 4.651460E-01 3.700547E-01 1.647993E-01
1.080567E+00 4.883936E-01 3.312407E-01 1.803657E-01
1.081568E+00 4.523119E-01 3.713772E-01 1.763109E-01
1.082569E+00 3.717137E-01 4.735293E-01 1.547570E-01
1.083570E+00 2.801194E-01 5.953232E-01 1.245573E-01
1.084570E+00 2.055658E-01 6.987841E-01 9.565006E-02
1.085571E+00 1.553330E-01 7.709549E-01 7.371211E-02
1.086572E+00 1.207194E-01 8.204308E-01 5.884986E-02
1.087573E+00 9.237325E-02 8.593825E-01 4.824422E-02
1.088574E+00 6.898917E-02 8.914298E-01 3.958106E-02
1.089575E+00 5.342505E-02 9.142008E-01 3.237419E-02
1.090575E+00 4.511124E-02 9.278919E-01 2.699686E-02
1.091576E+00 3.916453E-02 9.375103E-01 2.332516E-02
1.092577E+00 3.190469E-02 9.475377E-01 2.055756E-02
1.093578E+00 2.445320E-02 9.575433E-01 1.800353E-02
1.094579E+00 1.991588E-02 9.644554E-01 1.562867E-02
1.095580E+00 1.857485E-02 9.676684E-01 1.375679E-02
1.096580E+00 1.751830E-02 9.700179E-01 1.246385E-02
1.097581E+00 1.459937E-02 9.739579E-01 1.144277E-02
1.098582E+00 1.100792E-02 9.786023E-01 1.038978E-02
1.099583E+00 9.206176E-03 9.814671E-01 9.326723E-03
1.100584E+00 9.422602E-03 9.821075E-01 8.469898E-03
1.101585E+00 9.480730E-03 9.826305E-01 7.888786E-03
1.102585E+00 7.868485E-03 9.847154E-01 7.416104E-03
1.103586E+00 5.660856E-03 9.874606E-01 6.878527E-03
1.104587E+00 4.822629E-03 9.888744E-01 6.302980E-03
1.105588E+00 5.461500E-03 9.887000E-01 5.838469E-03
1.106589E+00 5.800914E-03 9.886645E-01 5.534633E-03
1.107590E+00 4.700759E-03 9.900178E-01 5.281477E-03
1.108590E+00 3.140189E-03 9.918940E-01 4.965845E-03
1.109591E+00 2.732246E-03 9.926545E-01 4.613235E-03
1.110592E+00 3.480815E-03 9.921871E-01 4.332052E-03
1.111593E+00 3.868595E-03 9.919746E-01 4.156770E-03
1.112594E+00 3.008957E-03 9.929841E-01 4.006936E-03
1.113595E+00 1.810950E-03 9.943864E-01 3.802650E-03
1.114595E+00 1.630214E-03 9.948024E-01 3.567383E-03
1.115596E+00 2.387491E-03 9.942288E-01 3.383758E-03
1.116597E+00 2.750515E-03 9.939738E-01 3.275693E-03
1.117598E+00 2.019997E-03 9.947997E-01 3.180322E-03
1.118599E+00 1.052830E-03 9.959089E-01 3.038300E-03
1.119600E+00 1.007896E-03 9.961208E-01 2.871329E-03
1.120601E+00 1.738970E-03 9.955163E-01 2.744713E-03
1.121601E+00 2.054451E-03 9.952706E-01 2.674993E-03
1.122602E+00 1.400977E-03 9.959882E-01 2.610813E-03
1.123603E+00 5.950837E-04 9.968984E-01 2.506538E-03
1.124604E+00 6.393234E-04 9.969783E-01 2.382417E-03
1.125605E+00 1.332563E-03 9.963759E-01 2.291546E-03
1.126606E+00 1.595203E-03 9.961596E-01 2.245182E-03
1.127606E+00 9.919556E-04 9.968080E-01 2.200026E-03
1.128607E+00 3.067896E-04 9.975731E-01 2.120108E-03
1.129608E+00 4.139590E-04 9.975616E-01 2.024480E-03
1.130609E+00 1.066502E-03 9.969762E-01 1.957282E-03
1.131610E+00 1.277301E-03 9.967968E-01 1.925885E-03
1.132611E+00 7.094239E-04 9.973977E-01 1.892918E-03
1.133611E+00 1.194982E-04 9.980510E-01 1.829515E-03
1.134612E+00 2.735947E-04 9.979727E-01 1.753732E-03
1.135613E+00 8.859271E-04 9.974112E-01 1.702914E-03
1.136614E+00 1.048040E-03 9.972705E-01 1.681502E-03
1.137615E+00 5.068447E-04 9.978365E-01 1.656655E-03
1.138616E+00 -4.837360E-06 9.983999E-01 1.604911E-03
1.139616E+00 1.857499E-04 9.982708E-01 1.543483E-03
1.140617E+00 7.595447E-04 9.977360E-01 1.504414E-03
1.141618E+00 8.766811E-04 9.976334E-01 1.489881E-03
1.142619E+00 3.568826E-04 9.981725E-01 1.470619E-03
1.143620E+00 -8.843751E-05 9.986611E-01 1.427385E-03
1.144621E+00 1.314274E-04 9.984919E-01 1.376673E-03
1.145621E+00 6.686524E-04 9.979851E-01 1.346286E-03
1.146622E+00 7.444544E-04 9.979189E-01 1.336622E-03
1.147623E+00 2.427620E-04 9.984359E-01 1.321298E-03
1.148624E+00 -1.448263E-04 9.988604E-01 1.284456E-03
1.149625E+00 9.906999E-05 9.986590E-01 1.241958E-03
1.150626E+00 6.016265E-04 9.981802E-01 1.218154E-03
1.151626E+00 6.394513E-04 9.981485E-01 1.212009E-03
1.152627E+00 1.537993E-04 9.986467E-01 1.199524E-03
1.153628E+00 -1.825254E-04 9.990149E-01 1.167599E-03
1.154629E+00 8.141185E-05 9.987870E-01 1.131545E-03
1.155630E+00 5.509993E-04 9.983362E-01 1.112841E-03
1.156631E+00 5.538637E-04 9.983369E-01 1.109286E-03
1.157631E+00 8.297426E-05 9.988181E-01 1.098880E-03
1.158632E+00 -2.070631E-04 9.991362E-01 1.070819E-03
1.159633E+00 7.375689E-05 9.988863E-01 1.039922E-03
1.160634E+00 5.118355E-04 9.984629E-01 1.025248E-03
1.161635E+00 4.824270E-04 9.984939E-01 1.023626E-03
1.162636E+00 2.554767E-05 9.989597E-01 1.014765E-03
1.163636E+00 -2.221166E-04 9.992323E-01 9.897962E-04
1.164637E+00 7.299800E-05 9.989639E-01 9.631013E-04
1.165638E+00 4.807933E-04 9.985675E-01 9.516651E-04
1.166639E+00 4.215025E-04 9.986270E-01 9.515036E-04
1.167640E+00 -2.175716E-05 9.990780E-01 9.438016E-04
1.168641E+00 -2.301854E-04 9.993088E-01 9.213488E-04
1.169641E+00 7.703837E-05 9.990248E-01 8.981320E-04
1.170642E+00 4.555612E-04 9.986551E-01 8.893385E-04
1.171643E+00 3.685193E-04 9.987412E-01 8.902900E-04
1.172644E+00 -6.125636E-05 9.991778E-01 8.834638E-04
1.173645E+00 -2.330020E-04 9.993699E-01 8.630889E-04
1.174646E+00 8.444103E-05 9.990728E-01 8.427932E-04
1.175646E+00 4.345124E-04 9.987293E-01 8.361873E-04
1.176647E+00 3.216213E-04 9.988404E-01 8.379925E-04
1.177648E+00 -9.462502E-05 9.992628E-01 8.318308E-04
1.178649E+00 -2.317885E-04 9.994186E-01 8.131949E-04
1.179650E+00 9.421431E-05 9.991104E-01 7.953856E-04
1.180651E+00 4.164883E-04 9.987929E-01 7.906147E-04
1.181651E+00 2.794371E-04 9.989275E-01 7.930776E-04
1.182652E+00 -1.231126E-04 9.993357E-01 7.874200E-04
1.183653E+00 -2.274230E-04 9.994572E-01 7.702577E-04
1.184654E+00 1.056862E-04 9.991397E-01 7.545916E-04
1.185655E+00 4.006693E-04 9.988480E-01 7.513796E-04
1.186656E+00 2.409157E-04 9.990047E-01 7.543503E-04
1.187656E+00 -1.477133E-04 9.993986E-01 7.490733E-04
1.188657E+00 -2.205569E-04 9.994874E-01 7.331734E-04
1.189658E+00 1.184579E-04 9.991622E-01 7.193772E-04
1.190659E+00 3.865250E-04 9.988960E-01 7.175077E-04
1.191660E+00 2.051780E-04 9.990740E-01 7.208716E-04
1.192661E+00 -1.693912E-04 9.994535E-01 7.158776E-04
1.193661E+00 -2.117335E-04 9.995107E-01 7.010694E-04
1.194662E+00 1.325234E-04 9.991786E-01 6.889255E-04
1.195663E+00 3.739649E-04 9.989378E-01 6.882337E-04
1.196664E+00 1.712197E-04 9.991369E-01 6.919081E-04
1.197665E+00 -1.899264E-04 9.995028E-01 6.871178E-04
1.198666E+00 -2.018678E-04 9.995286E-01 6.732556E-04
1.199666E+00 1.494561E-04 9.991879E-01 6.625998E-04
1.200667E+00 3.653201E-04 9.989717E-01 6.630093E-04
1.201668E+00 1.347170E-04 9.991983E-01 6.670172E-04
1.202669E+00 -2.309452E-04 9.995685E-01 6.624170E-04
1.203670E+00 -2.356814E-04 9.995864E-01 6.492974E-04
1.204671E+00 1.096234E-04 9.992506E-01 6.397303E-04
1.205671E+00 3.103408E-04 9.990489E-01 6.408062E-04
1.206672E+00 8.539369E-05 9.992697E-01 6.448679E-04
1.207673E+00 -2.438645E-04 9.996034E-01 6.404150E-04
1.208674E+00 -2.131639E-04 9.995850E-01 6.281809E-04
1.209675E+00 1.307461E-04 9.992493E-01 6.199167E-04
1.210676E+00 3.009292E-04 9.990772E-01 6.218334E-04
1.211676E+00 5.890739E-05 9.993151E-01 6.260057E-04
1.212677E+00 -2.519879E-04 9.996304E-01 6.216152E-04
1.213678E+00 -1.939701E-04 9.995839E-01 6.100866E-04
1.214679E+00 1.487058E-04 9.992483E-01 6.029462E-04
1.215680E+00 2.918144E-04 9.991026E-01 6.056011E-04
1.216681E+00 3.496893E-05 9.993552E-01 6.098532E-04
1.217681E+00 -2.582152E-04 9.996527E-01 6.054988E-04
1.218682E+00 -1.750756E-04 9.995805E-01 5.946048E-04
1.219683E+00 1.651789E-04 9.992463E-01 5.884905E-04
1.220684E+00 2.821430E-04 9.991260E-01 5.918116E-04
1.221685E+00 1.216779E-05 9.993917E-01 5.961135E-04
1.222686E+00 -2.629618E-04 9.996712E-01 5.917727E-04
1.223686E+00 -1.560464E-04 9.995746E-01 5.814613E-04
1.224687E+00 1.805273E-04 9.992432E-01 5.763004E-04
1.225688E+00 2.717690E-04 9.991480E-01 5.802308E-04
1.226689E+00 -9.854264E-06 9.994253E-01 5.845570E-04
1.227690E+00 -2.663729E-04 9.996862E-01 5.802108E-04
1.228691E+00 -1.367708E-04 9.995663E-01 5.704414E-04
1.229691E+00 1.948670E-04 9.992390E-01 5.661764E-04
1.230692E+00 2.606441E-04 9.991687E-01 5.706705E-04
1.231693E+00 -3.123235E-05 9.994562E-01 5.749995E-04
1.232694E+00 -2.685146E-04 9.996979E-01 5.706324E-04
1.233695E+00 -1.172163E-04 9.995558E-01 5.613731E-04
1.234696E+00 2.082365E-04 9.992338E-01 5.579584E-04
1.235696E+00 2.487435E-04 9.991883E-01 5.629789E-04
1.236697E+00 -5.202640E-05 9.994847E-01 5.672926E-04
1.237698E+00 -2.694204E-04 9.997065E-01 5.628921E-04
1.238699E+00 -9.737882E-05 9.995433E-01 5.541181E-04
1.239700E+00 2.206413E-04 9.992278E-01 5.515178E-04
1.240701E+00 2.360506E-04 9.992069E-01 5.570347E-04
1.241701E+00 -7.226228E-05 9.995109E-01 5.613178E-04
1.242702E+00 -2.691071E-04 9.997122E-01 5.568742E-04
1.243703E+00 -7.726804E-05 9.995287E-01 5.485669E-04
1.244704E+00 2.320694E-04 9.992212E-01 5.467536E-04
1.245705E+00 2.225534E-04 9.992247E-01 5.527426E-04
1.246706E+00 -9.194657E-05 9.995350E-01 5.569823E-04
1.247706E+00 -2.675819E-04 9.997151E-01 5.524879E-04
1.248707E+00 -5.690198E-05 9.995123E-01 5.446344E-04
1.249708E+00 2.424983E-04 9.992139E-01 5.435879E-04
1.250709E+00 2.082426E-04 9.992417E-01 5.500299E-04
1.251710E+00 -1.110729E-04 9.995569E-01 5.542151E-04
1.252711E+00 -2.648456E-04 9.997152E-01 5.496646E-04
1.253711E+00 -3.630480E-05 9.994940E-01 5.422572E-04
1.254712E+00 2.518979E-04 9.992061E-01 5.419641E-04
1.255713E+00 1.931125E-04 9.992580E-01 5.488444E-04
1.256714E+00 -1.296247E-04 9.995767E-01 5.529657E-04
1.257715E+00 -2.608946E-04 9.997125E-01 5.483555E-04
1.258716E+00 -1.550586E-05 9.994741E-01 5.413912E-04
1.259716E+00 2.602325E-04 9.991979E-01 5.418441E-04
1.260717E+00 1.771599E-04 9.992737E-01 5.491521E-04
1.261718E+00 -1.475774E-04 9.995944E-01 5.532014E-04
1.262719E+00 -2.557220E-04 9.997072E-01 5.485300E-04
1.263720E+00 5.460880E-06 9.994525E-01 5.420104E-04
1.264721E+00 2.674622E-04 9.991893E-01 5.432076E-04
1.265721E+00 1.603854E-04 9.992887E-01 5.509363E-04
1.266722E+00 -1.648986E-04 9.996100E-01 5.549068E-04
1.267723E+00 -2.493184E-04 9.996991E-01 5.501742E-04
1.268724E+00 2.655704E-05 9.994293E-01 5.441056E-04
1.269725E+00 2.735436E-04 9.991804E-01 5.460509E-04
1.270726E+00 1.427931E-04 9.993030E-01 5.541965E-04
1.271726E+00 -1.815492E-04 9.996235E-01 5.580825E-04
1.272727E+00 -2.416727E-04 9.996884E-01 5.532908E-04
1.273728E+00 4.773994E-05 9.994046E-01 5.476839E-04
1.274729E+00 2.784302E-04 9.991712E-01 5.503865E-04
1.275730E+00 1.243911E-04 9.993167E-01 5.589484E-04
1.276731E+00 -1.974832E-04 9.996347E-01 5.627452E-04
1.277731E+00 -2.327722E-04 9.996749E-01 5.578985E-04
1.278732E+00 6.896256E-05 9.993783E-01 5.527686E-04
1.279733E+00 2.820735E-04 9.991617E-01 5.562430E-04
1.280734E+00 1.051918E-04 9.993296E-01 5.652239E-04
1.281735E+00 -2.126483E-04 9.996437E-01 5.689277E-04
1.282736E+00 -2.226035E-04 9.996586E-01 5.640320E-04
1.283736E+00 9.017353E-05 9.993504E-01 5.593994E-04
1.284737E+00 2.844226E-04 9.991519E-01 5.636656E-04
1.285738E+00 8.521276E-05 9.993417E-01 5.730709E-04
1.286739E+00 -2.269859E-04 9.996503E-01 5.766791E-04
1.287740E+00 -2.111525E-04 9.996394E-01 5.717428E-04
1.288741E+00 1.113170E-04 9.993211E-01 5.676329E-04
1.289741E+00 2.854255E-04 9.991419E-01 5.727166E-04
1.290742E+00 6.447647E-05 9.993530E-01 5.825550E-04
1.291743E+00 -2.404307E-04 9.996544E-01 5.860661E-04
1.292744E+00 -1.984051E-04 9.996173E-01 5.811001E-04
1.293745E+00 1.323323E-04 9.992901E-01 5.775438E-04
1.294746E+00 2.850285E-04 9.991315E-01 5.834764E-04
1.295746E+00 4.301123E-05 9.993632E-01 5.937598E-04
1.296747E+00 -2.529115E-04 9.996557E-01 5.971736E-04
1.297748E+00 -1.843474E-04 9.995922E-01 5.921918E-04
1.298749E+00 1.531540E-04 9.992576E-01 5.892260E-04
1.299750E+00 2.831773E-04 9.991208E-01 5.960455E-04
1.300751E+00 2.085145E-05 9.993724E-01 6.067893E-04
1.301751E+00 -2.643506E-04 9.996542E-01 6.101068E-04
1.302752E+00 -1.689665E-04 9.995638E-01 6.051265E-04
1.303753E+00 1.737112E-04 9.992235E-01 6.027948E-04
1.304754E+00 2.798167E-04 9.991096E-01 6.105461E-04
1.305755E+00 -1.961850E-06 9.993802E-01 6.217694E-04
1.306756E+00 -2.746638E-04 9.996497E-01 6.249935E-04
1.307756E+00 -1.522503E-04 9.995322E-01 6.200357E-04
1.308757E+00 1.939278E-04 9.991877E-01 6.183894E-04
1.309758E+00 2.748907E-04 9.990980E-01 6.271249E-04
1.310759E+00 -2.538154E-05 9.993865E-01 6.388510E-04
1.311760E+00 -2.837620E-04 9.996418E-01 6.419866E-04
1.312761E+00 -1.341901E-04 9.994971E-01 6.370769E-04
1.313761E+00 2.137208E-04 9.991501E-01 6.361756E-04
1.314762E+00 2.683440E-04 9.990857E-01 6.459564E-04
1.315763E+00 -4.935081E-05 9.993911E-01 6.582130E-04
1.316764E+00 -2.915471E-04 9.996303E-01 6.612675E-04
1.317765E+00 -1.147773E-04 9.994583E-01 6.564369E-04
1.318766E+00 2.330015E-04 9.991106E-01 6.563500E-04
1.319766E+00 2.601201E-04 9.990726E-01 6.672467E-04
1.320767E+00 -7.380718E-05 9.993937E-01 6.800671E-04
1.321768E+00 -2.979173E-04 9.996149E-01 6.830506E-04
1.322769E+00 -9.400840E-05 9.994157E-01 6.783365E-04
1.323770E+00 2.516735E-04 9.990692E-01 6.791444E-04
1.324771E+00 2.501628E-04 9.990586E-01 6.912386E-04
1.325771E+00 -9.867864E-05 9.993940E-01 7.046620E-04
1.326772E+00 -3.027637E-04 9.995952E-01 7.075888E-04
1.327773E+00 -7.188307E-05 9.993688E-01 7.030360E-04
1.328774E+00 2.696328E-04 9.990255E-01 7.048321E-04
1.329775E+00 2.384165E-04 9.990434E-01 7.182179E-04
1.330776E+00 -1.238843E-04 9.993916E-01 7.322910E-04
1.331776E+00 -3.059711E-04 9.995708E-01 7.351794E-04
1.332777E+00 -4.840599E-05 9.993176E-01 7.308419E-04
1.333778E+00 2.867667E-04 9.989795E-01 7.337346E-04
1.334779E+00 2.248255E-04 9.990267E-01 7.485208E-04
1.335780E+00 -1.493335E-04 9.993860E-01 7.632985E-04
1.336781E+00 -3.074186E-04 9.995412E-01 7.661731E-04
1.337781E+00 -2.358760E-05 9.992615E-01 7.621156E-04
1.338782E+00 3.029529E-04 9.989308E-01 7.662310E-04
1.339783E+00 2.093348E-04 9.990081E-01 7.825435E-04
1.340784E+00 -1.749256E-04 9.993768E-01 7.980911E-04
1.341785E+00 -3.069789E-04 9.995060E-01 8.009832E-04
1.342786E+00 2.554815E-06 9.992002E-01 7.972838E-04
1.343786E+00 3.180590E-04 9.988792E-01 8.027688E-04
1.344787E+00 1.918898E-04 9.989874E-01 8.207536E-04
1.345788E+00 -2.005487E-04 9.993634E-01 8.371487E-04
1.346789E+00 -3.045191E-04 9.994644E-01 8.400988E-04
1.347790E+00 2.999595E-05 9.991332E-01 8.368514E-04
1.348791E+00 3.319406E-04 9.988242E-01 8.438781E-04
1.349791E+00 1.724366E-04 9.989639E-01 8.637051E-04
1.350792E+00 -2.260791E-04 9.993450E-01 8.810402E-04
1.351793E+00 -2.999001E-04 9.994158E-01 8.841000E-04
1.352794E+00 5.870124E-05 9.990599E-01 8.814184E-04
1.353795E+00 3.444410E-04 9.987654E-01 8.901886E-04
1.354796E+00 1.509223E-04 9.989370E-01 9.120566E-04
1.355796E+00 -2.513802E-04 9.993209E-01 9.304427E-04
1.356797E+00 -2.929765E-04 9.993593E-01 9.336782E-04
1.357798E+00 8.862545E-05 9.989797E-01 9.317001E-04
1.358799E+00 3.553890E-04 9.987022E-01 9.424519E-04
1.359800E+00 1.272949E-04 9.989061E-01 9.665945E-04
1.360801E+00 -2.763015E-04 9.992901E-01 9.861651E-04
1.361802E+00 -2.835969E-04 9.992939E-01 9.896607E-04
1.362802E+00 1.197112E-04 9.988917E-01 9.885541E-04
1.363803E+00 3.645978E-04 9.986338E-01 1.001569E-03
1.364804E+00 1.015036E-04 9.988702E-01 1.028262E-03
1.365805E+00 -3.006767E-04 9.992515E-01 1.049180E-03
1.366806E+00 -2.716031E-04 9.992186E-01 1.053043E-03
1.367807E+00 1.518871E-04 9.987951E-01 1.053013E-03
1.368807E+00 3.718631E-04 9.985595E-01 1.068628E-03
1.369808E+00 7.349961E-05 9.988283E-01 1.098200E-03
1.370809E+00 -3.243222E-04 9.992037E-01 1.120661E-03
1.371810E+00 -2.568295E-04 9.991318E-01 1.125030E-03
1.372811E+00 1.850667E-04 9.986886E-01 1.126329E-03
1.373812E+00 3.769615E-04 9.984781E-01 1.144947E-03
1.374812E+00 4.323600E-05 9.987790E-01 1.177790E-03
1.375813E+00 -3.470345E-04 9.991450E-01 1.202039E-03
1.376814E+00 -2.391019E-04 9.990320E-01 1.207090E-03
1.377815E+00 2.191459E-04 9.985708E-01 1.210030E-03
1.378816E+00 3.796478E-04 9.983882E-01 1.232138E-03
1.379817E+00 1.066911E-05 9.987206E-01 1.268727E-03
1.380817E+00 -3.685868E-04 9.990735E-01 1.295063E-03
1.381818E+00 -2.182359E-04 9.989172E-01 1.301025E-03
1.382819E+00 2.540021E-04 9.984400E-01 1.305994E-03
1.383820E+00 3.796536E-04 9.982882E-01 1.332185E-03
1.384821E+00 -2.424041E-05 9.986511E-01 1.373095E-03
1.385822E+00 -3.887250E-04 9.989868E-01 1.401896E-03
1.386822E+00 -1.940341E-04 9.987850E-01 1.409063E-03
1.387823E+00 2.894921E-04 9.982940E-01 1.416549E-03
1.388824E+00 3.766841E-04 9.981758E-01 1.447549E-03
1.389825E+00 -6.152605E-05 9.985680E-01 1.493489E-03
1.390826E+00 -4.071618E-04 9.988819E-01 1.525230E-03
1.391827E+00 -1.662823E-04 9.986323E-01 1.533985E-03
1.392827E+00 3.254506E-04 9.981299E-01 1.544604E-03
1.393828E+00 3.704149E-04 9.980483E-01 1.581315E-03
1.394829E+00 -1.012137E-04 9.984681E-01 1.633163E-03
1.395830E+00 -4.235705E-04 9.987551E-01 1.668448E-03
1.396831E+00 -1.347455E-04 9.984554E-01 1.679297E-03
1.397832E+00 3.616872E-04 9.979445E-01 1.693834E-03
1.398832E+00 3.604873E-04 9.979021E-01 1.737383E-03
1.399833E+00 -1.433202E-04 9.983471E-01 1.796242E-03
1.400834E+00 -4.375765E-04 9.986017E-01 1.835850E-03
1.401835E+00 -9.916171E-05 9.982497E-01 1.849461E-03
1.402836E+00 3.979834E-04 9.977331E-01 1.868928E-03
1.403837E+00 3.465018E-04 9.977328E-01 1.920743E-03
1.404837E+00 -1.878519E-04 9.981998E-01 1.988011E-03
1.405838E+00 -4.487470E-04 9.984158E-01 2.032961E-03
1.406839E+00 -5.923482E-05 9.980090E-01 2.050225E-03
1.407840E+00 4.340882E-04 9.974900E-01 2.075944E-03
1.408841E+00 3.280086E-04 9.975341E-01 2.137856E-03
1.409842E+00 -2.348040E-04 9.980195E-01 2.215334E-03
1.410842E+00 -4.565782E-04 9.981896E-01 2.266969E-03
1.411843E+00 -1.462491E-05 9.977255E-01 2.289094E-03
1.412844E+00 4.697113E-04 9.972075E-01 2.322810E-03
1.413845E+00 3.044939E-04 9.972983E-01 2.397200E-03
1.414846E+00 -2.841608E-04 9.977969E-01 2.487241E-03
1.415847E+00 -4.604787E-04 9.979131E-01 2.547365E-03
1.416847E+00 3.506510E-05 9.973889E-01 2.576004E-03
1.417848E+00 5.045152E-04 9.968754E-01 2.620057E-03
1.418849E+00 2.753621E-04 9.970146E-01 2.710070E-03
1.419850E+00 -3.358961E-04 9.975201E-01 2.815801E-03
1.420851E+00 -4.597453E-04 9.975729E-01 2.886874E-03
1.421852E+00 9.030900E-05 9.969854E-01 2.924326E-03
1.422852E+00 5.381045E-04 9.964800E-01 2.981908E-03
1.423853E+00 2.399088E-04 9.966683E-01 3.091774E-03
1.424854E+00 -3.899751E-04 9.971725E-01 3.217425E-03
1.425855E+00 -4.535309E-04 9.971507E-01 3.302867E-03
1.426856E+00 1.516860E-04 9.964959E-01 3.352385E-03
1.427857E+00 5.700128E-04 9.960021E-01 3.427928E-03
1.428857E+00 1.972847E-04 9.962393E-01 3.563453E-03
1.429858E+00 -4.463577E-04 9.967315E-01 3.714871E-03
1.430859E+00 -4.407960E-04 9.966213E-01 3.819532E-03
1.431860E+00 2.199253E-04 9.958943E-01 3.885814E-03
1.432861E+00 5.996850E-04 9.954147E-01 3.985613E-03
1.433862E+00 1.464416E-04 9.956986E-01 4.154947E-03
1.434862E+00 -5.050037E-04 9.961646E-01 4.340409E-03
1.435863E+00 -4.202380E-04 9.959489E-01 4.471339E-03
1.436864E+00 2.959743E-04 9.951427E-01 4.561326E-03
1.437865E+00 6.264561E-04 9.946790E-01 4.694546E-03
1.438866E+00 8.605252E-05 9.950045E-01 4.909435E-03
1.439867E+00 -5.658836E-04 9.954249E-01 5.140982E-03
1.440867E+00 -3.901818E-04 9.950815E-01 5.308715E-03
1.441868E+00 3.811097E-04 9.941859E-01 5.432950E-03
1.442869E+00 6.495223E-04 9.937372E-01 5.613323E-03
1.443870E+00 1.438816E-05 9.940944E-01 5.891224E-03
1.444871E+00 -6.289986E-04 9.944421E-01 6.186943E-03
1.445872E+00 -3.484103E-04 9.939407E-01 6.407729E-03
1.446872E+00 4.771188E-04 9.929401E-01 6.582747E-03
1.447873E+00 6.679055E-04 9.925005E-01 6.831573E-03
1.448874E+00 -7.088057E-05 9.928715E-01 7.199377E-03
1.449875E+00 -6.944200E-04 9.931070E-01 7.587463E-03
1.450876E+00 -2.918873E-04 9.924045E-01 7.887344E-03
1.451877E+00 5.866136E-04 9.912733E-01 8.140100E-03
1.452877E+00 6.804124E-04 9.908278E-01 8.491788E-03
1.453878E+00 -1.730101E-04 9.911803E-01 8.992726E-03
1.454879E+00 -7.623686E-04 9.912432E-01 9.519138E-03
1.455880E+00 -2.162895E-04 9.902745E-01 9.941803E-03
1.456881E+00 7.135970E-04 9.889681E-01 1.031834E-02
1.457882E+00 6.856010E-04 9.884831E-01 1.083128E-02
1.458882E+00 -2.967533E-04 9.887582E-01 1.153854E-02
1.459883E+00 -8.333851E-04 9.885510E-01 1.228235E-02
1.460884E+00 -1.151732E-04 9.872099E-01 1.290529E-02
1.461885E+00 8.645504E-04 9.856466E-01 1.348889E-02
1.462886E+00 6.818045E-04 9.850498E-01 1.426839E-02
1.463887E+00 -4.493998E-04 9.851353E-01 1.531408E-02
1.464887E+00 -9.087145E-04 9.844880E-01 1.642076E-02
1.465888E+00 2.159344E-05 9.825871E-01 1.739130E-02
1.466889E+00 1.050683E-03 9.806054E-01 1.834395E-02
1.467890E+00 6.673995E-04 9.797375E-01 1.959506E-02
1.468891E+00 -6.427990E-04 9.794052E-01 2.123764E-02
1.469892E+00 -9.912578E-04 9.779927E-01 2.299858E-02
1.470892E+00 2.109948E-04 9.751661E-01 2.462292E-02
1.471893E+00 1.293039E-03 9.724165E-01 2.629046E-02
1.472894E+00 6.420188E-04 9.709039E-01 2.845403E-02
1.473895E+00 -8.975758E-04 9.696422E-01 3.125533E-02
1.474896E+00 -1.088200E-03 9.667652E-01 3.432296E-02
1.475897E+00 4.837721E-04 9.621994E-01 3.731683E-02
1.476897E+00 1.635544E-03 9.578292E-01 4.053529E-02
1.477898E+00 6.116641E-04 9.546946E-01 4.469369E-02
1.478899E+00 -1.252573E-03 9.511919E-01 5.006071E-02
1.479900E+00 -1.219470E-03 9.450857E-01 5.613377E-02
1.480901E+00 9.007328E-04 9.366383E-01 6.246097E-02
1.481902E+00 2.183961E-03 9.281883E-01 6.962772E-02
1.482902E+00 6.124511E-04 9.204144E-01 7.897314E-02
1.483903E+00 -1.786543E-03 9.105913E-01 9.119523E-02
1.484904E+00 -1.451225E-03 8.957199E-01 1.057313E-01
1.485905E+00 1.591315E-03 8.762799E-01 1.221287E-01
1.486906E+00 3.246985E-03 8.547950E-01 1.419580E-01
1.487907E+00 8.475731E-04 8.305476E-01 1.686049E-01
1.488907E+00 -2.645993E-03 7.979188E-01 2.047272E-01
1.489908E+00 -2.069335E-03 7.513382E-01 2.507312E-01
1.490909E+00 2.760991E-03 6.899042E-01 3.073348E-01
1.491910E+00 5.906474E-03 6.140123E-01 3.800812E-01
1.492911E+00 2.716982E-03 5.182119E-01 4.790711E-01
1.493912E+00 -3.418381E-03 3.935789E-01 6.098395E-01
1.494912E+00 -4.423767E-03 2.438122E-01 7.606116E-01
1.495913E+00 2.318686E-03 9.962142E-02 8.980599E-01
1.496914E+00 9.854936E-03 1.067045E-02 9.794746E-01
1.497915E+00 9.526392E-03 1.472356E-02 9.757500E-01
1.498916E+00 1.518883E-03 1.096055E-01 8.888756E-01
1.499917E+00 -5.157154E-03 2.546628E-01 7.504943E-01
1.500917E+00 -3.475476E-03 4.006682E-01 6.028073E-01
1.501918E+00 3.402108E-03 5.200564E-01 4.765415E-01
1.502919E+00 6.582692E-03 6.123021E-01 3.811152E-01
1.503920E+00 2.573220E-03 6.870729E-01 3.103538E-01
1.504921E+00 -3.009743E-03 7.481672E-01 2.548425E-01
1.505922E+00 -3.258771E-03 7.935136E-01 2.097452E-01
1.506922E+00 1.302393E-03 8.243140E-01 1.743836E-01
1.507923E+00 4.154244E-03 8.477692E-01 1.480765E-01
1.508924E+00 1.711952E-03 8.701155E-01 1.281726E-01
1.509925E+00 -2.336947E-03 8.907273E-01 1.116097E-01
1.510926E+00 -2.532842E-03 9.054894E-01 9.704342E-02
1.511927E+00 9.943929E-04 9.141736E-01 8.483203E-02
1.512927E+00 3.153056E-03 9.214977E-01 7.534923E-02
1.513928E+00 1.091453E-03 9.309991E-01 6.790948E-02
1.514929E+00 -2.114523E-03 9.407616E-01 6.135292E-02
1.515930E+00 -2.026013E-03 9.468468E-01 5.517917E-02
1.516931E+00 1.021060E-03 9.492458E-01 4.973318E-02
1.517932E+00 2.644490E-03 9.519593E-01 4.539622E-02
1.518932E+00 6.530151E-04 9.574088E-01 4.193820E-02
1.519933E+00 -2.034968E-03 9.632618E-01 3.877314E-02
1.520934E+00 -1.658685E-03 9.660262E-01 3.563246E-02
1.521935E+00 1.128909E-03 9.661180E-01 3.275308E-02
1.522936E+00 2.335375E-03 9.672375E-01 3.042712E-02
1.523937E+00 3.132847E-04 9.711181E-01 2.856865E-02
1.524937E+00 -2.011079E-03 9.751836E-01 2.682750E-02
1.525938E+00 -1.368085E-03 9.763443E-01 2.502376E-02
1.526939E+00 1.259561E-03 9.754260E-01 2.331441E-02
1.527940E+00 2.119408E-03 9.759597E-01 2.192084E-02
1.528941E+00 2.846756E-05 9.791551E-01 2.081642E-02
1.529942E+00 -2.011178E-03 9.822417E-01 1.976952E-02
1.530942E+00 -1.120007E-03 9.824774E-01 1.864257E-02
1.531943E+00 1.396149E-03 9.810643E-01 1.753959E-02
1.532944E+00 1.950337E-03 9.814159E-01 1.663375E-02
1.533945E+00 -2.245794E-04 9.842966E-01 1.592799E-02
1.534946E+00 -2.021191E-03 9.867629E-01 1.525827E-02
1.535947E+00 -8.953174E-04 9.863854E-01 1.450996E-02
1.536947E+00 1.532927E-03 9.847153E-01 1.375179E-02
1.537948E+00 1.804947E-03 9.850704E-01 1.312464E-02
1.538949E+00 -4.588358E-04 9.878103E-01 1.264858E-02
1.539950E+00 -2.033744E-03 9.898325E-01 1.220124E-02
1.540951E+00 -6.826434E-04 9.890014E-01 1.168125E-02
1.541952E+00 1.667580E-03 9.871992E-01 1.113323E-02
1.542952E+00 1.670195E-03 9.876534E-01 1.067640E-02
1.543953E+00 -6.819798E-04 9.903401E-01 1.034189E-02
1.544954E+00 -2.044370E-03 9.920100E-01 1.003437E-02
1.545955E+00 -4.748127E-04 9.908145E-01 9.660270E-03
1.546956E+00 1.798901E-03 9.889538E-01 9.247292E-03
1.547957E+00 1.538035E-03 9.895618E-01 8.900137E-03
1.548957E+00 -8.987246E-04 9.922410E-01 8.657771E-03
1.549958E+00 -2.049981E-03 9.936071E-01 8.442907E-03
1.550959E+00 -2.670698E-04 9.921007E-01 8.166382E-03
1.551960E+00 1.926013E-03 9.902302E-01 7.843803E-03
1.552961E+00 1.403091E-03 9.910266E-01 7.570307E-03
1.553962E+00 -1.112010E-03 9.937212E-01 7.390776E-03
1.554962E+00 -2.048186E-03 9.948081E-01 7.240085E-03
1.555963E+00 -5.612989E-05 9.930249E-01 7.031235E-03
1.556964E+00 2.048076E-03 9.911808E-01 6.771111E-03
1.557965E+00 1.261512E-03 9.921897E-01 6.548806E-03
1.558966E+00 -1.323645E-03 9.949097E-01 6.413914E-03
1.559967E+00 -2.036953E-03 9.957275E-01 6.309406E-03
1.560967E+00 1.603452E-04 9.936908E-01 6.148881E-03
1.561968E+00 2.164172E-03 9.919029E-01 5.932944E-03
1.562969E+00 1.110362E-03 9.931424E-01 5.747246E-03
1.563970E+00 -1.534673E-03 9.958894E-01 5.645277E-03
1.564971E+00 -2.014433E-03 9.964393E-01 5.575158E-03
1.565972E+00 3.840502E-04 9.941660E-01 5.449942E-03
1.566972E+00 2.273261E-03 9.924609E-01 5.265796E-03
1.567973E+00 9.472884E-04 9.939458E-01 5.106923E-03
1.568974E+00 -1.745582E-03 9.967155E-01 5.030113E-03
1.569975E+00 -1.978865E-03 9.969925E-01 4.986403E-03
1.570976E+00 6.162163E-04 9.944963E-01 4.887439E-03
1.571977E+00 2.374162E-03 9.928994E-01 4.726397E-03
1.572977E+00 7.703249E-04 9.946421E-01 4.587604E-03
1.573978E+00 -1.956439E-03 9.974257E-01 4.530696E-03
1.574979E+00 -1.928513E-03 9.974207E-01 4.507852E-03
1.575980E+00 8.577200E-04 9.947136E-01 4.428640E-03
1.576981E+00 2.465539E-03 9.932500E-01 4.284436E-03
1.577982E+00 5.777715E-04 9.952613E-01 4.160972E-03
1.578982E+00 -2.166962E-03 9.980466E-01 4.120349E-03
1.579983E+00 -1.861642E-03 9.977472E-01 4.114431E-03
1.580984E+00 1.109148E-03 9.948407E-01 4.050172E-03
1.581985E+00 2.545898E-03 9.935359E-01 3.918162E-03
1.582986E+00 3.681244E-04 9.958253E-01 3.806625E-03
1.583987E+00 -2.376577E-03 9.985968E-01 3.779781E-03
1.584987E+00 -1.776493E-03 9.979886E-01 3.787934E-03
1.585988E+00 1.370838E-03 9.948942E-01 3.734983E-03
1.586989E+00 2.613581E-03 9.937748E-01 3.611642E-03
1.587990E+00 1.400328E-04 9.963504E-01 3.509564E-03
1.588991E+00 -2.584437E-03 9.990897E-01 3.494767E-03
1.589992E+00 -1.671275E-03 9.981564E-01 3.514884E-03
1.590992E+00 1.642894E-03 9.948867E-01 3.470397E-03
1.591993E+00 2.666763E-03 9.939803E-01 3.352986E-03
1.592994E+00 -1.077263E-04 9.968492E-01 3.258570E-03
1.593995E+00 -2.789446E-03 9.995348E-01 3.254640E-03
1.594996E+00 -1.544161E-03 9.982590E-01 3.285140E-03
1.595997E+00 1.925198E-03 9.948280E-01 3.246836E-03
1.596997E+00 2.703444E-03 9.941634E-01 3.133177E-03
1.597998E+00 -3.762613E-04 9.973311E-01 3.045118E-03
1.598999E+00 -2.990264E-03 9.999390E-01 3.051282E-03
1.600000E+00 -1.393286E-03 9.983023E-01 3.090960E-03
