# # t, EM energy in cavity (in meep units)
0.000000E+00 0.000000E+00
1.000000E-01 0.000000E+00
2.000000E-01 0.000000E+00
3.000000E-01 0.000000E+00
4.000000E-01 0.000000E+00
5.000000E-01 0.000000E+00
6.000000E-01 1.317018E-125
7.000000E-01 3.678148E-89
8.000000E-01 2.842840E-63
9.000000E-01 5.711115E-44
1.000000E+00 9.387472E-30
1.100000E+00 4.050681E-20
1.200000E+00 6.925887E-16
1.300000E+00 3.608810E-13
1.400000E+00 4.980431E-12
1.500000E+00 2.304647E-11
1.600000E+00 5.222263E-11
1.700000E+00 6.165708E-11
1.800000E+00 1.588726E-10
1.900000E+00 1.080800E-09
2.000000E+00 3.979067E-09
2.100000E+00 7.656793E-09
2.200000E+00 8.498651E-09
2.300000E+00 2.121159E-08
2.400000E+00 1.113038E-07
2.500000E+00 3.365053E-07
2.600000E+00 5.564233E-07
2.700000E+00 5.957139E-07
2.800000E+00 1.409055E-06
2.900000E+00 5.710449E-06
3.000000E+00 1.417754E-05
3.100000E+00 2.036943E-05
3.200000E+00 2.153195E-05
3.300000E+00 4.695162E-05
3.400000E+00 1.472678E-04
3.500000E+00 3.010345E-04
3.600000E+00 3.821384E-04
3.700000E+00 4.057764E-04
3.800000E+00 7.931127E-04
3.900000E+00 1.934054E-03
4.000000E+00 3.277001E-03
4.100000E+00 3.759857E-03
4.200000E+00 4.037317E-03
4.300000E+00 6.900086E-03
4.400000E+00 1.318246E-02
4.500000E+00 1.873899E-02
4.600000E+00 1.996200E-02
4.700000E+00 2.154990E-02
4.800000E+00 3.162133E-02
4.900000E+00 4.784722E-02
5.000000E+00 5.805979E-02
5.100000E+00 5.896921E-02
5.200000E+00 6.298339E-02
5.300000E+00 7.848284E-02
5.400000E+00 9.518874E-02
5.500000E+00 1.005866E-01
5.600000E+00 9.947146E-02
5.700000E+00 1.028981E-01
5.800000E+00 1.081111E-01
5.900000E+00 1.059260E-01
6.000000E+00 9.929825E-02
6.100000E+00 9.683617E-02
6.200000E+00 9.469076E-02
6.300000E+00 8.299112E-02
6.400000E+00 6.552724E-02
6.500000E+00 5.535397E-02
6.600000E+00 5.339792E-02
6.700000E+00 4.783766E-02
6.800000E+00 3.417984E-02
6.900000E+00 2.136064E-02
7.000000E+00 1.647936E-02
7.100000E+00 1.549707E-02
7.200000E+00 1.206372E-02
7.300000E+00 6.635735E-03
7.400000E+00 3.101722E-03
7.500000E+00 2.190309E-03
7.600000E+00 1.861056E-03
7.700000E+00 1.073587E-03
7.800000E+00 3.673431E-04
7.900000E+00 1.305340E-04
8.000000E+00 1.035014E-04
8.100000E+00 7.841448E-05
8.200000E+00 1.018269E-04
8.300000E+00 1.646181E-04
8.400000E+00 1.821840E-04
8.500000E+00 1.814193E-04
8.600000E+00 2.423903E-04
8.700000E+00 3.256029E-04
8.800000E+00 3.273755E-04
8.900000E+00 2.602355E-04
9.000000E+00 2.422970E-04
9.100000E+00 3.145634E-04
9.200000E+00 3.776841E-04
9.300000E+00 3.404943E-04
9.400000E+00 2.533340E-04
9.500000E+00 2.343912E-04
9.600000E+00 3.024108E-04
9.700000E+00 3.542515E-04
9.800000E+00 3.120532E-04
9.900000E+00 2.295029E-04
1.000000E+01 2.131237E-04
1.010000E+01 2.745989E-04
1.020000E+01 3.189683E-04
1.030000E+01 2.787268E-04
1.040000E+01 2.045113E-04
1.050000E+01 1.908584E-04
1.060000E+01 2.456707E-04
1.070000E+01 2.835551E-04
1.080000E+01 2.462683E-04
1.090000E+01 1.804937E-04
1.100000E+01 1.693257E-04
1.110000E+01 2.177212E-04
1.120000E+01 2.497230E-04
1.130000E+01 2.155962E-04
1.140000E+01 1.578862E-04
1.150000E+01 1.489172E-04
1.160000E+01 1.912335E-04
1.170000E+01 2.179274E-04
1.180000E+01 1.870143E-04
1.190000E+01 1.368744E-04
1.200000E+01 1.298179E-04
1.210000E+01 1.664563E-04
1.220000E+01 1.884246E-04
1.230000E+01 1.607067E-04
1.240000E+01 1.175740E-04
1.250000E+01 1.121567E-04
1.260000E+01 1.435601E-04
1.270000E+01 1.613772E-04
1.280000E+01 1.367780E-04
1.290000E+01 1.000529E-04
1.300000E+01 9.601553E-05
1.310000E+01 1.226526E-04
1.320000E+01 1.368749E-04
1.330000E+01 1.152698E-04
1.340000E+01 8.433101E-05
1.350000E+01 8.143394E-05
1.360000E+01 1.037860E-04
1.370000E+01 1.149417E-04
1.380000E+01 9.616653E-05
1.390000E+01 7.038758E-05
1.400000E+01 6.841298E-05
1.410000E+01 8.696071E-05
1.420000E+01 9.554015E-05
1.430000E+01 7.939887E-05
1.440000E+01 5.816302E-05
1.450000E+01 5.691684E-05
1.460000E+01 7.212869E-05
1.470000E+01 7.857746E-05
1.480000E+01 6.485110E-05
1.490000E+01 4.756482E-05
1.500000E+01 4.687767E-05
1.510000E+01 5.919940E-05
1.520000E+01 6.391399E-05
1.530000E+01 5.237047E-05
1.540000E+01 3.847505E-05
1.550000E+01 3.820225E-05
1.560000E+01 4.804944E-05
1.570000E+01 5.137606E-05
1.580000E+01 4.177899E-05
1.590000E+01 3.075932E-05
1.600000E+01 3.078064E-05
1.610000E+01 3.853359E-05
1.620000E+01 4.076948E-05
1.630000E+01 3.288707E-05
1.640000E+01 2.427758E-05
1.650000E+01 2.449503E-05
1.660000E+01 3.049658E-05
1.670000E+01 3.189392E-05
1.680000E+01 2.550440E-05
1.690000E+01 1.889035E-05
1.700000E+01 1.922650E-05
1.710000E+01 2.378191E-05
1.720000E+01 2.455192E-05
1.730000E+01 1.944808E-05
1.740000E+01 1.446497E-05
1.750000E+01 1.485994E-05
1.760000E+01 1.823824E-05
1.770000E+01 1.855561E-05
1.780000E+01 1.454624E-05
1.790000E+01 1.087723E-05
1.800000E+01 1.128635E-05
1.810000E+01 1.372213E-05
1.820000E+01 1.372924E-05
1.830000E+01 1.063986E-05
1.840000E+01 8.012080E-06
1.850000E+01 8.403425E-06
1.860000E+01 1.009890E-05
1.870000E+01 9.909330E-06
1.880000E+01 7.582291E-06
1.890000E+01 5.763316E-06
1.900000E+01 6.115420E-06
1.910000E+01 7.242591E-06
1.920000E+01 6.944362E-06
1.930000E+01 5.238717E-06
1.940000E+01 4.033234E-06
1.950000E+01 4.333131E-06
1.960000E+01 5.035883E-06
1.970000E+01 4.694813E-06
1.980000E+01 3.486170E-06
1.990000E+01 2.732730E-06
2.000000E+01 2.974216E-06
2.010000E+01 3.370696E-06
2.020000E+01 3.033767E-06
2.030000E+01 2.214144E-06
2.040000E+01 1.781856E-06
2.050000E+01 1.963926E-06
2.060000E+01 2.149181E-06
2.070000E+01 1.847954E-06
2.080000E+01 1.325370E-06
2.090000E+01 1.110424E-06
2.100000E+01 1.235862E-06
2.110000E+01 1.284716E-06
2.120000E+01 1.038600E-06
2.130000E+01 7.362366E-07
2.140000E+01 6.582450E-07
2.150000E+01 7.323986E-07
2.160000E+01 7.024146E-07
2.170000E+01 5.215741E-07
2.180000E+01 3.764940E-07
2.190000E+01 3.747930E-07
2.200000E+01 4.045570E-07
2.210000E+01 3.388683E-07
2.220000E+01 2.266321E-07
2.230000E+01 1.881794E-07
2.240000E+01 2.183190E-07
2.250000E+01 2.113332E-07
2.260000E+01 1.411978E-07
2.270000E+01 9.593394E-08
2.280000E+01 1.240330E-07
2.290000E+01 1.546496E-07
2.300000E+01 1.187036E-07
2.310000E+01 6.569345E-08
2.320000E+01 8.223592E-08
2.330000E+01 1.457867E-07
2.340000E+01 1.559621E-07
2.350000E+01 9.857638E-08
2.360000E+01 7.641900E-08
2.370000E+01 1.471850E-07
2.380000E+01 2.226751E-07
2.390000E+01 1.997704E-07
2.400000E+01 1.279107E-07
2.410000E+01 1.440590E-07
2.420000E+01 2.599858E-07
2.430000E+01 3.303371E-07
2.440000E+01 2.682013E-07
2.450000E+01 1.880868E-07
2.460000E+01 2.451031E-07
2.470000E+01 3.964785E-07
2.480000E+01 4.500622E-07
2.490000E+01 3.474967E-07
2.500000E+01 2.644748E-07
2.510000E+01 3.612825E-07
2.520000E+01 5.384705E-07
2.530000E+01 5.682024E-07
2.540000E+01 4.275948E-07
2.550000E+01 3.460677E-07
2.560000E+01 4.790766E-07
2.570000E+01 6.730966E-07
2.580000E+01 6.755481E-07
2.590000E+01 5.016511E-07
2.600000E+01 4.250555E-07
2.610000E+01 5.891279E-07
2.620000E+01 7.920385E-07
2.630000E+01 7.665584E-07
2.640000E+01 5.654461E-07
2.650000E+01 4.962846E-07
2.660000E+01 6.855028E-07
2.670000E+01 8.905769E-07
2.680000E+01 8.384689E-07
2.690000E+01 6.167178E-07
2.700000E+01 5.566390E-07
2.710000E+01 7.648560E-07
2.720000E+01 9.665791E-07
2.730000E+01 8.904016E-07
2.740000E+01 6.545240E-07
2.750000E+01 6.044394E-07
2.760000E+01 8.256322E-07
2.770000E+01 1.019592E-06
2.780000E+01 9.226270E-07
2.790000E+01 6.787401E-07
2.800000E+01 6.389590E-07
2.810000E+01 8.674342E-07
2.820000E+01 1.050180E-06
2.830000E+01 9.360795E-07
2.840000E+01 6.897517E-07
2.850000E+01 6.601157E-07
2.860000E+01 8.906325E-07
2.870000E+01 1.059562E-06
2.880000E+01 9.321344E-07
2.890000E+01 6.883287E-07
2.900000E+01 6.683312E-07
2.910000E+01 8.961938E-07
2.920000E+01 1.049486E-06
2.930000E+01 9.125670E-07
2.940000E+01 6.756114E-07
2.950000E+01 6.644944E-07
2.960000E+01 8.856420E-07
2.970000E+01 1.022224E-06
2.980000E+01 8.795686E-07
2.990000E+01 6.531117E-07
3.000000E+01 6.499410E-07
3.010000E+01 8.610326E-07
3.020000E+01 9.805494E-07
3.030000E+01 8.357062E-07
3.040000E+01 6.226557E-07
3.050000E+01 6.263807E-07
3.060000E+01 8.248522E-07
3.070000E+01 9.275949E-07
3.080000E+01 7.837712E-07
3.090000E+01 5.862413E-07
3.100000E+01 5.957453E-07
3.110000E+01 7.798159E-07
3.120000E+01 8.666050E-07
3.130000E+01 7.265358E-07
3.140000E+01 5.458392E-07
3.150000E+01 5.599875E-07
3.160000E+01 7.286018E-07
3.170000E+01 8.006297E-07
3.180000E+01 6.664926E-07
3.190000E+01 5.031988E-07
3.200000E+01 5.208834E-07
3.210000E+01 6.736006E-07
3.220000E+01 7.322646E-07
3.230000E+01 6.056625E-07
3.240000E+01 4.597195E-07
3.250000E+01 4.798999E-07
3.260000E+01 6.167534E-07
3.270000E+01 6.635150E-07
3.280000E+01 5.455255E-07
3.290000E+01 4.164204E-07
3.300000E+01 4.381554E-07
3.310000E+01 5.595178E-07
3.320000E+01 5.958086E-07
3.330000E+01 4.870817E-07
3.340000E+01 3.740021E-07
3.350000E+01 3.964700E-07
3.360000E+01 5.029466E-07
3.370000E+01 5.301275E-07
3.380000E+01 4.309954E-07
3.390000E+01 3.329591E-07
3.400000E+01 3.554675E-07
3.410000E+01 4.478303E-07
3.420000E+01 4.671891E-07
3.430000E+01 3.777590E-07
3.440000E+01 2.936947E-07
3.450000E+01 3.156796E-07
3.460000E+01 3.948354E-07
3.470000E+01 4.076008E-07
3.480000E+01 3.278111E-07
3.490000E+01 2.565932E-07
3.500000E+01 2.776122E-07
3.510000E+01 3.445870E-07
3.520000E+01 3.519371E-07
3.530000E+01 2.815774E-07
3.540000E+01 2.220319E-07
3.550000E+01 2.417534E-07
3.560000E+01 2.976750E-07
3.570000E+01 3.007283E-07
3.580000E+01 2.394381E-07
3.590000E+01 1.903431E-07
3.600000E+01 2.085337E-07
3.610000E+01 2.546013E-07
3.620000E+01 2.543891E-07
3.630000E+01 2.016560E-07
3.640000E+01 1.617558E-07
3.650000E+01 1.782674E-07
3.660000E+01 2.157048E-07
3.670000E+01 2.131376E-07
3.680000E+01 1.683122E-07
3.690000E+01 1.363503E-07
3.700000E+01 1.511080E-07
3.710000E+01 1.811103E-07
3.720000E+01 1.769513E-07
3.730000E+01 1.392840E-07
3.740000E+01 1.140494E-07
3.750000E+01 1.270392E-07
3.760000E+01 1.507248E-07
3.770000E+01 1.455810E-07
3.780000E+01 1.142750E-07
3.790000E+01 9.464854E-08
3.800000E+01 1.059053E-07
3.810000E+01 1.242846E-07
3.820000E+01 1.186187E-07
3.830000E+01 9.288373E-08
3.840000E+01 7.787083E-08
3.850000E+01 8.746888E-08
3.860000E+01 1.014317E-07
3.870000E+01 9.558879E-08
3.880000E+01 7.468314E-08
3.890000E+01 6.342686E-08
3.900000E+01 7.147038E-08
3.910000E+01 8.179255E-08
3.920000E+01 7.603099E-08
3.930000E+01 5.928321E-08
3.940000E+01 5.105824E-08
3.950000E+01 5.767351E-08
3.960000E+01 6.503260E-08
3.970000E+01 5.955016E-08
3.980000E+01 4.636080E-08
3.990000E+01 4.055484E-08
4.000000E+01 4.588307E-08
4.010000E+01 5.087531E-08
4.020000E+01 4.582453E-08
4.030000E+01 3.565507E-08
4.040000E+01 3.174682E-08
4.050000E+01 3.593758E-08
4.060000E+01 3.908931E-08
4.070000E+01 3.458189E-08
4.080000E+01 2.694068E-08
4.090000E+01 2.448206E-08
4.100000E+01 2.768733E-08
4.110000E+01 2.945862E-08
4.120000E+01 2.556366E-08
4.130000E+01 1.999711E-08
4.140000E+01 1.860366E-08
4.150000E+01 2.097259E-08
4.160000E+01 2.175515E-08
4.170000E+01 1.849787E-08
4.180000E+01 1.459018E-08
4.190000E+01 1.393857E-08
4.200000E+01 1.561294E-08
4.210000E+01 1.572724E-08
4.220000E+01 1.309274E-08
4.230000E+01 1.047249E-08
4.240000E+01 1.030101E-08
4.250000E+01 1.141136E-08
4.260000E+01 1.110762E-08
4.270000E+01 9.050670E-09
4.280000E+01 7.398777E-09
4.290000E+01 7.506200E-09
4.300000E+01 8.169148E-09
4.310000E+01 7.633965E-09
4.320000E+01 6.092185E-09
4.330000E+01 5.146316E-09
4.340000E+01 5.386461E-09
4.350000E+01 5.703355E-09
4.360000E+01 5.071295E-09
4.370000E+01 3.977220E-09
4.380000E+01 3.530073E-09
4.390000E+01 3.802335E-09
4.400000E+01 3.859438E-09
4.410000E+01 3.226126E-09
4.420000E+01 2.515316E-09
4.430000E+01 2.407127E-09
4.440000E+01 2.645213E-09
4.450000E+01 2.515116E-09
4.460000E+01 1.948382E-09
4.470000E+01 1.562487E-09
4.480000E+01 1.670644E-09
4.490000E+01 1.832024E-09
4.500000E+01 1.575634E-09
4.510000E+01 1.122843E-09
4.520000E+01 1.008510E-09
4.530000E+01 1.237583E-09
4.540000E+01 1.295909E-09
4.550000E+01 9.640780E-10
4.560000E+01 6.556959E-10
4.570000E+01 7.617967E-10
4.580000E+01 1.036245E-09
4.590000E+01 9.775284E-10
4.600000E+01 6.121583E-10
4.610000E+01 4.628104E-10
4.620000E+01 7.385607E-10
4.630000E+01 9.992636E-10
4.640000E+01 8.206265E-10
4.650000E+01 4.554017E-10
4.660000E+01 4.646978E-10
4.670000E+01 8.599272E-10
4.680000E+01 1.063926E-09
4.690000E+01 7.730839E-10
4.700000E+01 4.337171E-10
4.710000E+01 5.887312E-10
4.720000E+01 1.056447E-09
4.730000E+01 1.177461E-09
4.740000E+01 7.912570E-10
4.750000E+01 4.956133E-10
4.760000E+01 7.750792E-10
4.770000E+01 1.275304E-09
4.780000E+01 1.302763E-09
4.790000E+01 8.437092E-10
4.800000E+01 6.024861E-10
4.810000E+01 9.817386E-10
4.820000E+01 1.484424E-09
4.830000E+01 1.420320E-09
4.840000E+01 9.118589E-10
4.850000E+01 7.297544E-10
4.860000E+01 1.185232E-09
4.870000E+01 1.670727E-09
4.880000E+01 1.524660E-09
4.890000E+01 9.872079E-10
4.900000E+01 8.642815E-10
4.910000E+01 1.376154E-09
4.920000E+01 1.833398E-09
4.930000E+01 1.617345E-09
4.940000E+01 1.066313E-09
4.950000E+01 9.995395E-10
4.960000E+01 1.551869E-09
4.970000E+01 1.975134E-09
4.980000E+01 1.699950E-09
4.990000E+01 1.145807E-09
5.000000E+01 1.130405E-09
5.010000E+01 1.709737E-09
5.020000E+01 2.095101E-09
5.030000E+01 1.769478E-09
5.040000E+01 1.219528E-09
5.050000E+01 1.249656E-09
5.060000E+01 1.843162E-09
5.070000E+01 2.186253E-09
5.080000E+01 1.817562E-09
5.090000E+01 1.278396E-09
5.100000E+01 1.347574E-09
5.110000E+01 1.941601E-09
5.120000E+01 2.237326E-09
5.130000E+01 1.833522E-09
5.140000E+01 1.312745E-09
5.150000E+01 1.414274E-09
5.160000E+01 1.994254E-09
5.170000E+01 2.238022E-09
5.180000E+01 1.809414E-09
5.190000E+01 1.316044E-09
5.200000E+01 1.443233E-09
5.210000E+01 1.995118E-09
5.220000E+01 2.184778E-09
5.230000E+01 1.744320E-09
5.240000E+01 1.287827E-09
5.250000E+01 1.434151E-09
5.260000E+01 1.946472E-09
5.270000E+01 2.083884E-09
5.280000E+01 1.645734E-09
5.290000E+01 1.234050E-09
5.300000E+01 1.393403E-09
5.310000E+01 1.858986E-09
5.320000E+01 1.950089E-09
5.330000E+01 1.527241E-09
5.340000E+01 1.164823E-09
5.350000E+01 1.331684E-09
5.360000E+01 1.748303E-09
5.370000E+01 1.801653E-09
5.380000E+01 1.403682E-09
5.390000E+01 1.090698E-09
5.400000E+01 1.260228E-09
5.410000E+01 1.629784E-09
5.420000E+01 1.654442E-09
5.430000E+01 1.286392E-09
5.440000E+01 1.019212E-09
5.450000E+01 1.187361E-09
5.460000E+01 1.514009E-09
5.470000E+01 1.517644E-09
5.480000E+01 1.180480E-09
5.490000E+01 9.531349E-10
5.500000E+01 1.116583E-09
5.510000E+01 1.404761E-09
5.520000E+01 1.392633E-09
5.530000E+01 1.084716E-09
5.540000E+01 8.907715E-10
5.550000E+01 1.046766E-09
5.560000E+01 1.299757E-09
5.570000E+01 1.274806E-09
5.580000E+01 9.936912E-10
5.590000E+01 8.278013E-10
5.600000E+01 9.740901E-10
5.610000E+01 1.193532E-09
5.620000E+01 1.157221E-09
5.630000E+01 9.011932E-10
5.640000E+01 7.599408E-10
5.650000E+01 8.947653E-10
5.660000E+01 1.081157E-09
5.670000E+01 1.034629E-09
5.680000E+01 8.034750E-10
5.690000E+01 6.853474E-10
5.700000E+01 8.074615E-10
5.710000E+01 9.612403E-10
5.720000E+01 9.063387E-10
5.730000E+01 7.011647E-10
5.740000E+01 6.056797E-10
5.750000E+01 7.144064E-10
5.760000E+01 8.370260E-10
5.770000E+01 7.767013E-10
5.780000E+01 5.989878E-10
5.790000E+01 5.254327E-10
5.800000E+01 6.206836E-10
5.810000E+01 7.152093E-10
5.820000E+01 6.531727E-10
5.830000E+01 5.035061E-10
5.840000E+01 4.500076E-10
5.850000E+01 5.322737E-10
5.860000E+01 6.031825E-10
5.870000E+01 5.430784E-10
5.880000E+01 4.202625E-10
5.890000E+01 3.836100E-10
5.900000E+01 4.538953E-10
5.910000E+01 5.062716E-10
5.920000E+01 4.508079E-10
5.930000E+01 3.518207E-10
5.940000E+01 3.280300E-10
5.950000E+01 3.876242E-10
5.960000E+01 4.262018E-10
5.970000E+01 3.767138E-10
5.980000E+01 2.973932E-10
5.990000E+01 2.825569E-10
6.000000E+01 3.327486E-10
6.010000E+01 3.611736E-10
6.020000E+01 3.177424E-10
6.030000E+01 2.538139E-10
6.040000E+01 2.447220E-10
6.050000E+01 2.865775E-10
6.060000E+01 3.071938E-10
6.070000E+01 2.690774E-10
6.080000E+01 2.170286E-10
6.090000E+01 2.114802E-10
6.100000E+01 2.457337E-10
6.110000E+01 2.598393E-10
6.120000E+01 2.260669E-10
6.130000E+01 1.835248E-10
6.140000E+01 1.803460E-10
6.150000E+01 2.075397E-10
6.160000E+01 2.158169E-10
6.170000E+01 1.857234E-10
6.180000E+01 1.514365E-10
6.190000E+01 1.501663E-10
6.200000E+01 1.709018E-10
6.210000E+01 1.739477E-10
6.220000E+01 1.473724E-10
6.230000E+01 1.208572E-10
6.240000E+01 1.213525E-10
6.250000E+01 1.363574E-10
6.260000E+01 1.351089E-10
6.270000E+01 1.123375E-10
6.280000E+01 9.320576E-11
6.290000E+01 9.531367E-11
6.300000E+01 1.054528E-10
6.310000E+01 1.011942E-10
6.320000E+01 8.268510E-11
6.330000E+01 7.013845E-11
6.340000E+01 7.340951E-11
6.350000E+01 7.970506E-11
6.360000E+01 7.385600E-11
6.370000E+01 5.973729E-11
6.380000E+01 5.251558E-11
6.390000E+01 5.625264E-11
6.400000E+01 5.971437E-11
6.410000E+01 5.358896E-11
6.420000E+01 4.342343E-11
6.430000E+01 3.995046E-11
6.440000E+01 4.355636E-11
6.450000E+01 4.505107E-11
6.460000E+01 3.949560E-11
6.470000E+01 3.251879E-11
6.480000E+01 3.125151E-11
6.490000E+01 3.433226E-11
6.500000E+01 3.461465E-11
6.510000E+01 2.989032E-11
6.520000E+01 2.522888E-11
6.530000E+01 2.509619E-11
6.540000E+01 2.741029E-11
6.550000E+01 2.697982E-11
6.560000E+01 2.306449E-11
6.570000E+01 1.991078E-11
6.580000E+01 2.031996E-11
6.590000E+01 2.185738E-11
6.600000E+01 2.087305E-11
6.610000E+01 1.763700E-11
6.620000E+01 1.553142E-11
6.630000E+01 1.615094E-11
6.640000E+01 1.702730E-11
6.650000E+01 1.557460E-11
6.660000E+01 1.283117E-11
6.670000E+01 1.163772E-11
6.680000E+01 1.240768E-11
6.690000E+01 1.267820E-11
6.700000E+01 1.088352E-11
6.710000E+01 8.631353E-12
6.720000E+01 8.305130E-12
6.730000E+01 9.304167E-12
6.740000E+01 9.041339E-12
6.750000E+01 6.981081E-12
6.760000E+01 5.419628E-12
6.770000E+01 6.001979E-12
6.780000E+01 7.152176E-12
6.790000E+01 6.410616E-12
6.800000E+01 4.237087E-12
6.810000E+01 3.513258E-12
6.820000E+01 5.010645E-12
6.830000E+01 6.103372E-12
6.840000E+01 4.784074E-12
6.850000E+01 2.741080E-12
6.860000E+01 2.921505E-12
6.870000E+01 5.045290E-12
6.880000E+01 5.829275E-12
6.890000E+01 3.916689E-12
6.900000E+01 2.143903E-12
6.910000E+01 3.170980E-12
6.920000E+01 5.482989E-12
6.930000E+01 5.671816E-12
6.940000E+01 3.402394E-12
6.950000E+01 2.004665E-12
6.960000E+01 3.544791E-12
6.970000E+01 5.692180E-12
6.980000E+01 5.231685E-12
6.990000E+01 2.877700E-12
7.000000E+01 1.970307E-12
7.010000E+01 3.642962E-12
7.020000E+01 5.347794E-12
7.030000E+01 4.507282E-12
7.040000E+01 2.312793E-12
7.050000E+01 1.822270E-12
7.060000E+01 3.455977E-12
7.070000E+01 4.654687E-12
7.080000E+01 3.676266E-12
7.090000E+01 1.850233E-12
7.100000E+01 1.621635E-12
7.110000E+01 3.131176E-12
7.120000E+01 4.036115E-12
7.130000E+01 3.033078E-12
7.140000E+01 1.549615E-12
7.150000E+01 1.560354E-12
7.160000E+01 2.956510E-12
7.170000E+01 3.753569E-12
7.180000E+01 2.826182E-12
7.190000E+01 1.517691E-12
7.200000E+01 1.739802E-12
7.210000E+01 3.214730E-12
7.220000E+01 3.987812E-12
7.230000E+01 3.097976E-12
7.240000E+01 1.883035E-12
7.250000E+01 2.255166E-12
7.260000E+01 3.951800E-12
7.270000E+01 4.806268E-12
7.280000E+01 3.796744E-12
7.290000E+01 2.563107E-12
7.300000E+01 3.109657E-12
7.310000E+01 5.029176E-12
7.320000E+01 5.934899E-12
7.330000E+01 4.715567E-12
7.340000E+01 3.317786E-12
7.350000E+01 4.014993E-12
7.360000E+01 6.122494E-12
7.370000E+01 6.884362E-12
7.380000E+01 5.378347E-12
7.390000E+01 3.848888E-12
7.400000E+01 4.608841E-12
7.410000E+01 6.725468E-12
7.420000E+01 7.199967E-12
7.430000E+01 5.390547E-12
7.440000E+01 3.873971E-12
7.450000E+01 4.700112E-12
7.460000E+01 6.541485E-12
7.470000E+01 6.641460E-12
7.480000E+01 4.744700E-12
7.490000E+01 3.405039E-12
7.500000E+01 4.272846E-12
7.510000E+01 5.709652E-12
7.520000E+01 5.428334E-12
7.530000E+01 3.708298E-12
7.540000E+01 2.747325E-12
7.550000E+01 3.550497E-12
7.560000E+01 4.579015E-12
7.570000E+01 4.107629E-12
7.580000E+01 2.687946E-12
7.590000E+01 2.150816E-12
7.600000E+01 2.881486E-12
7.610000E+01 3.550545E-12
7.620000E+01 3.082879E-12
7.630000E+01 2.026164E-12
7.640000E+01 1.756903E-12
7.650000E+01 2.446589E-12
7.660000E+01 2.943553E-12
7.670000E+01 2.526302E-12
7.680000E+01 1.779950E-12
7.690000E+01 1.671397E-12
7.700000E+01 2.306071E-12
7.710000E+01 2.807810E-12
7.720000E+01 2.492728E-12
7.730000E+01 1.879985E-12
7.740000E+01 1.860965E-12
7.750000E+01 2.496956E-12
7.760000E+01 3.037553E-12
7.770000E+01 2.849140E-12
7.780000E+01 2.268037E-12
7.790000E+01 2.203290E-12
7.800000E+01 2.878814E-12
7.810000E+01 3.485268E-12
7.820000E+01 3.331866E-12
7.830000E+01 2.721238E-12
7.840000E+01 2.554260E-12
7.850000E+01 3.189796E-12
7.860000E+01 3.845190E-12
7.870000E+01 3.656818E-12
7.880000E+01 2.921534E-12
7.890000E+01 2.677149E-12
7.900000E+01 3.238603E-12
7.910000E+01 3.802664E-12
7.920000E+01 3.533151E-12
7.930000E+01 2.716949E-12
7.940000E+01 2.426211E-12
7.950000E+01 2.920523E-12
7.960000E+01 3.302832E-12
7.970000E+01 2.893241E-12
7.980000E+01 2.151356E-12
7.990000E+01 1.932388E-12
8.000000E+01 2.308236E-12
8.010000E+01 2.498604E-12
8.020000E+01 2.026610E-12
8.030000E+01 1.450735E-12
8.040000E+01 1.400633E-12
8.050000E+01 1.662916E-12
8.060000E+01 1.655986E-12
8.070000E+01 1.262109E-12
8.080000E+01 9.134526E-13
8.090000E+01 9.663460E-13
8.100000E+01 1.160766E-12
8.110000E+01 1.052900E-12
8.120000E+01 7.553623E-13
8.130000E+01 6.256512E-13
8.140000E+01 7.204885E-13
8.150000E+01 8.354091E-13
8.160000E+01 7.550062E-13
8.170000E+01 5.488840E-13
8.180000E+01 5.024614E-13
8.190000E+01 6.397270E-13
8.200000E+01 7.237628E-13
8.210000E+01 6.750023E-13
8.220000E+01 5.673345E-13
8.230000E+01 5.302822E-13
8.240000E+01 6.581851E-13
8.250000E+01 7.947689E-13
8.260000E+01 7.798396E-13
8.270000E+01 7.015571E-13
8.280000E+01 6.882901E-13
8.290000E+01 7.798911E-13
8.300000E+01 9.318671E-13
8.310000E+01 9.891204E-13
8.320000E+01 9.055176E-13
8.330000E+01 8.589627E-13
8.340000E+01 9.270551E-13
8.350000E+01 1.048024E-12
8.360000E+01 1.123616E-12
8.370000E+01 1.055640E-12
8.380000E+01 9.331983E-13
8.390000E+01 9.359218E-13
8.400000E+01 1.043686E-12
8.410000E+01 1.078047E-12
8.420000E+01 9.811597E-13
8.430000E+01 8.330144E-13
8.440000E+01 7.813388E-13
8.450000E+01 8.508771E-13
8.460000E+01 8.489868E-13
8.470000E+01 7.078080E-13
8.480000E+01 5.759863E-13
8.490000E+01 5.571894E-13
8.500000E+01 5.721781E-13
8.510000E+01 5.200839E-13
8.520000E+01 4.074265E-13
8.530000E+01 3.373501E-13
8.540000E+01 3.552208E-13
8.550000E+01 3.453136E-13
8.560000E+01 2.628406E-13
8.570000E+01 2.105673E-13
8.580000E+01 2.342376E-13
8.590000E+01 2.467419E-13
8.600000E+01 2.027070E-13
8.610000E+01 1.536304E-13
8.620000E+01 1.581964E-13
8.630000E+01 2.071540E-13
8.640000E+01 2.071343E-13
8.650000E+01 1.428928E-13
8.660000E+01 1.218778E-13
8.670000E+01 1.699299E-13
8.680000E+01 1.910358E-13
8.690000E+01 1.649304E-13
8.700000E+01 1.358585E-13
8.710000E+01 1.267334E-13
8.720000E+01 1.537091E-13
8.730000E+01 1.737410E-13
8.740000E+01 1.512296E-13
8.750000E+01 1.450301E-13
8.760000E+01 1.620929E-13
8.770000E+01 1.578403E-13
8.780000E+01 1.695016E-13
8.790000E+01 1.969442E-13
8.800000E+01 1.963840E-13
8.810000E+01 2.030761E-13
8.820000E+01 2.205907E-13
8.830000E+01 2.185590E-13
8.840000E+01 2.399259E-13
8.850000E+01 2.623370E-13
8.860000E+01 2.495089E-13
8.870000E+01 2.591979E-13
8.880000E+01 2.694189E-13
8.890000E+01 2.450341E-13
8.900000E+01 2.475076E-13
8.910000E+01 2.595492E-13
8.920000E+01 2.320889E-13
8.930000E+01 2.188820E-13
8.940000E+01 2.060970E-13
8.950000E+01 1.742426E-13
8.960000E+01 1.769866E-13
8.970000E+01 1.677243E-13
8.980000E+01 1.280565E-13
8.990000E+01 1.271652E-13
9.000000E+01 1.239328E-13
9.010000E+01 9.265390E-14
9.020000E+01 1.054246E-13
9.030000E+01 1.179225E-13
9.040000E+01 9.662923E-14
9.050000E+01 1.001637E-13
9.060000E+01 1.092718E-13
9.070000E+01 1.251557E-13
9.080000E+01 1.660077E-13
9.090000E+01 1.494152E-13
9.100000E+01 1.103394E-13
9.110000E+01 1.631866E-13
9.120000E+01 2.212285E-13
9.130000E+01 2.082254E-13
9.140000E+01 1.720524E-13
9.150000E+01 1.472063E-13
9.160000E+01 1.829188E-13
9.170000E+01 2.480233E-13
9.180000E+01 2.103612E-13
9.190000E+01 1.265250E-13
9.200000E+01 1.365819E-13
9.210000E+01 1.730176E-13
9.220000E+01 1.723949E-13
9.230000E+01 1.446941E-13
9.240000E+01 9.523711E-14
9.250000E+01 9.151915E-14
9.260000E+01 1.296160E-13
9.270000E+01 1.115995E-13
9.280000E+01 7.867681E-14
9.290000E+01 9.407013E-14
9.300000E+01 9.443999E-14
9.310000E+01 8.956086E-14
9.320000E+01 1.025321E-13
9.330000E+01 9.583112E-14
9.340000E+01 9.829865E-14
9.350000E+01 1.144978E-13
9.360000E+01 1.011326E-13
9.370000E+01 1.044771E-13
9.380000E+01 1.259922E-13
9.390000E+01 1.063570E-13
9.400000E+01 9.453505E-14
9.410000E+01 1.079764E-13
9.420000E+01 1.003398E-13
9.430000E+01 9.236396E-14
9.440000E+01 8.922714E-14
9.450000E+01 6.979093E-14
9.460000E+01 7.174702E-14
9.470000E+01 7.918481E-14
9.480000E+01 5.949338E-14
9.490000E+01 5.918092E-14
9.500000E+01 7.199986E-14
9.510000E+01 6.695708E-14
9.520000E+01 7.572412E-14
9.530000E+01 9.031089E-14
9.540000E+01 8.657036E-14
9.550000E+01 1.006655E-13
9.560000E+01 1.274816E-13
9.570000E+01 1.466616E-13
9.580000E+01 1.597741E-13
9.590000E+01 1.533812E-13
9.600000E+01 1.510409E-13
9.610000E+01 1.950146E-13
9.620000E+01 2.347650E-13
9.630000E+01 2.103628E-13
9.640000E+01 1.742054E-13
9.650000E+01 1.756800E-13
9.660000E+01 2.150568E-13
9.670000E+01 2.344351E-13
9.680000E+01 1.888185E-13
9.690000E+01 1.360495E-13
9.700000E+01 1.419913E-13
9.710000E+01 1.711490E-13
9.720000E+01 1.549577E-13
9.730000E+01 1.124463E-13
9.740000E+01 8.760764E-14
9.750000E+01 9.597182E-14
9.760000E+01 1.022657E-13
9.770000E+01 8.306450E-14
9.780000E+01 6.787531E-14
9.790000E+01 7.234080E-14
9.800000E+01 7.918567E-14
9.810000E+01 7.305793E-14
9.820000E+01 7.095775E-14
9.830000E+01 8.223205E-14
9.840000E+01 9.067499E-14
9.850000E+01 8.122201E-14
9.860000E+01 8.046693E-14
9.870000E+01 9.552945E-14
9.880000E+01 1.014850E-13
9.890000E+01 9.290953E-14
9.900000E+01 7.902978E-14
9.910000E+01 7.911334E-14
9.920000E+01 9.172140E-14
9.930000E+01 8.739922E-14
9.940000E+01 6.392902E-14
9.950000E+01 6.124594E-14
9.960000E+01 6.621017E-14
9.970000E+01 5.941628E-14
9.980000E+01 5.781882E-14
9.990000E+01 5.574332E-14
1.000000E+02 5.602567E-14
1.001000E+02 6.754741E-14
1.002000E+02 6.954845E-14
1.003000E+02 6.964471E-14
1.004000E+02 8.900341E-14
1.005000E+02 9.717554E-14
1.006000E+02 1.051434E-13
1.007000E+02 1.320086E-13
1.008000E+02 1.397589E-13
1.009000E+02 1.302295E-13
1.010000E+02 1.436346E-13
1.011000E+02 1.656711E-13
1.012000E+02 1.826512E-13
1.013000E+02 1.835700E-13
1.014000E+02 1.467661E-13
1.015000E+02 1.408275E-13
1.016000E+02 1.786886E-13
1.017000E+02 1.784909E-13
1.018000E+02 1.400289E-13
1.019000E+02 1.164074E-13
1.020000E+02 1.099654E-13
1.021000E+02 1.199320E-13
1.022000E+02 1.200516E-13
1.023000E+02 7.845137E-14
1.024000E+02 6.526273E-14
1.025000E+02 8.343560E-14
1.026000E+02 7.092585E-14
1.027000E+02 6.004659E-14
1.028000E+02 6.870601E-14
1.029000E+02 6.336696E-14
1.030000E+02 6.721924E-14
1.031000E+02 7.632445E-14
1.032000E+02 7.028905E-14
1.033000E+02 8.933017E-14
1.034000E+02 9.909576E-14
1.035000E+02 7.572433E-14
1.036000E+02 8.775989E-14
1.037000E+02 1.173404E-13
1.038000E+02 1.056313E-13
1.039000E+02 9.325469E-14
1.040000E+02 8.765623E-14
1.041000E+02 8.271049E-14
1.042000E+02 1.043539E-13
1.043000E+02 9.529949E-14
1.044000E+02 5.712148E-14
1.045000E+02 6.278688E-14
1.046000E+02 7.408467E-14
1.047000E+02 5.589896E-14
1.048000E+02 5.631089E-14
1.049000E+02 5.458339E-14
1.050000E+02 4.515677E-14
1.051000E+02 6.264530E-14
1.052000E+02 6.206000E-14
1.053000E+02 5.320355E-14
1.054000E+02 7.788664E-14
1.055000E+02 8.363253E-14
1.056000E+02 7.792140E-14
1.057000E+02 1.081006E-13
1.058000E+02 1.146484E-13
1.059000E+02 1.008928E-13
1.060000E+02 1.169436E-13
1.061000E+02 1.275752E-13
1.062000E+02 1.347994E-13
1.063000E+02 1.449241E-13
1.064000E+02 1.147756E-13
1.065000E+02 9.873461E-14
1.066000E+02 1.332700E-13
1.067000E+02 1.278293E-13
1.068000E+02 9.542183E-14
1.069000E+02 8.754671E-14
1.070000E+02 7.494279E-14
1.071000E+02 7.554285E-14
1.072000E+02 8.328795E-14
1.073000E+02 5.273547E-14
1.074000E+02 4.175544E-14
1.075000E+02 6.373547E-14
1.076000E+02 4.864392E-14
1.077000E+02 4.210045E-14
1.078000E+02 6.291448E-14
1.079000E+02 5.538577E-14
1.080000E+02 5.570467E-14
1.081000E+02 7.468990E-14
1.082000E+02 7.289416E-14
1.083000E+02 8.734363E-14
1.084000E+02 9.822825E-14
1.085000E+02 7.279352E-14
1.086000E+02 8.887948E-14
1.087000E+02 1.242249E-13
1.088000E+02 1.049325E-13
1.089000E+02 8.423803E-14
1.090000E+02 8.634958E-14
1.091000E+02 8.371716E-14
1.092000E+02 9.941807E-14
1.093000E+02 9.127895E-14
1.094000E+02 4.739717E-14
1.095000E+02 5.315449E-14
1.096000E+02 7.098729E-14
1.097000E+02 4.809625E-14
1.098000E+02 4.250136E-14
1.099000E+02 4.667427E-14
1.100000E+02 3.439379E-14
1.101000E+02 4.710653E-14
1.102000E+02 5.255115E-14
1.103000E+02 3.970288E-14
1.104000E+02 6.010045E-14
1.105000E+02 6.973392E-14
1.106000E+02 5.793392E-14
1.107000E+02 8.396696E-14
1.108000E+02 9.906320E-14
1.109000E+02 7.823466E-14
1.110000E+02 8.815586E-14
1.111000E+02 1.034550E-13
1.112000E+02 1.048758E-13
1.113000E+02 1.133622E-13
1.114000E+02 9.188250E-14
1.115000E+02 6.935758E-14
1.116000E+02 9.728467E-14
1.117000E+02 1.015071E-13
1.118000E+02 6.542544E-14
1.119000E+02 5.992464E-14
1.120000E+02 5.678751E-14
1.121000E+02 4.864107E-14
1.122000E+02 5.670963E-14
1.123000E+02 4.078593E-14
1.124000E+02 2.594851E-14
1.125000E+02 4.675583E-14
1.126000E+02 4.360978E-14
1.127000E+02 3.123537E-14
1.128000E+02 5.407030E-14
1.129000E+02 5.635170E-14
1.130000E+02 4.842100E-14
1.131000E+02 7.022597E-14
1.132000E+02 8.069331E-14
1.133000E+02 8.127220E-14
1.134000E+02 9.098351E-14
1.135000E+02 7.850774E-14
1.136000E+02 8.482713E-14
1.137000E+02 1.198740E-13
1.138000E+02 1.051837E-13
1.139000E+02 7.339195E-14
1.140000E+02 8.002897E-14
1.141000E+02 8.776354E-14
1.142000E+02 8.573819E-14
1.143000E+02 7.953956E-14
1.144000E+02 4.848056E-14
1.145000E+02 4.165993E-14
1.146000E+02 6.313082E-14
1.147000E+02 4.661286E-14
1.148000E+02 2.920210E-14
1.149000E+02 4.061219E-14
1.150000E+02 3.699620E-14
1.151000E+02 3.350228E-14
1.152000E+02 4.654353E-14
1.153000E+02 4.286437E-14
1.154000E+02 4.814908E-14
1.155000E+02 6.336638E-14
1.156000E+02 5.763517E-14
1.157000E+02 6.996527E-14
1.158000E+02 9.286508E-14
1.159000E+02 7.725246E-14
1.160000E+02 6.913017E-14
1.161000E+02 9.352725E-14
1.162000E+02 9.900287E-14
1.163000E+02 9.368044E-14
1.164000E+02 8.121797E-14
1.165000E+02 6.186221E-14
1.166000E+02 7.491861E-14
1.167000E+02 8.833960E-14
1.168000E+02 5.889482E-14
1.169000E+02 4.013068E-14
1.170000E+02 4.863795E-14
1.171000E+02 4.232681E-14
1.172000E+02 3.889120E-14
1.173000E+02 3.625370E-14
1.174000E+02 2.554376E-14
1.175000E+02 3.382622E-14
1.176000E+02 4.172085E-14
1.177000E+02 3.381811E-14
1.178000E+02 4.505194E-14
1.179000E+02 5.779018E-14
1.180000E+02 5.039595E-14
1.181000E+02 6.192882E-14
1.182000E+02 8.274304E-14
1.183000E+02 8.412003E-14
1.184000E+02 7.888495E-14
1.185000E+02 7.713933E-14
1.186000E+02 8.530046E-14
1.187000E+02 1.065400E-13
1.188000E+02 1.000791E-13
1.189000E+02 6.819516E-14
1.190000E+02 6.573875E-14
1.191000E+02 8.154660E-14
1.192000E+02 7.973988E-14
1.193000E+02 6.015985E-14
1.194000E+02 4.224539E-14
1.195000E+02 3.874244E-14
1.196000E+02 4.638791E-14
1.197000E+02 4.044716E-14
1.198000E+02 2.579230E-14
1.199000E+02 2.779609E-14
1.200000E+02 3.425599E-14
1.201000E+02 3.299269E-14
1.202000E+02 3.440881E-14
1.203000E+02 4.359435E-14
1.204000E+02 4.862876E-14
1.205000E+02 5.037163E-14
1.206000E+02 5.753424E-14
1.207000E+02 7.208112E-14
1.208000E+02 8.013879E-14
1.209000E+02 7.360042E-14
1.210000E+02 6.699153E-14
1.211000E+02 7.829905E-14
1.212000E+02 9.634910E-14
1.213000E+02 8.716460E-14
1.214000E+02 6.257768E-14
1.215000E+02 5.715780E-14
1.216000E+02 6.937341E-14
1.217000E+02 6.842255E-14
1.218000E+02 5.154699E-14
1.219000E+02 3.537555E-14
1.220000E+02 3.182019E-14
1.221000E+02 3.913342E-14
1.222000E+02 3.319227E-14
1.223000E+02 2.134868E-14
1.224000E+02 2.582467E-14
1.225000E+02 3.280969E-14
1.226000E+02 2.923157E-14
1.227000E+02 3.552510E-14
1.228000E+02 4.580609E-14
1.229000E+02 4.707155E-14
1.230000E+02 5.282284E-14
1.231000E+02 6.189795E-14
1.232000E+02 7.208277E-14
1.233000E+02 8.429175E-14
1.234000E+02 7.756041E-14
1.235000E+02 6.386290E-14
1.236000E+02 8.410940E-14
1.237000E+02 1.009457E-13
1.238000E+02 8.317358E-14
1.239000E+02 6.555699E-14
1.240000E+02 6.075720E-14
1.241000E+02 6.459840E-14
1.242000E+02 7.241303E-14
1.243000E+02 5.471052E-14
1.244000E+02 2.755411E-14
1.245000E+02 3.730066E-14
1.246000E+02 4.227028E-14
1.247000E+02 2.553213E-14
1.248000E+02 2.720141E-14
1.249000E+02 2.961476E-14
1.250000E+02 2.434243E-14
1.251000E+02 3.572305E-14
1.252000E+02 3.899105E-14
1.253000E+02 3.709636E-14
1.254000E+02 5.524987E-14
1.255000E+02 5.412997E-14
1.256000E+02 5.039500E-14
1.257000E+02 7.968108E-14
1.258000E+02 8.601226E-14
1.259000E+02 6.403660E-14
1.260000E+02 7.063264E-14
1.261000E+02 8.190613E-14
1.262000E+02 8.573413E-14
1.263000E+02 9.064912E-14
1.264000E+02 6.190575E-14
1.265000E+02 4.512100E-14
1.266000E+02 7.182250E-14
1.267000E+02 6.823368E-14
1.268000E+02 3.820714E-14
1.269000E+02 3.830070E-14
1.270000E+02 3.419774E-14
1.271000E+02 2.753070E-14
1.272000E+02 3.841151E-14
1.273000E+02 2.477957E-14
1.274000E+02 1.806283E-14
1.275000E+02 4.041200E-14
1.276000E+02 3.472535E-14
1.277000E+02 2.931020E-14
1.278000E+02 5.658669E-14
1.279000E+02 5.341024E-14
1.280000E+02 4.507282E-14
1.281000E+02 7.143959E-14
1.282000E+02 7.887457E-14
1.283000E+02 7.679094E-14
1.284000E+02 8.335052E-14
1.285000E+02 6.734636E-14
1.286000E+02 7.348453E-14
1.287000E+02 1.064937E-13
1.288000E+02 8.291991E-14
1.289000E+02 5.190397E-14
1.290000E+02 6.580731E-14
1.291000E+02 6.479919E-14
1.292000E+02 5.768333E-14
1.293000E+02 5.722370E-14
1.294000E+02 3.014316E-14
1.295000E+02 2.600960E-14
1.296000E+02 4.899252E-14
1.297000E+02 2.826429E-14
1.298000E+02 1.774194E-14
1.299000E+02 4.098847E-14
1.300000E+02 3.130395E-14
1.301000E+02 2.871381E-14
1.302000E+02 5.293436E-14
1.303000E+02 4.704016E-14
1.304000E+02 4.886932E-14
1.305000E+02 6.846643E-14
1.306000E+02 5.966968E-14
1.307000E+02 7.499297E-14
1.308000E+02 9.953356E-14
1.309000E+02 7.006441E-14
1.310000E+02 6.230575E-14
1.311000E+02 9.514668E-14
1.312000E+02 9.018748E-14
1.313000E+02 7.803439E-14
1.314000E+02 7.290560E-14
1.315000E+02 4.829823E-14
1.316000E+02 6.063698E-14
1.317000E+02 7.685373E-14
1.318000E+02 3.918027E-14
1.319000E+02 2.818858E-14
1.320000E+02 4.721800E-14
1.321000E+02 3.038361E-14
1.322000E+02 2.796324E-14
1.323000E+02 3.980892E-14
1.324000E+02 2.405839E-14
1.325000E+02 3.398026E-14
1.326000E+02 5.058705E-14
1.327000E+02 3.636603E-14
1.328000E+02 5.206533E-14
1.329000E+02 7.108721E-14
1.330000E+02 5.042209E-14
1.331000E+02 6.545190E-14
1.332000E+02 9.598101E-14
1.333000E+02 8.108078E-14
1.334000E+02 7.528708E-14
1.335000E+02 8.049725E-14
1.336000E+02 7.516767E-14
1.337000E+02 9.520609E-14
1.338000E+02 9.397302E-14
1.339000E+02 5.089802E-14
1.340000E+02 5.413829E-14
1.341000E+02 7.492402E-14
1.342000E+02 5.430640E-14
1.343000E+02 4.488562E-14
1.344000E+02 4.210050E-14
1.345000E+02 2.630480E-14
1.346000E+02 3.768882E-14
1.347000E+02 4.134437E-14
1.348000E+02 1.994872E-14
1.349000E+02 3.404846E-14
1.350000E+02 4.726510E-14
1.351000E+02 3.185234E-14
1.352000E+02 4.782550E-14
1.353000E+02 6.608787E-14
1.354000E+02 5.290125E-14
1.355000E+02 6.125194E-14
1.356000E+02 7.787979E-14
1.357000E+02 7.883985E-14
1.358000E+02 9.251975E-14
1.359000E+02 8.483576E-14
1.360000E+02 6.181416E-14
1.361000E+02 8.581465E-14
1.362000E+02 1.039280E-13
1.363000E+02 7.446204E-14
1.364000E+02 6.029633E-14
1.365000E+02 6.154615E-14
1.366000E+02 5.631378E-14
1.367000E+02 6.371466E-14
1.368000E+02 5.102294E-14
1.369000E+02 2.476608E-14
1.370000E+02 3.745009E-14
1.371000E+02 4.476749E-14
1.372000E+02 2.505036E-14
1.373000E+02 3.233123E-14
1.374000E+02 4.220012E-14
1.375000E+02 3.316854E-14
1.376000E+02 4.513035E-14
1.377000E+02 5.631135E-14
1.378000E+02 5.367199E-14
1.379000E+02 6.649942E-14
1.380000E+02 6.873569E-14
1.381000E+02 6.529776E-14
1.382000E+02 9.242599E-14
1.383000E+02 9.899324E-14
1.384000E+02 7.135409E-14
1.385000E+02 7.372527E-14
1.386000E+02 9.076367E-14
1.387000E+02 8.989509E-14
1.388000E+02 8.477712E-14
1.389000E+02 6.366220E-14
1.390000E+02 4.809821E-14
1.391000E+02 6.654432E-14
1.392000E+02 6.584887E-14
1.393000E+02 3.750924E-14
1.394000E+02 3.586747E-14
1.395000E+02 4.126173E-14
1.396000E+02 3.280003E-14
1.397000E+02 3.638926E-14
1.398000E+02 3.683670E-14
1.399000E+02 3.286766E-14
1.400000E+02 4.563899E-14
1.401000E+02 4.977812E-14
1.402000E+02 4.857032E-14
1.403000E+02 6.727571E-14
1.404000E+02 7.104871E-14
1.405000E+02 6.033462E-14
1.406000E+02 7.774660E-14
1.407000E+02 9.720767E-14
1.408000E+02 9.093723E-14
1.409000E+02 8.126858E-14
1.410000E+02 7.600932E-14
1.411000E+02 8.224275E-14
1.412000E+02 9.909425E-14
1.413000E+02 8.507253E-14
1.414000E+02 5.399521E-14
1.415000E+02 5.624377E-14
1.416000E+02 6.699612E-14
1.417000E+02 5.629098E-14
1.418000E+02 4.410349E-14
1.419000E+02 3.698391E-14
1.420000E+02 3.362326E-14
1.421000E+02 4.008050E-14
1.422000E+02 3.774909E-14
1.423000E+02 3.067410E-14
1.424000E+02 4.108585E-14
1.425000E+02 4.808919E-14
1.426000E+02 4.458476E-14
1.427000E+02 5.698746E-14
1.428000E+02 7.087018E-14
1.429000E+02 6.614308E-14
1.430000E+02 6.701822E-14
1.431000E+02 8.080053E-14
1.432000E+02 9.279918E-14
1.433000E+02 9.594703E-14
1.434000E+02 8.301778E-14
1.435000E+02 7.006526E-14
1.436000E+02 8.588746E-14
1.437000E+02 9.989031E-14
1.438000E+02 7.764838E-14
1.439000E+02 5.617173E-14
1.440000E+02 5.750020E-14
1.441000E+02 6.027036E-14
1.442000E+02 5.652150E-14
1.443000E+02 4.577469E-14
1.444000E+02 3.159860E-14
1.445000E+02 3.540817E-14
1.446000E+02 4.344954E-14
1.447000E+02 3.287680E-14
1.448000E+02 3.330394E-14
1.449000E+02 4.701122E-14
1.450000E+02 4.486501E-14
1.451000E+02 4.719498E-14
1.452000E+02 6.474069E-14
1.453000E+02 6.867800E-14
1.454000E+02 6.867959E-14
1.455000E+02 7.456602E-14
1.456000E+02 7.801987E-14
1.457000E+02 9.458015E-14
1.458000E+02 1.041363E-13
1.459000E+02 7.853645E-14
1.460000E+02 6.953711E-14
1.461000E+02 9.400352E-14
1.462000E+02 9.384580E-14
1.463000E+02 7.608452E-14
1.464000E+02 6.377262E-14
1.465000E+02 5.120726E-14
1.466000E+02 5.812285E-14
1.467000E+02 6.476034E-14
1.468000E+02 3.898278E-14
1.469000E+02 3.012566E-14
1.470000E+02 4.649369E-14
1.471000E+02 3.677846E-14
1.472000E+02 3.229143E-14
1.473000E+02 4.646778E-14
1.474000E+02 4.182881E-14
1.475000E+02 4.515136E-14
1.476000E+02 6.157043E-14
1.477000E+02 5.967684E-14
1.478000E+02 7.074343E-14
1.479000E+02 8.404700E-14
1.480000E+02 6.724115E-14
1.481000E+02 7.909617E-14
1.482000E+02 1.108087E-13
1.483000E+02 9.639375E-14
1.484000E+02 7.770151E-14
1.485000E+02 8.441902E-14
1.486000E+02 8.383035E-14
1.487000E+02 9.346326E-14
1.488000E+02 9.024077E-14
1.489000E+02 5.138607E-14
1.490000E+02 5.109400E-14
1.491000E+02 7.288751E-14
1.492000E+02 5.193200E-14
1.493000E+02 3.870592E-14
1.494000E+02 4.662573E-14
1.495000E+02 3.430796E-14
1.496000E+02 3.869284E-14
1.497000E+02 4.991074E-14
1.498000E+02 3.498908E-14
1.499000E+02 4.608917E-14
1.500000E+02 6.382276E-14
1.501000E+02 5.009868E-14
1.502000E+02 6.590941E-14
1.503000E+02 9.107127E-14
1.504000E+02 7.119901E-14
1.505000E+02 7.287404E-14
1.506000E+02 9.873376E-14
1.507000E+02 9.829929E-14
1.508000E+02 1.016125E-13
1.509000E+02 9.514610E-14
1.510000E+02 6.925550E-14
1.511000E+02 8.933525E-14
1.512000E+02 1.105005E-13
1.513000E+02 7.216511E-14
1.514000E+02 5.659523E-14
1.515000E+02 6.791795E-14
1.516000E+02 5.544662E-14
1.517000E+02 5.688938E-14
1.518000E+02 5.502833E-14
1.519000E+02 2.976316E-14
1.520000E+02 4.197597E-14
1.521000E+02 5.643729E-14
1.522000E+02 3.292240E-14
1.523000E+02 4.479784E-14
1.524000E+02 6.517418E-14
1.525000E+02 4.775103E-14
1.526000E+02 6.098073E-14
1.527000E+02 8.602743E-14
1.528000E+02 7.522807E-14
1.529000E+02 8.276033E-14
1.530000E+02 9.152595E-14
1.531000E+02 8.180257E-14
1.532000E+02 1.103244E-13
1.533000E+02 1.190622E-13
1.534000E+02 7.626478E-14
1.535000E+02 7.998102E-14
1.536000E+02 1.059098E-13
1.537000E+02 8.945426E-14
1.538000E+02 8.255882E-14
1.539000E+02 7.186602E-14
1.540000E+02 4.678335E-14
1.541000E+02 6.667884E-14
1.542000E+02 7.099145E-14
1.543000E+02 3.371521E-14
1.544000E+02 4.295619E-14
1.545000E+02 5.792752E-14
1.546000E+02 3.536419E-14
1.547000E+02 4.783550E-14
1.548000E+02 6.166140E-14
1.549000E+02 4.585457E-14
1.550000E+02 6.434925E-14
1.551000E+02 7.749861E-14
1.552000E+02 6.725496E-14
1.553000E+02 9.401642E-14
1.554000E+02 9.874846E-14
1.555000E+02 7.068885E-14
1.556000E+02 1.003627E-13
1.557000E+02 1.252765E-13
1.558000E+02 9.809886E-14
1.559000E+02 9.344004E-14
1.560000E+02 9.208598E-14
1.561000E+02 8.335071E-14
1.562000E+02 1.068422E-13
1.563000E+02 9.276672E-14
1.564000E+02 4.796087E-14
1.565000E+02 6.501680E-14
1.566000E+02 7.590295E-14
1.567000E+02 4.740466E-14
1.568000E+02 5.243695E-14
1.569000E+02 5.270179E-14
1.570000E+02 3.603677E-14
1.571000E+02 5.597781E-14
1.572000E+02 5.769091E-14
1.573000E+02 4.172254E-14
1.574000E+02 6.884107E-14
1.575000E+02 7.367407E-14
1.576000E+02 5.837337E-14
1.577000E+02 9.196996E-14
1.578000E+02 1.040526E-13
1.579000E+02 7.922260E-14
1.580000E+02 9.404838E-14
1.581000E+02 1.083813E-13
1.582000E+02 1.068504E-13
1.583000E+02 1.210894E-13
1.584000E+02 9.809617E-14
1.585000E+02 7.196540E-14
1.586000E+02 1.057439E-13
1.587000E+02 1.103693E-13
1.588000E+02 7.129451E-14
1.589000E+02 6.950191E-14
1.590000E+02 6.763420E-14
1.591000E+02 5.590020E-14
1.592000E+02 6.874578E-14
1.593000E+02 5.417626E-14
1.594000E+02 3.450061E-14
1.595000E+02 5.933974E-14
1.596000E+02 5.861674E-14
1.597000E+02 4.084357E-14
1.598000E+02 6.676020E-14
1.599000E+02 7.221851E-14
1.600000E+02 5.837640E-14
1.601000E+02 8.376954E-14
1.602000E+02 9.601795E-14
1.603000E+02 9.018252E-14
1.604000E+02 1.040469E-13
1.605000E+02 9.585143E-14
1.606000E+02 9.409275E-14
1.607000E+02 1.316269E-13
1.608000E+02 1.212209E-13
1.609000E+02 8.227338E-14
1.610000E+02 9.450219E-14
1.611000E+02 1.046040E-13
1.612000E+02 9.376055E-14
1.613000E+02 9.234320E-14
1.614000E+02 6.671824E-14
1.615000E+02 5.189253E-14
1.616000E+02 7.733273E-14
1.617000E+02 6.482591E-14
1.618000E+02 3.907264E-14
1.619000E+02 5.716626E-14
1.620000E+02 5.714558E-14
1.621000E+02 4.495493E-14
1.622000E+02 6.439944E-14
1.623000E+02 6.551475E-14
1.624000E+02 6.102858E-14
1.625000E+02 8.250791E-14
1.626000E+02 8.190685E-14
1.627000E+02 8.647122E-14
1.628000E+02 1.153485E-13
1.629000E+02 1.011539E-13
1.630000E+02 8.471994E-14
1.631000E+02 1.177894E-13
1.632000E+02 1.278759E-13
1.633000E+02 1.102139E-13
1.634000E+02 1.032273E-13
1.635000E+02 8.771662E-14
1.636000E+02 9.307419E-14
1.637000E+02 1.135333E-13
1.638000E+02 8.342313E-14
1.639000E+02 5.477609E-14
1.640000E+02 7.143574E-14
1.641000E+02 6.789625E-14
1.642000E+02 5.366116E-14
1.643000E+02 5.799143E-14
1.644000E+02 4.872063E-14
1.645000E+02 4.860742E-14
1.646000E+02 6.424731E-14
1.647000E+02 5.646465E-14
1.648000E+02 5.973740E-14
1.649000E+02 8.127292E-14
1.650000E+02 7.419185E-14
1.651000E+02 7.724247E-14
1.652000E+02 1.070123E-13
1.653000E+02 1.079576E-13
1.654000E+02 9.647166E-14
1.655000E+02 1.017917E-13
1.656000E+02 1.089151E-13
1.657000E+02 1.242713E-13
1.658000E+02 1.250727E-13
1.659000E+02 9.160743E-14
1.660000E+02 8.259876E-14
1.661000E+02 1.056680E-13
1.662000E+02 1.010647E-13
1.663000E+02 7.746659E-14
1.664000E+02 6.501263E-14
1.665000E+02 5.929076E-14
1.666000E+02 6.335016E-14
1.667000E+02 6.215620E-14
1.668000E+02 4.651830E-14
1.669000E+02 4.636513E-14
1.670000E+02 5.751383E-14
1.671000E+02 5.473775E-14
1.672000E+02 5.581087E-14
1.673000E+02 6.913152E-14
1.674000E+02 7.403216E-14
1.675000E+02 7.441844E-14
1.676000E+02 8.548045E-14
1.677000E+02 1.018990E-13
1.678000E+02 1.095818E-13
1.679000E+02 1.024355E-13
1.680000E+02 9.549201E-14
1.681000E+02 1.094748E-13
1.682000E+02 1.286463E-13
1.683000E+02 1.191562E-13
1.684000E+02 8.960043E-14
1.685000E+02 8.341048E-14
1.686000E+02 9.995044E-14
1.687000E+02 9.783928E-14
1.688000E+02 7.599620E-14
1.689000E+02 5.951607E-14
1.690000E+02 5.617585E-14
1.691000E+02 6.138021E-14
1.692000E+02 5.814959E-14
1.693000E+02 4.332129E-14
1.694000E+02 4.520368E-14
1.695000E+02 5.720328E-14
1.696000E+02 5.216363E-14
1.697000E+02 5.538268E-14
1.698000E+02 7.234905E-14
1.699000E+02 7.259991E-14
1.700000E+02 7.393228E-14
1.701000E+02 9.013149E-14
1.702000E+02 1.008954E-13
1.703000E+02 1.104434E-13
1.704000E+02 1.075283E-13
1.705000E+02 9.102695E-14
1.706000E+02 1.085851E-13
1.707000E+02 1.353664E-13
1.708000E+02 1.130869E-13
1.709000E+02 8.585407E-14
1.710000E+02 8.891227E-14
1.711000E+02 9.163823E-14
1.712000E+02 9.406990E-14
1.713000E+02 8.100564E-14
1.714000E+02 4.914329E-14
1.715000E+02 5.319891E-14
1.716000E+02 6.822845E-14
1.717000E+02 4.705545E-14
1.718000E+02 4.109684E-14
1.719000E+02 5.503086E-14
1.720000E+02 4.714693E-14
1.721000E+02 5.205450E-14
1.722000E+02 6.757471E-14
1.723000E+02 6.370735E-14
1.724000E+02 7.496146E-14
1.725000E+02 8.696116E-14
1.726000E+02 8.064104E-14
1.727000E+02 1.059298E-13
1.728000E+02 1.254284E-13
1.729000E+02 9.583468E-14
1.730000E+02 9.413533E-14
1.731000E+02 1.228903E-13
1.732000E+02 1.233929E-13
1.733000E+02 1.155942E-13
1.734000E+02 9.780908E-14
1.735000E+02 7.363907E-14
1.736000E+02 9.454874E-14
1.737000E+02 1.054521E-13
1.738000E+02 6.327143E-14
1.739000E+02 5.229200E-14
1.740000E+02 6.537698E-14
1.741000E+02 5.103100E-14
1.742000E+02 5.092733E-14
1.743000E+02 5.421166E-14
1.744000E+02 3.931841E-14
1.745000E+02 5.416693E-14
1.746000E+02 6.686584E-14
1.747000E+02 5.305222E-14
1.748000E+02 7.393625E-14
1.749000E+02 9.159523E-14
1.750000E+02 7.220571E-14
1.751000E+02 9.195614E-14
1.752000E+02 1.241193E-13
1.753000E+02 1.114166E-13
1.754000E+02 1.067675E-13
1.755000E+02 1.095055E-13
1.756000E+02 1.073285E-13
1.757000E+02 1.345022E-13
1.758000E+02 1.300567E-13
1.759000E+02 7.908560E-14
1.760000E+02 8.284873E-14
1.761000E+02 1.078987E-13
1.762000E+02 8.520487E-14
1.763000E+02 7.199195E-14
1.764000E+02 6.464647E-14
1.765000E+02 4.549579E-14
1.766000E+02 6.083403E-14
1.767000E+02 6.362806E-14
1.768000E+02 3.480810E-14
1.769000E+02 5.163750E-14
1.770000E+02 6.915259E-14
1.771000E+02 4.850041E-14
1.772000E+02 6.754299E-14
1.773000E+02 9.151665E-14
1.774000E+02 7.461791E-14
1.775000E+02 8.708028E-14
1.776000E+02 1.093973E-13
1.777000E+02 1.080320E-13
1.778000E+02 1.285684E-13
1.779000E+02 1.225193E-13
1.780000E+02 8.971132E-14
1.781000E+02 1.228411E-13
1.782000E+02 1.505511E-13
1.783000E+02 1.087996E-13
1.784000E+02 9.152421E-14
1.785000E+02 9.600324E-14
1.786000E+02 8.470246E-14
1.787000E+02 9.801007E-14
1.788000E+02 8.318609E-14
1.789000E+02 3.980971E-14
1.790000E+02 5.933898E-14
1.791000E+02 7.309153E-14
1.792000E+02 3.864694E-14
1.793000E+02 4.983972E-14
1.794000E+02 6.594573E-14
1.795000E+02 4.577829E-14
1.796000E+02 6.584946E-14
1.797000E+02 8.356598E-14
1.798000E+02 7.035501E-14
1.799000E+02 9.406763E-14
1.800000E+02 1.027020E-13
1.801000E+02 8.732459E-14
1.802000E+02 1.305161E-13
1.803000E+02 1.449769E-13
1.804000E+02 9.780886E-14
1.805000E+02 1.093487E-13
1.806000E+02 1.374554E-13
1.807000E+02 1.257839E-13
1.808000E+02 1.269720E-13
1.809000E+02 1.025168E-13
1.810000E+02 6.761986E-14
1.811000E+02 1.034128E-13
1.812000E+02 1.072934E-13
1.813000E+02 5.224602E-14
1.814000E+02 5.866141E-14
1.815000E+02 6.912288E-14
1.816000E+02 4.308117E-14
1.817000E+02 5.816115E-14
1.818000E+02 6.024046E-14
1.819000E+02 3.780866E-14
1.820000E+02 6.895882E-14
1.821000E+02 7.720930E-14
1.822000E+02 5.719770E-14
1.823000E+02 9.694370E-14
1.824000E+02 1.068069E-13
1.825000E+02 7.577043E-14
1.826000E+02 1.149275E-13
1.827000E+02 1.442131E-13
1.828000E+02 1.186163E-13
1.829000E+02 1.249702E-13
1.830000E+02 1.186666E-13
1.831000E+02 1.095769E-13
1.832000E+02 1.526366E-13
1.833000E+02 1.345699E-13
1.834000E+02 7.128051E-14
1.835000E+02 9.273849E-14
1.836000E+02 1.090412E-13
1.837000E+02 7.436501E-14
1.838000E+02 7.747687E-14
1.839000E+02 6.286257E-14
1.840000E+02 3.759944E-14
1.841000E+02 6.962497E-14
1.842000E+02 6.249507E-14
1.843000E+02 3.021549E-14
1.844000E+02 6.819828E-14
1.845000E+02 7.515153E-14
1.846000E+02 4.883700E-14
1.847000E+02 9.071243E-14
1.848000E+02 1.059005E-13
1.849000E+02 8.092896E-14
1.850000E+02 1.092848E-13
1.851000E+02 1.229549E-13
1.852000E+02 1.199446E-13
1.853000E+02 1.555821E-13
1.854000E+02 1.300017E-13
1.855000E+02 9.044426E-14
1.856000E+02 1.445382E-13
1.857000E+02 1.574076E-13
1.858000E+02 1.060138E-13
1.859000E+02 1.026255E-13
1.860000E+02 9.358951E-14
1.861000E+02 7.884332E-14
1.862000E+02 1.069230E-13
1.863000E+02 7.587880E-14
1.864000E+02 3.208518E-14
1.865000E+02 7.144378E-14
1.866000E+02 6.879107E-14
1.867000E+02 3.325501E-14
1.868000E+02 6.611445E-14
1.869000E+02 6.949013E-14
1.870000E+02 4.834827E-14
1.871000E+02 8.760201E-14
1.872000E+02 9.385332E-14
1.873000E+02 8.335786E-14
1.874000E+02 1.216025E-13
1.875000E+02 1.108965E-13
1.876000E+02 1.001779E-13
1.877000E+02 1.643840E-13
1.878000E+02 1.577384E-13
1.879000E+02 1.044718E-13
1.880000E+02 1.311650E-13
1.881000E+02 1.439527E-13
1.882000E+02 1.333833E-13
1.883000E+02 1.445361E-13
1.884000E+02 9.731827E-14
1.885000E+02 6.663009E-14
1.886000E+02 1.182269E-13
1.887000E+02 9.973971E-14
1.888000E+02 4.718639E-14
1.889000E+02 7.189217E-14
1.890000E+02 6.493625E-14
1.891000E+02 4.311124E-14
1.892000E+02 7.410883E-14
1.893000E+02 6.071664E-14
1.894000E+02 4.746110E-14
1.895000E+02 9.331607E-14
1.896000E+02 8.338573E-14
1.897000E+02 7.581926E-14
1.898000E+02 1.323433E-13
1.899000E+02 1.184382E-13
1.900000E+02 9.287312E-14
1.901000E+02 1.497718E-13
1.902000E+02 1.626915E-13
1.903000E+02 1.413042E-13
1.904000E+02 1.523712E-13
1.905000E+02 1.233267E-13
1.906000E+02 1.268274E-13
1.907000E+02 1.803581E-13
1.908000E+02 1.341669E-13
1.909000E+02 7.684700E-14
1.910000E+02 1.104434E-13
1.911000E+02 1.054864E-13
1.912000E+02 7.822236E-14
1.913000E+02 9.032596E-14
1.914000E+02 5.714786E-14
1.915000E+02 4.597696E-14
1.916000E+02 8.685232E-14
1.917000E+02 5.941452E-14
1.918000E+02 4.444751E-14
1.919000E+02 9.464440E-14
1.920000E+02 8.024802E-14
1.921000E+02 6.957620E-14
1.922000E+02 1.253846E-13
1.923000E+02 1.220944E-13
1.924000E+02 1.078864E-13
1.925000E+02 1.405519E-13
1.926000E+02 1.378062E-13
1.927000E+02 1.539968E-13
1.928000E+02 1.913492E-13
1.929000E+02 1.361661E-13
1.930000E+02 1.104902E-13
1.931000E+02 1.728664E-13
1.932000E+02 1.631547E-13
1.933000E+02 1.212852E-13
1.934000E+02 1.174960E-13
1.935000E+02 8.948161E-14
1.936000E+02 9.149412E-14
1.937000E+02 1.191252E-13
1.938000E+02 6.700510E-14
1.939000E+02 4.439982E-14
1.940000E+02 8.814954E-14
1.941000E+02 6.538954E-14
1.942000E+02 4.994776E-14
1.943000E+02 8.916872E-14
1.944000E+02 7.724361E-14
1.945000E+02 7.452174E-14
1.946000E+02 1.167709E-13
1.947000E+02 1.118943E-13
1.948000E+02 1.237760E-13
1.949000E+02 1.557752E-13
1.950000E+02 1.248173E-13
1.951000E+02 1.392313E-13
1.952000E+02 2.065879E-13
1.953000E+02 1.777618E-13
1.954000E+02 1.332924E-13
1.955000E+02 1.554017E-13
1.956000E+02 1.560126E-13
1.957000E+02 1.637109E-13
1.958000E+02 1.619096E-13
1.959000E+02 9.422597E-14
1.960000E+02 8.459255E-14
1.961000E+02 1.315146E-13
1.962000E+02 9.484217E-14
1.963000E+02 5.946384E-14
1.964000E+02 8.207064E-14
1.965000E+02 6.380076E-14
1.966000E+02 6.096794E-14
1.967000E+02 8.713749E-14
1.968000E+02 6.613185E-14
1.969000E+02 7.503815E-14
1.970000E+02 1.141736E-13
1.971000E+02 9.498964E-14
1.972000E+02 1.132415E-13
1.973000E+02 1.649274E-13
1.974000E+02 1.343055E-13
1.975000E+02 1.251126E-13
1.976000E+02 1.793222E-13
1.977000E+02 1.861731E-13
1.978000E+02 1.763450E-13
1.979000E+02 1.700451E-13
1.980000E+02 1.294254E-13
1.981000E+02 1.541324E-13
1.982000E+02 1.964025E-13
1.983000E+02 1.320379E-13
1.984000E+02 8.975022E-14
1.985000E+02 1.162545E-13
1.986000E+02 1.019917E-13
1.987000E+02 8.779403E-14
1.988000E+02 9.110654E-14
1.989000E+02 5.489959E-14
1.990000E+02 6.409311E-14
1.991000E+02 9.545426E-14
1.992000E+02 6.316684E-14
1.993000E+02 7.286093E-14
1.994000E+02 1.175909E-13
1.995000E+02 9.587151E-14
1.996000E+02 1.063602E-13
1.997000E+02 1.626087E-13
1.998000E+02 1.551551E-13
1.999000E+02 1.515992E-13
2.000000E+02 1.708585E-13
2.001000E+02 1.693613E-13
2.002000E+02 2.088179E-13
2.003000E+02 2.286380E-13
2.004000E+02 1.546394E-13
2.005000E+02 1.422864E-13
2.006000E+02 2.004636E-13
2.007000E+02 1.823076E-13
2.008000E+02 1.465699E-13
2.009000E+02 1.252722E-13
2.010000E+02 9.245138E-14
2.011000E+02 1.113985E-13
2.012000E+02 1.237482E-13
2.013000E+02 6.383017E-14
2.014000E+02 5.990909E-14
2.015000E+02 9.544837E-14
2.016000E+02 6.643746E-14
2.017000E+02 6.916538E-14
2.018000E+02 1.025114E-13
2.019000E+02 8.854725E-14
2.020000E+02 1.012494E-13
2.021000E+02 1.348745E-13
2.022000E+02 1.321636E-13
2.023000E+02 1.626263E-13
2.024000E+02 1.769895E-13
2.025000E+02 1.373952E-13
2.026000E+02 1.736715E-13
2.027000E+02 2.317384E-13
2.028000E+02 1.920829E-13
2.029000E+02 1.540091E-13
2.030000E+02 1.618719E-13
2.031000E+02 1.607385E-13
2.032000E+02 1.809366E-13
2.033000E+02 1.586273E-13
2.034000E+02 8.568393E-14
2.035000E+02 9.656582E-14
2.036000E+02 1.279961E-13
2.037000E+02 8.512535E-14
2.038000E+02 7.027116E-14
2.039000E+02 8.701010E-14
2.040000E+02 7.046731E-14
2.041000E+02 8.606796E-14
2.042000E+02 1.048008E-13
2.043000E+02 9.371136E-14
2.044000E+02 1.242698E-13
2.045000E+02 1.472144E-13
2.046000E+02 1.363247E-13
2.047000E+02 1.882677E-13
2.048000E+02 2.278523E-13
2.049000E+02 1.848314E-13
2.050000E+02 1.887261E-13
2.051000E+02 2.397954E-13
2.052000E+02 2.594277E-13
2.053000E+02 2.548574E-13
2.054000E+02 2.091886E-13
2.055000E+02 1.670893E-13
2.056000E+02 2.191916E-13
2.057000E+02 2.426275E-13
2.058000E+02 1.627146E-13
2.059000E+02 1.235715E-13
2.060000E+02 1.314951E-13
2.061000E+02 1.237036E-13
2.062000E+02 1.193360E-13
2.063000E+02 9.426110E-14
2.064000E+02 6.212943E-14
2.065000E+02 8.888283E-14
2.066000E+02 9.850377E-14
2.067000E+02 7.015235E-14
2.068000E+02 9.690316E-14
2.069000E+02 1.217828E-13
2.070000E+02 1.059206E-13
2.071000E+02 1.304529E-13
2.072000E+02 1.675214E-13
2.073000E+02 1.675707E-13
2.074000E+02 1.725657E-13
2.075000E+02 1.666395E-13
2.076000E+02 1.742720E-13
2.077000E+02 2.237543E-13
2.078000E+02 2.134376E-13
2.079000E+02 1.462296E-13
2.080000E+02 1.461743E-13
2.081000E+02 1.784030E-13
2.082000E+02 1.628954E-13
