# # freq, loss, reflectance, transmittance (in meep units)
4.000000E-01 7.471904E-05 2.764910E-06 9.999225E-01
4.010008E-01 9.966487E-06 2.738719E-06 9.999873E-01
4.020017E-01 -3.230447E-05 2.698039E-06 1.000030E+00
4.030025E-01 3.468349E-06 2.635256E-06 9.999939E-01
4.040033E-01 6.361591E-05 2.573418E-06 9.999338E-01
4.050042E-01 6.243964E-05 2.533326E-06 9.999350E-01
4.060050E-01 1.237833E-06 2.505289E-06 9.999963E-01
4.070058E-01 -3.605804E-05 2.463846E-06 1.000034E+00
4.080067E-01 -9.590748E-07 2.403266E-06 9.999986E-01
4.090075E-01 5.382943E-05 2.344398E-06 9.999438E-01
4.100083E-01 5.001704E-05 2.304947E-06 9.999477E-01
4.110092E-01 -7.637676E-06 2.275506E-06 1.000005E+00
4.120100E-01 -4.030783E-05 2.233747E-06 1.000038E+00
4.130108E-01 -5.870611E-06 2.175509E-06 1.000004E+00
4.140117E-01 4.412763E-05 2.119565E-06 9.999538E-01
4.150125E-01 3.823125E-05 2.080893E-06 9.999597E-01
4.160133E-01 -1.587397E-05 2.050476E-06 1.000014E+00
4.170142E-01 -4.423285E-05 2.008821E-06 1.000042E+00
4.180150E-01 -1.043879E-05 1.953065E-06 1.000008E+00
4.190158E-01 3.528256E-05 1.900026E-06 9.999628E-01
4.200167E-01 2.778379E-05 1.862292E-06 9.999704E-01
4.210175E-01 -2.278575E-05 1.831311E-06 1.000021E+00
4.220183E-01 -4.710696E-05 1.790159E-06 1.000045E+00
4.230192E-01 -1.390228E-05 1.737028E-06 1.000012E+00
4.240200E-01 2.804366E-05 1.686903E-06 9.999703E-01
4.250209E-01 1.939483E-05 1.650280E-06 9.999790E-01
4.260217E-01 -2.765045E-05 1.619139E-06 1.000026E+00
4.270225E-01 -4.818268E-05 1.578866E-06 1.000047E+00
4.280234E-01 -1.552756E-05 1.528505E-06 1.000014E+00
4.290242E-01 2.305676E-05 1.481324E-06 9.999755E-01
4.300250E-01 1.358302E-05 1.446000E-06 9.999850E-01
4.310259E-01 -3.006331E-05 1.415086E-06 1.000029E+00
4.320267E-01 -4.715500E-05 1.376050E-06 1.000046E+00
4.330275E-01 -1.514000E-05 1.328605E-06 1.000014E+00
4.340284E-01 2.031546E-05 1.284419E-06 9.999784E-01
4.350292E-01 1.014952E-05 1.250592E-06 9.999886E-01
4.360300E-01 -3.037628E-05 1.220281E-06 1.000029E+00
4.370309E-01 -4.448949E-05 1.182821E-06 1.000043E+00
4.380317E-01 -1.332098E-05 1.138439E-06 1.000012E+00
4.390325E-01 1.910161E-05 1.097317E-06 9.999798E-01
4.400334E-01 8.252608E-06 1.065192E-06 9.999907E-01
4.410342E-01 -2.949901E-05 1.035848E-06 1.000028E+00
4.420350E-01 -4.111218E-05 1.000287E-06 1.000040E+00
4.430359E-01 -1.100221E-05 9.591170E-07 1.000010E+00
4.440367E-01 1.846957E-05 9.211440E-07 9.999806E-01
4.450375E-01 6.951778E-06 8.909348E-07 9.999922E-01
4.460384E-01 -2.831570E-05 8.629077E-07 1.000027E+00
4.470392E-01 -3.781158E-05 8.295549E-07 1.000037E+00
4.480400E-01 -8.880909E-06 7.917480E-07 1.000008E+00
4.490409E-01 1.778702E-05 7.570216E-07 9.999815E-01
4.500417E-01 5.674642E-06 7.289462E-07 9.999936E-01
4.510425E-01 -2.731739E-05 7.025751E-07 1.000027E+00
4.520434E-01 -3.498698E-05 6.717250E-07 1.000034E+00
4.530442E-01 -7.290169E-06 6.374328E-07 1.000007E+00
4.540450E-01 1.674893E-05 6.060620E-07 9.999826E-01
4.550459E-01 4.133861E-06 5.803414E-07 9.999953E-01
4.560467E-01 -2.675300E-05 5.559531E-07 1.000026E+00
4.570475E-01 -3.283220E-05 5.278867E-07 1.000032E+00
4.580484E-01 -6.379621E-06 4.972609E-07 1.000006E+00
4.590492E-01 1.523144E-05 4.693645E-07 9.999843E-01
4.600500E-01 2.238652E-06 4.462210E-07 9.999973E-01
4.610509E-01 -2.664801E-05 4.241303E-07 1.000026E+00
4.620517E-01 -3.128475E-05 3.991161E-07 1.000031E+00
4.630525E-01 -6.007154E-06 3.723086E-07 1.000006E+00
4.640534E-01 1.343549E-05 3.480130E-07 9.999862E-01
4.650542E-01 2.461121E-07 3.276696E-07 9.999994E-01
4.660550E-01 -2.667427E-05 3.081794E-07 1.000026E+00
4.670559E-01 -2.994279E-05 2.864742E-07 1.000030E+00
4.680567E-01 -5.723268E-06 2.636363E-07 1.000005E+00
4.690575E-01 1.182330E-05 2.430743E-07 9.999879E-01
4.700584E-01 -1.383711E-06 2.257527E-07 1.000001E+00
4.710592E-01 -2.636940E-05 2.091541E-07 1.000026E+00
4.720601E-01 -2.834441E-05 1.910030E-07 1.000028E+00
4.730609E-01 -5.091016E-06 1.722849E-07 1.000005E+00
4.740617E-01 1.077901E-05 1.555935E-07 9.999891E-01
4.750626E-01 -2.325684E-06 1.415132E-07 1.000002E+00
4.760634E-01 -2.545412E-05 1.280855E-07 1.000025E+00
4.770642E-01 -2.624915E-05 1.137221E-07 1.000026E+00
4.780651E-01 -3.920752E-06 9.927195E-08 1.000004E+00
4.790659E-01 1.042695E-05 8.659140E-08 9.999895E-01
4.800667E-01 -2.515847E-06 7.596845E-08 1.000002E+00
4.810676E-01 -2.390383E-05 6.597871E-08 1.000024E+00
4.820684E-01 -2.365832E-05 5.562584E-08 1.000024E+00
4.830692E-01 -2.245145E-06 4.558945E-08 1.000002E+00
4.840701E-01 1.069426E-05 3.706148E-08 9.999893E-01
4.850709E-01 -2.059994E-06 3.010768E-08 1.000002E+00
4.860717E-01 -2.183767E-05 2.381108E-08 1.000022E+00
4.870726E-01 -2.069403E-05 1.768049E-08 1.000021E+00
4.880734E-01 -1.972845E-07 1.220069E-08 1.000000E+00
4.890742E-01 1.142534E-05 7.967493E-09 9.999886E-01
4.900751E-01 -1.133222E-06 4.889293E-09 1.000001E+00
4.910759E-01 -1.943642E-05 2.528910E-09 1.000019E+00
4.920767E-01 -1.753709E-05 8.215220E-10 1.000018E+00
4.930776E-01 2.031869E-06 3.739311E-11 9.999980E-01
4.940784E-01 1.240772E-05 2.402606E-10 9.999876E-01
4.950792E-01 3.393632E-08 1.237898E-09 1.000000E+00
4.960801E-01 -1.693433E-05 3.044534E-09 1.000017E+00
4.970809E-01 -1.441795E-05 5.950432E-09 1.000014E+00
4.980817E-01 4.209763E-06 9.996643E-09 9.999958E-01
4.990826E-01 1.340049E-05 1.477483E-08 9.999866E-01
5.000834E-01 1.199498E-06 2.004152E-08 9.999988E-01
5.010842E-01 -1.455818E-05 2.623362E-08 1.000015E+00
5.020851E-01 -1.153956E-05 3.393200E-08 1.000012E+00
5.030859E-01 6.152655E-06 4.293821E-08 9.999938E-01
5.040867E-01 1.423329E-05 5.242788E-08 9.999857E-01
5.050876E-01 2.211982E-06 6.214907E-08 9.999977E-01
5.060884E-01 -1.242839E-05 7.293257E-08 1.000012E+00
5.070892E-01 -8.987088E-06 8.559165E-08 1.000009E+00
5.080901E-01 7.802192E-06 9.968188E-08 9.999921E-01
5.090909E-01 1.486529E-05 1.140150E-07 9.999850E-01
5.100917E-01 3.049317E-06 1.283677E-07 9.999968E-01
5.110926E-01 -1.054085E-05 1.439359E-07 1.000010E+00
5.120934E-01 -6.730067E-06 1.617128E-07 1.000007E+00
5.130942E-01 9.204646E-06 1.810047E-07 9.999906E-01
5.140951E-01 1.534830E-05 2.003083E-07 9.999845E-01
5.150959E-01 3.768925E-06 2.194602E-07 9.999960E-01
5.160967E-01 -8.826426E-06 2.399934E-07 1.000009E+00
5.170976E-01 -4.687835E-06 2.630341E-07 1.000004E+00
5.180984E-01 1.044283E-05 2.876386E-07 9.999893E-01
5.190992E-01 1.575883E-05 3.120335E-07 9.999839E-01
5.201001E-01 4.442521E-06 3.361427E-07 9.999952E-01
5.211009E-01 -7.211351E-06 3.618085E-07 1.000007E+00
5.221018E-01 -2.783620E-06 3.902472E-07 1.000002E+00
5.231026E-01 1.158911E-05 4.202676E-07 9.999880E-01
5.241034E-01 1.615855E-05 4.498679E-07 9.999834E-01
5.251043E-01 5.123636E-06 4.790822E-07 9.999944E-01
5.261051E-01 -5.643179E-06 5.100348E-07 1.000005E+00
5.271059E-01 -9.648981E-07 5.439946E-07 1.000000E+00
5.281068E-01 1.268951E-05 5.795260E-07 9.999867E-01
5.291076E-01 1.658139E-05 6.144383E-07 9.999828E-01
5.301084E-01 5.836701E-06 6.488944E-07 9.999935E-01
5.311093E-01 -4.100618E-06 6.852748E-07 1.000003E+00
5.321101E-01 7.873017E-07 7.248667E-07 9.999985E-01
5.331109E-01 1.375458E-05 7.659959E-07 9.999855E-01
5.341118E-01 1.702480E-05 8.063182E-07 9.999822E-01
5.351126E-01 6.568990E-06 8.461417E-07 9.999926E-01
5.361134E-01 -2.600157E-06 8.880772E-07 1.000002E+00
5.371143E-01 2.454060E-06 9.334002E-07 9.999966E-01
5.381151E-01 1.475821E-05 9.802047E-07 9.999843E-01
5.391159E-01 1.745221E-05 1.026026E-06 9.999815E-01
5.401168E-01 7.277307E-06 1.071331E-06 9.999917E-01
5.411176E-01 -1.184902E-06 1.118935E-06 1.000000E+00
5.421184E-01 3.994129E-06 1.170076E-06 9.999948E-01
5.431193E-01 1.565708E-05 1.222624E-06 9.999831E-01
5.441201E-01 1.781572E-05 1.274024E-06 9.999809E-01
5.451209E-01 7.912910E-06 1.324911E-06 9.999908E-01
5.461218E-01 1.015858E-07 1.378284E-06 9.999985E-01
5.471226E-01 5.370300E-06 1.435317E-06 9.999932E-01
5.481234E-01 1.641622E-05 1.493665E-06 9.999821E-01
5.491243E-01 1.807987E-05 1.550713E-06 9.999804E-01
5.501251E-01 8.442806E-06 1.607272E-06 9.999899E-01
5.511259E-01 1.233695E-06 1.666500E-06 9.999971E-01
5.521268E-01 6.564698E-06 1.729487E-06 9.999917E-01
5.531276E-01 1.702116E-05 1.793683E-06 9.999812E-01
5.541284E-01 1.823070E-05 1.856437E-06 9.999799E-01
5.551293E-01 8.856065E-06 1.918743E-06 9.999892E-01
5.561301E-01 2.207722E-06 1.983897E-06 9.999958E-01
5.571309E-01 7.580837E-06 2.052888E-06 9.999904E-01
5.581318E-01 1.747843E-05 2.122967E-06 9.999804E-01
5.591326E-01 1.827513E-05 2.191475E-06 9.999795E-01
5.601334E-01 9.162323E-06 2.259591E-06 9.999886E-01
5.611343E-01 3.039763E-06 2.330729E-06 9.999946E-01
5.621351E-01 8.441053E-06 2.405758E-06 9.999892E-01
5.631359E-01 1.781258E-05 2.481746E-06 9.999797E-01
5.641368E-01 1.823745E-05 2.556043E-06 9.999792E-01
5.651376E-01 9.387629E-06 2.630018E-06 9.999880E-01
5.661384E-01 3.760827E-06 2.707183E-06 9.999935E-01
5.671393E-01 9.180743E-06 2.788274E-06 9.999880E-01
5.681401E-01 1.805939E-05 2.870183E-06 9.999791E-01
5.691410E-01 1.815131E-05 2.950292E-06 9.999789E-01
5.701418E-01 9.565204E-06 3.030162E-06 9.999874E-01
5.711426E-01 4.406396E-06 3.113383E-06 9.999925E-01
5.721435E-01 9.836854E-06 3.200544E-06 9.999870E-01
5.731443E-01 1.825344E-05 3.288375E-06 9.999785E-01
5.741451E-01 1.804668E-05 3.374307E-06 9.999786E-01
5.751460E-01 9.722126E-06 3.460093E-06 9.999868E-01
5.761468E-01 5.003260E-06 3.549383E-06 9.999914E-01
5.771476E-01 1.043531E-05 3.642611E-06 9.999859E-01
5.781485E-01 1.841654E-05 3.736353E-06 9.999778E-01
5.791493E-01 1.793963E-05 3.828106E-06 9.999782E-01
5.801501E-01 9.870774E-06 3.919814E-06 9.999862E-01
5.811510E-01 5.562915E-06 4.015174E-06 9.999904E-01
5.821518E-01 1.098653E-05 4.114450E-06 9.999849E-01
5.831526E-01 1.855539E-05 4.214078E-06 9.999772E-01
5.841535E-01 1.783208E-05 4.311637E-06 9.999779E-01
5.851543E-01 1.001053E-05 4.409261E-06 9.999856E-01
5.861551E-01 6.085006E-06 4.510674E-06 9.999894E-01
5.871560E-01 1.149033E-05 4.615968E-06 9.999839E-01
5.881568E-01 1.866768E-05 4.721444E-06 9.999766E-01
5.891576E-01 1.771864E-05 4.824781E-06 9.999775E-01
5.901585E-01 1.013506E-05 4.928300E-06 9.999849E-01
5.911593E-01 6.564793E-06 5.035736E-06 9.999884E-01
5.921601E-01 1.194337E-05 5.147001E-06 9.999829E-01
5.931610E-01 1.874917E-05 5.258276E-06 9.999760E-01
5.941618E-01 1.759334E-05 5.367349E-06 9.999770E-01
5.951626E-01 1.023860E-05 5.476725E-06 9.999843E-01
5.961635E-01 6.998956E-06 5.590141E-06 9.999874E-01
5.971643E-01 1.234448E-05 5.707318E-06 9.999819E-01
5.981651E-01 1.879871E-05 5.824328E-06 9.999754E-01
5.991660E-01 1.745427E-05 5.939080E-06 9.999766E-01
6.001668E-01 1.032029E-05 6.054265E-06 9.999836E-01
6.011676E-01 7.389771E-06 6.173600E-06 9.999864E-01
6.021685E-01 1.269876E-05 6.296616E-06 9.999810E-01
6.031693E-01 1.882221E-05 6.419283E-06 9.999748E-01
6.041701E-01 1.730743E-05 6.539646E-06 9.999762E-01
6.051710E-01 1.038794E-05 6.660572E-06 9.999830E-01
6.061718E-01 7.748690E-06 6.785753E-06 9.999855E-01
6.071726E-01 1.302085E-05 6.914520E-06 9.999801E-01
6.081735E-01 1.883553E-05 7.042755E-06 9.999741E-01
6.091743E-01 1.716910E-05 7.168644E-06 9.999757E-01
6.101751E-01 1.045965E-05 7.295233E-06 9.999822E-01
6.111760E-01 8.097131E-06 7.426171E-06 9.999845E-01
6.121768E-01 1.333484E-05 7.560588E-06 9.999791E-01
6.131776E-01 1.886330E-05 7.694285E-06 9.999734E-01
6.141785E-01 1.706355E-05 7.825604E-06 9.999751E-01
6.151793E-01 1.056044E-05 7.957761E-06 9.999815E-01
6.161802E-01 8.462044E-06 8.094353E-06 9.999834E-01
6.171810E-01 1.366880E-05 8.234304E-06 9.999781E-01
6.181818E-01 1.893264E-05 8.373347E-06 9.999727E-01
6.191827E-01 1.701602E-05 8.509984E-06 9.999745E-01
6.201835E-01 1.071471E-05 8.647600E-06 9.999806E-01
6.211843E-01 8.868079E-06 8.789727E-06 9.999823E-01
6.221852E-01 1.404690E-05 8.935085E-06 9.999770E-01
6.231860E-01 1.906537E-05 9.079341E-06 9.999719E-01
6.241868E-01 1.704521E-05 9.221170E-06 9.999737E-01
6.251877E-01 1.093916E-05 9.364122E-06 9.999797E-01
6.261885E-01 9.331119E-06 9.511653E-06 9.999812E-01
6.271893E-01 1.448366E-05 9.662273E-06 9.999759E-01
6.281902E-01 1.927306E-05 9.811597E-06 9.999709E-01
6.291910E-01 1.715922E-05 9.958480E-06 9.999729E-01
6.301918E-01 1.123959E-05 1.010663E-05 9.999787E-01
6.311927E-01 9.855927E-06 1.025942E-05 9.999799E-01
6.321935E-01 1.498245E-05 1.041515E-05 9.999746E-01
6.331943E-01 1.955626E-05 1.056938E-05 9.999699E-01
6.341952E-01 1.735542E-05 1.072116E-05 9.999719E-01
6.351960E-01 1.161144E-05 1.087436E-05 9.999775E-01
6.361968E-01 1.043727E-05 1.103225E-05 9.999785E-01
6.371977E-01 1.553706E-05 1.119291E-05 9.999733E-01
6.381985E-01 1.990658E-05 1.135188E-05 9.999687E-01
6.391993E-01 1.762291E-05 1.150839E-05 9.999709E-01
6.402002E-01 1.204251E-05 1.166647E-05 9.999763E-01
6.412010E-01 1.106291E-05 1.182928E-05 9.999771E-01
6.422018E-01 1.613501E-05 1.199470E-05 9.999719E-01
6.432027E-01 2.031013E-05 1.215822E-05 9.999675E-01
6.442035E-01 1.794614E-05 1.231929E-05 9.999697E-01
6.452043E-01 1.251679E-05 1.248206E-05 9.999750E-01
6.462052E-01 1.171759E-05 1.264962E-05 9.999756E-01
6.472060E-01 1.676167E-05 1.281958E-05 9.999704E-01
6.482068E-01 2.075186E-05 1.298746E-05 9.999663E-01
6.492077E-01 1.830936E-05 1.315288E-05 9.999685E-01
6.502085E-01 1.301898E-05 1.332017E-05 9.999737E-01
6.512093E-01 1.238767E-05 1.349226E-05 9.999741E-01
6.522102E-01 1.740490E-05 1.366657E-05 9.999689E-01
6.532110E-01 2.122009E-05 1.383858E-05 9.999649E-01
6.542118E-01 1.870108E-05 1.400816E-05 9.999673E-01
6.552127E-01 1.353877E-05 1.417975E-05 9.999723E-01
6.562135E-01 1.306518E-05 1.435616E-05 9.999726E-01
6.572143E-01 1.805890E-05 1.453460E-05 9.999674E-01
6.582152E-01 2.171012E-05 1.471053E-05 9.999636E-01
6.592160E-01 1.911721E-05 1.488403E-05 9.999660E-01
6.602168E-01 1.407363E-05 1.505970E-05 9.999709E-01
6.612177E-01 1.375014E-05 1.524022E-05 9.999710E-01
6.622185E-01 1.872603E-05 1.542254E-05 9.999659E-01
6.632193E-01 2.222543E-05 1.560214E-05 9.999622E-01
6.642202E-01 1.956187E-05 1.577934E-05 9.999647E-01
6.652210E-01 1.462898E-05 1.595886E-05 9.999694E-01
6.662219E-01 1.445021E-05 1.614324E-05 9.999694E-01
6.672227E-01 1.941595E-05 1.632920E-05 9.999643E-01
6.682235E-01 2.277649E-05 1.651223E-05 9.999607E-01
6.692244E-01 2.004557E-05 1.669287E-05 9.999633E-01
6.702252E-01 1.521603E-05 1.687600E-05 9.999679E-01
6.712260E-01 1.517823E-05 1.706399E-05 9.999678E-01
6.722269E-01 2.014290E-05 1.725333E-05 9.999626E-01
6.732277E-01 2.337765E-05 1.743952E-05 9.999592E-01
6.742285E-01 2.058203E-05 1.762335E-05 9.999618E-01
6.752294E-01 1.584843E-05 1.780984E-05 9.999663E-01
6.762302E-01 1.594875E-05 1.800118E-05 9.999661E-01
6.772310E-01 2.092219E-05 1.819363E-05 9.999609E-01
6.782319E-01 2.404374E-05 1.838270E-05 9.999576E-01
6.792327E-01 2.118471E-05 1.856945E-05 9.999602E-01
6.802335E-01 1.653885E-05 1.875902E-05 9.999647E-01
6.812344E-01 1.677474E-05 1.895345E-05 9.999643E-01
6.822352E-01 2.176711E-05 1.914872E-05 9.999591E-01
6.832360E-01 2.478709E-05 1.934038E-05 9.999559E-01
6.842369E-01 2.186404E-05 1.952976E-05 9.999586E-01
6.852377E-01 1.729639E-05 1.972215E-05 9.999630E-01
6.862385E-01 1.766524E-05 1.991937E-05 9.999624E-01
6.872394E-01 2.268677E-05 2.011717E-05 9.999572E-01
6.882402E-01 2.561564E-05 2.031113E-05 9.999541E-01
6.892410E-01 2.262576E-05 2.050285E-05 9.999569E-01
6.902419E-01 1.812516E-05 2.069776E-05 9.999612E-01
6.912427E-01 1.862417E-05 2.089749E-05 9.999605E-01
6.922435E-01 2.368525E-05 2.109752E-05 9.999552E-01
6.932444E-01 2.653235E-05 2.129346E-05 9.999522E-01
6.942452E-01 2.347053E-05 2.148721E-05 9.999550E-01
6.952460E-01 1.902413E-05 2.168434E-05 9.999593E-01
6.962469E-01 1.965049E-05 2.188627E-05 9.999585E-01
6.972477E-01 2.476209E-05 2.208821E-05 9.999531E-01
6.982485E-01 2.753598E-05 2.228581E-05 9.999502E-01
6.992494E-01 2.439493E-05 2.248128E-05 9.999531E-01
7.002502E-01 1.998830E-05 2.268032E-05 9.999573E-01
7.012510E-01 2.073964E-05 2.288415E-05 9.999564E-01
7.022519E-01 2.591394E-05 2.308768E-05 9.999510E-01
7.032527E-01 2.862295E-05 2.328660E-05 9.999481E-01
7.042535E-01 2.539345E-05 2.348345E-05 9.999511E-01
7.052544E-01 2.101079E-05 2.368410E-05 9.999553E-01
7.062552E-01 2.188570E-05 2.388950E-05 9.999542E-01
7.072560E-01 2.713693E-05 2.409428E-05 9.999488E-01
7.082569E-01 2.978976E-05 2.429418E-05 9.999459E-01
7.092577E-01 2.646085E-05 2.449207E-05 9.999490E-01
7.102585E-01 2.208515E-05 2.469400E-05 9.999532E-01
7.112594E-01 2.308377E-05 2.490066E-05 9.999520E-01
7.122602E-01 2.842906E-05 2.510635E-05 9.999465E-01
7.132611E-01 3.103536E-05 2.530686E-05 9.999437E-01
7.142619E-01 2.759434E-05 2.550545E-05 9.999469E-01
7.152627E-01 2.320728E-05 2.570833E-05 9.999511E-01
7.162636E-01 2.433169E-05 2.591592E-05 9.999498E-01
7.172644E-01 2.979191E-05 2.612216E-05 9.999441E-01
7.182652E-01 3.236272E-05 2.632292E-05 9.999413E-01
7.192661E-01 2.879483E-05 2.652184E-05 9.999447E-01
7.202669E-01 2.437632E-05 2.672533E-05 9.999489E-01
7.212677E-01 2.563086E-05 2.693351E-05 9.999474E-01
7.222686E-01 3.123146E-05 2.713995E-05 9.999416E-01
7.232694E-01 3.377955E-05 2.734057E-05 9.999389E-01
7.242702E-01 3.006729E-05 2.753946E-05 9.999424E-01
7.252711E-01 2.559470E-05 2.774322E-05 9.999467E-01
7.262719E-01 2.698615E-05 2.795166E-05 9.999451E-01
7.272727E-01 3.275808E-05 2.815793E-05 9.999391E-01
7.282736E-01 3.529822E-05 2.835802E-05 9.999363E-01
7.292744E-01 3.142032E-05 2.855650E-05 9.999400E-01
7.302752E-01 2.686725E-05 2.876018E-05 9.999444E-01
7.312761E-01 2.840494E-05 2.896854E-05 9.999426E-01
7.322769E-01 3.438587E-05 2.917427E-05 9.999364E-01
7.332777E-01 3.693517E-05 2.937342E-05 9.999337E-01
7.342786E-01 3.286511E-05 2.957109E-05 9.999376E-01
7.352794E-01 2.819961E-05 2.977435E-05 9.999420E-01
7.362802E-01 2.989563E-05 2.998231E-05 9.999401E-01
7.372811E-01 3.613171E-05 3.018711E-05 9.999337E-01
7.382819E-01 3.871018E-05 3.038491E-05 9.999309E-01
7.392827E-01 3.441412E-05 3.058137E-05 9.999350E-01
7.402836E-01 2.959634E-05 3.078387E-05 9.999396E-01
7.412844E-01 3.146587E-05 3.099109E-05 9.999375E-01
7.422852E-01 3.801430E-05 3.119460E-05 9.999308E-01
7.432861E-01 4.064586E-05 3.139060E-05 9.999280E-01
7.442869E-01 3.607995E-05 3.158543E-05 9.999323E-01
7.452877E-01 3.105878E-05 3.178684E-05 9.999372E-01
7.462886E-01 3.312072E-05 3.199302E-05 9.999349E-01
7.472894E-01 4.005391E-05 3.219485E-05 9.999278E-01
7.482902E-01 4.276822E-05 3.238859E-05 9.999248E-01
7.492911E-01 3.787480E-05 3.258137E-05 9.999295E-01
7.502919E-01 3.258300E-05 3.278137E-05 9.999346E-01
7.512927E-01 3.486111E-05 3.298622E-05 9.999322E-01
7.522936E-01 4.227318E-05 3.318598E-05 9.999245E-01
7.532944E-01 4.510878E-05 3.337700E-05 9.999215E-01
7.542952E-01 3.981082E-05 3.356729E-05 9.999266E-01
7.552961E-01 3.415753E-05 3.376556E-05 9.999321E-01
7.562969E-01 3.668209E-05 3.396884E-05 9.999293E-01
7.572977E-01 4.469937E-05 3.416617E-05 9.999211E-01
7.582986E-01 4.770919E-05 3.435394E-05 9.999179E-01
7.592994E-01 4.190162E-05 3.454128E-05 9.999236E-01
7.603003E-01 3.575994E-05 3.473758E-05 9.999295E-01
7.613011E-01 3.857015E-05 3.493909E-05 9.999265E-01
7.623019E-01 4.736858E-05 3.513365E-05 9.999175E-01
7.633028E-01 5.062975E-05 3.531763E-05 9.999141E-01
7.643036E-01 4.416522E-05 3.550152E-05 9.999203E-01
7.653044E-01 3.735038E-05 3.569563E-05 9.999270E-01
7.663053E-01 4.049743E-05 3.589530E-05 9.999236E-01
7.673061E-01 5.033317E-05 3.608678E-05 9.999136E-01
7.683069E-01 5.396575E-05 3.626637E-05 9.999098E-01
7.693078E-01 4.662977E-05 3.644628E-05 9.999169E-01
7.703086E-01 3.885797E-05 3.663809E-05 9.999245E-01
7.713094E-01 4.240846E-05 3.683605E-05 9.999208E-01
7.723103E-01 5.367539E-05 3.702422E-05 9.999093E-01
7.733111E-01 5.788152E-05 3.719871E-05 9.999049E-01
7.743119E-01 4.934646E-05 3.737404E-05 9.999133E-01
7.753128E-01 4.015012E-05 3.756362E-05 9.999223E-01
7.763136E-01 4.418700E-05 3.776033E-05 9.999181E-01
7.773144E-01 5.753557E-05 3.794517E-05 9.999045E-01
7.783153E-01 6.269112E-05 3.811370E-05 9.998992E-01
7.793161E-01 5.242426E-05 3.828368E-05 9.999093E-01
7.803169E-01 4.095608E-05 3.847144E-05 9.999206E-01
7.813178E-01 4.556300E-05 3.866815E-05 9.999158E-01
7.823186E-01 6.217826E-05 3.885007E-05 9.998990E-01
7.833194E-01 6.908498E-05 3.901146E-05 9.998919E-01
7.843203E-01 5.614619E-05 3.917493E-05 9.999047E-01
7.853211E-01 4.064500E-05 3.936202E-05 9.999200E-01
7.863219E-01 4.579725E-05 3.956184E-05 9.999146E-01
7.873228E-01 6.817915E-05 3.974263E-05 9.998921E-01
7.883236E-01 7.894275E-05 3.989513E-05 9.998812E-01
7.893244E-01 6.149452E-05 4.004975E-05 9.998985E-01
7.903253E-01 3.740157E-05 4.023918E-05 9.999224E-01
7.913261E-01 4.221502E-05 4.045145E-05 9.999173E-01
7.923269E-01 7.713981E-05 4.063879E-05 9.998822E-01
7.933278E-01 9.981526E-05 4.077978E-05 9.998594E-01
7.943286E-01 7.414550E-05 4.091808E-05 9.998849E-01
7.953294E-01 2.324660E-05 4.112020E-05 9.999356E-01
7.963303E-01 1.702572E-05 4.139303E-05 9.999416E-01
7.973311E-01 9.947866E-05 4.165945E-05 9.998589E-01
7.983319E-01 2.353884E-04 4.182952E-05 9.997228E-01
7.993328E-01 3.395479E-04 4.189284E-05 9.996186E-01
8.003336E-01 3.593095E-04 4.192874E-05 9.995988E-01
8.013344E-01 3.208971E-04 4.202340E-05 9.996371E-01
8.023353E-01 2.923101E-04 4.218745E-05 9.996655E-01
8.033361E-01 3.096307E-04 4.236187E-05 9.996480E-01
8.043369E-01 3.490863E-04 4.249482E-05 9.996084E-01
8.053378E-01 3.676056E-04 4.259552E-05 9.995898E-01
8.063386E-01 3.559389E-04 4.270960E-05 9.996014E-01
8.073394E-01 3.427135E-04 4.285744E-05 9.996144E-01
8.083403E-01 3.534033E-04 4.301374E-05 9.996036E-01
8.093411E-01 3.800575E-04 4.314588E-05 9.995768E-01
8.103420E-01 3.963879E-04 4.325529E-05 9.995604E-01
8.113428E-01 3.931142E-04 4.337053E-05 9.995635E-01
8.123436E-01 3.872083E-04 4.350723E-05 9.995693E-01
8.133445E-01 3.970302E-04 4.364968E-05 9.995593E-01
8.143453E-01 4.188513E-04 4.377474E-05 9.995374E-01
8.153461E-01 4.342526E-04 4.388252E-05 9.995219E-01
8.163470E-01 4.354429E-04 4.399358E-05 9.995206E-01
8.173478E-01 4.341704E-04 4.411986E-05 9.995217E-01
8.183486E-01 4.445050E-04 4.424985E-05 9.995112E-01
8.193495E-01 4.643361E-04 4.436588E-05 9.994913E-01
8.203503E-01 4.796716E-04 4.446798E-05 9.994759E-01
8.213511E-01 4.840301E-04 4.457216E-05 9.994714E-01
8.223520E-01 4.862915E-04 4.468778E-05 9.994690E-01
8.233528E-01 4.977379E-04 4.480556E-05 9.994575E-01
8.243536E-01 5.170087E-04 4.491141E-05 9.994381E-01
8.253545E-01 5.329087E-04 4.500552E-05 9.994221E-01
8.263553E-01 5.399806E-04 4.510103E-05 9.994149E-01
8.273561E-01 5.453258E-04 4.520538E-05 9.994095E-01
8.283570E-01 5.582953E-04 4.531071E-05 9.993964E-01
8.293578E-01 5.779201E-04 4.540538E-05 9.993767E-01
8.303586E-01 5.949151E-04 4.548984E-05 9.993596E-01
8.313595E-01 6.046179E-04 4.557522E-05 9.993498E-01
8.323603E-01 6.129345E-04 4.566754E-05 9.993414E-01
8.333611E-01 6.278112E-04 4.575986E-05 9.993264E-01
8.343620E-01 6.485021E-04 4.584236E-05 9.993057E-01
8.353628E-01 6.671001E-04 4.591576E-05 9.992870E-01
8.363636E-01 6.795679E-04 4.598968E-05 9.992744E-01
8.373645E-01 6.909611E-04 4.606904E-05 9.992630E-01
8.383653E-01 7.081664E-04 4.614757E-05 9.992457E-01
8.393661E-01 7.305729E-04 4.621687E-05 9.992232E-01
8.403670E-01 7.513095E-04 4.627786E-05 9.992024E-01
8.413678E-01 7.668394E-04 4.633900E-05 9.991868E-01
8.423686E-01 7.815874E-04 4.640435E-05 9.991720E-01
8.433695E-01 8.016177E-04 4.646815E-05 9.991519E-01
8.443703E-01 8.264061E-04 4.652309E-05 9.991271E-01
8.453711E-01 8.498852E-04 4.657029E-05 9.991035E-01
8.463720E-01 8.689258E-04 4.661731E-05 9.990845E-01
8.473728E-01 8.874705E-04 4.666744E-05 9.990659E-01
8.483736E-01 9.109313E-04 4.671536E-05 9.990424E-01
8.493745E-01 9.388419E-04 4.675467E-05 9.990144E-01
8.503753E-01 9.657751E-04 4.678663E-05 9.989874E-01
8.513761E-01 9.889389E-04 4.681803E-05 9.989642E-01
8.523770E-01 1.011899E-03 4.685158E-05 9.989412E-01
8.533778E-01 1.039542E-03 4.688229E-05 9.989136E-01
8.543786E-01 1.071442E-03 4.690450E-05 9.988817E-01
8.553795E-01 1.102693E-03 4.691961E-05 9.988504E-01
8.563803E-01 1.130786E-03 4.693376E-05 9.988223E-01
8.573812E-01 1.158989E-03 4.694916E-05 9.987941E-01
8.583820E-01 1.191758E-03 4.696108E-05 9.987613E-01
8.593828E-01 1.228700E-03 4.696453E-05 9.987243E-01
8.603837E-01 1.265339E-03 4.696097E-05 9.986877E-01
8.613845E-01 1.299409E-03 4.695602E-05 9.986536E-01
8.623853E-01 1.333941E-03 4.695143E-05 9.986191E-01
8.633862E-01 1.373034E-03 4.694274E-05 9.985800E-01
8.643870E-01 1.416325E-03 4.692547E-05 9.985367E-01
8.653878E-01 1.459700E-03 4.690118E-05 9.984934E-01
8.663887E-01 1.501106E-03 4.687499E-05 9.984520E-01
8.673895E-01 1.543381E-03 4.684828E-05 9.984098E-01
8.683903E-01 1.590336E-03 4.681679E-05 9.983628E-01
8.693912E-01 1.641629E-03 4.677652E-05 9.983116E-01
8.703920E-01 1.693461E-03 4.672909E-05 9.982598E-01
8.713928E-01 1.743968E-03 4.667916E-05 9.982094E-01
8.723937E-01 1.795837E-03 4.662780E-05 9.981575E-01
8.733945E-01 1.852639E-03 4.657093E-05 9.981008E-01
8.743953E-01 1.914060E-03 4.650496E-05 9.980394E-01
8.753962E-01 1.976574E-03 4.643153E-05 9.979770E-01
8.763970E-01 2.038491E-03 4.635492E-05 9.979152E-01
8.773978E-01 2.102381E-03 4.627589E-05 9.978513E-01
8.783987E-01 2.171623E-03 4.619053E-05 9.977822E-01
8.793995E-01 2.245937E-03 4.609561E-05 9.977080E-01
8.804003E-01 2.322041E-03 4.599278E-05 9.976320E-01
8.814012E-01 2.398411E-03 4.588595E-05 9.975557E-01
8.824020E-01 2.477534E-03 4.577562E-05 9.974767E-01
8.834028E-01 2.562640E-03 4.565802E-05 9.973917E-01
8.844037E-01 2.653490E-03 4.553023E-05 9.973010E-01
8.854045E-01 2.747031E-03 4.539389E-05 9.972076E-01
8.864053E-01 2.841902E-03 4.525257E-05 9.971128E-01
8.874062E-01 2.940544E-03 4.510651E-05 9.970143E-01
8.884070E-01 3.046078E-03 4.495210E-05 9.969090E-01
8.894078E-01 3.158325E-03 4.478665E-05 9.967969E-01
8.904087E-01 3.274453E-03 4.461179E-05 9.966809E-01
8.914095E-01 3.393272E-03 4.443077E-05 9.965623E-01
8.924103E-01 3.517214E-03 4.424357E-05 9.964385E-01
8.934112E-01 3.649339E-03 4.404671E-05 9.963066E-01
8.944120E-01 3.789550E-03 4.383774E-05 9.961666E-01
8.954128E-01 3.935245E-03 4.361822E-05 9.960211E-01
8.964137E-01 4.085421E-03 4.339106E-05 9.958712E-01
8.974145E-01 4.242552E-03 4.315606E-05 9.957143E-01
8.984153E-01 4.409689E-03 4.290980E-05 9.955474E-01
8.994162E-01 4.586857E-03 4.265004E-05 9.953705E-01
9.004170E-01 4.771704E-03 4.237826E-05 9.951859E-01
9.014178E-01 4.963453E-03 4.209703E-05 9.949945E-01
9.024187E-01 5.164676E-03 4.180595E-05 9.947935E-01
9.034195E-01 5.378491E-03 4.150169E-05 9.945800E-01
9.044204E-01 5.605099E-03 4.118213E-05 9.943537E-01
9.054212E-01 5.842446E-03 4.084866E-05 9.941167E-01
9.064220E-01 6.090041E-03 4.050354E-05 9.938695E-01
9.074229E-01 6.350642E-03 4.014612E-05 9.936092E-01
9.084237E-01 6.627527E-03 3.977316E-05 9.933327E-01
9.094245E-01 6.921162E-03 3.938266E-05 9.930395E-01
9.104254E-01 7.229875E-03 3.897586E-05 9.927311E-01
9.114262E-01 7.553558E-03 3.855468E-05 9.924079E-01
9.124270E-01 7.895281E-03 3.811828E-05 9.920666E-01
9.134279E-01 8.258621E-03 3.766346E-05 9.917037E-01
9.144287E-01 8.644449E-03 3.718833E-05 9.913184E-01
9.154295E-01 9.051612E-03 3.669394E-05 9.909117E-01
9.164304E-01 9.480545E-03 3.618190E-05 9.904833E-01
9.174312E-01 9.934817E-03 3.565116E-05 9.900295E-01
9.184320E-01 1.041852E-02 3.509860E-05 9.895464E-01
9.194329E-01 1.093314E-02 3.452239E-05 9.890323E-01
9.204337E-01 1.147828E-02 3.392345E-05 9.884878E-01
9.214345E-01 1.205516E-02 3.330305E-05 9.879115E-01
9.224354E-01 1.266816E-02 3.266001E-05 9.872992E-01
9.234362E-01 1.332221E-02 3.199134E-05 9.866458E-01
9.244370E-01 1.401976E-02 3.129533E-05 9.859489E-01
9.254379E-01 1.476153E-02 3.057283E-05 9.852079E-01
9.264387E-01 1.554997E-02 2.982488E-05 9.844202E-01
9.274395E-01 1.639070E-02 2.905030E-05 9.835802E-01
9.284404E-01 1.729003E-02 2.824642E-05 9.826817E-01
9.294412E-01 1.825193E-02 2.741186E-05 9.817207E-01
9.304420E-01 1.927886E-02 2.654759E-05 9.806946E-01
9.314429E-01 2.037514E-02 2.565475E-05 9.795992E-01
9.324437E-01 2.154843E-02 2.473255E-05 9.784268E-01
9.334445E-01 2.280720E-02 2.377907E-05 9.771690E-01
9.344454E-01 2.415789E-02 2.279382E-05 9.758193E-01
9.354462E-01 2.560564E-02 2.177852E-05 9.743726E-01
9.364470E-01 2.715776E-02 2.073517E-05 9.728215E-01
9.374479E-01 2.882511E-02 1.966431E-05 9.711552E-01
9.384487E-01 3.061967E-02 1.856591E-05 9.693618E-01
9.394495E-01 3.255174E-02 1.744169E-05 9.674308E-01
9.404504E-01 3.463073E-02 1.629566E-05 9.653530E-01
9.414512E-01 3.686858E-02 1.513252E-05 9.631163E-01
9.424520E-01 3.928120E-02 1.395633E-05 9.607048E-01
9.434529E-01 4.188607E-02 1.277158E-05 9.581012E-01
9.444537E-01 4.469945E-02 1.158526E-05 9.552890E-01
9.454545E-01 4.773728E-02 1.040722E-05 9.522523E-01
9.464554E-01 5.101851E-02 9.248978E-06 9.489722E-01
9.474562E-01 5.456662E-02 8.122972E-06 9.454253E-01
9.484570E-01 5.840715E-02 7.043895E-06 9.415858E-01
9.494579E-01 6.256499E-02 6.030503E-06 9.374290E-01
9.504587E-01 6.706518E-02 5.105944E-06 9.329297E-01
9.514595E-01 7.193623E-02 4.296940E-06 9.280595E-01
9.524604E-01 7.721145E-02 3.633851E-06 9.227849E-01
9.534612E-01 8.292643E-02 3.152284E-06 9.170704E-01
9.544621E-01 8.911611E-02 2.894616E-06 9.108810E-01
9.554629E-01 9.581529E-02 2.910027E-06 9.041818E-01
9.564637E-01 1.030616E-01 3.253931E-06 8.969352E-01
9.574646E-01 1.108963E-01 3.988524E-06 8.890997E-01
9.584654E-01 1.193612E-01 5.184240E-06 8.806336E-01
9.594662E-01 1.284953E-01 6.920135E-06 8.714978E-01
9.604671E-01 1.383339E-01 9.282386E-06 8.616568E-01
9.614679E-01 1.489109E-01 1.236243E-05 8.510767E-01
9.624687E-01 1.602583E-01 1.625621E-05 8.397254E-01
9.634696E-01 1.724019E-01 2.106323E-05 8.275771E-01
9.644704E-01 1.853561E-01 2.688309E-05 8.146170E-01
9.654712E-01 1.991223E-01 3.380915E-05 8.008439E-01
9.664721E-01 2.136893E-01 4.192202E-05 7.862688E-01
9.674729E-01 2.290317E-01 5.128440E-05 7.709170E-01
9.684737E-01 2.451054E-01 6.193568E-05 7.548327E-01
9.694746E-01 2.618420E-01 7.388353E-05 7.380842E-01
9.704754E-01 2.791484E-01 8.709363E-05 7.207645E-01
9.714762E-01 2.969094E-01 1.014820E-04 7.029892E-01
9.724771E-01 3.149892E-01 1.169127E-04 6.848939E-01
9.734779E-01 3.332321E-01 1.331997E-04 6.666347E-01
9.744787E-01 3.514630E-01 1.501086E-04 6.483869E-01
9.754796E-01 3.694943E-01 1.673600E-04 6.303384E-01
9.764804E-01 3.871351E-01 1.846401E-04 6.126803E-01
9.774812E-01 4.042008E-01 2.016180E-04 5.955976E-01
9.784821E-01 4.205186E-01 2.179678E-04 5.792634E-01
9.794829E-01 4.359329E-01 2.333865E-04 5.638338E-01
9.804837E-01 4.503118E-01 2.476080E-04 5.494406E-01
9.814846E-01 4.635559E-01 2.604145E-04 5.361837E-01
9.824854E-01 4.756016E-01 2.716505E-04 5.241268E-01
9.834862E-01 4.864196E-01 2.812317E-04 5.132992E-01
9.844871E-01 4.960115E-01 2.891450E-04 5.036994E-01
9.854879E-01 5.044070E-01 2.954391E-04 4.952976E-01
9.864887E-01 5.116626E-01 3.002125E-04 4.880372E-01
9.874896E-01 5.178579E-01 3.036048E-04 4.818385E-01
9.884904E-01 5.230877E-01 3.057900E-04 4.766065E-01
9.894912E-01 5.274542E-01 3.069642E-04 4.722388E-01
9.904921E-01 5.310635E-01 3.073303E-04 4.686291E-01
9.914929E-01 5.340237E-01 3.070847E-04 4.656693E-01
9.924937E-01 5.364423E-01 3.064125E-04 4.632513E-01
9.934946E-01 5.384214E-01 3.054867E-04 4.612731E-01
9.944954E-01 5.400527E-01 3.044658E-04 4.596429E-01
9.954962E-01 5.414166E-01 3.034862E-04 4.582799E-01
9.964971E-01 5.425845E-01 3.026580E-04 4.571129E-01
9.974979E-01 5.436180E-01 3.020667E-04 4.560799E-01
9.984987E-01 5.445668E-01 3.017784E-04 4.551314E-01
9.994996E-01 5.454654E-01 3.018415E-04 4.542328E-01
1.000500E+00 5.463340E-01 3.022821E-04 4.533638E-01
1.001501E+00 5.471814E-01 3.031008E-04 4.525155E-01
1.002502E+00 5.480056E-01 3.042740E-04 4.516901E-01
1.003503E+00 5.487914E-01 3.057596E-04 4.509029E-01
1.004504E+00 5.495074E-01 3.074969E-04 4.501851E-01
1.005505E+00 5.501077E-01 3.094017E-04 4.495829E-01
1.006505E+00 5.505347E-01 3.113613E-04 4.491539E-01
1.007506E+00 5.507201E-01 3.132357E-04 4.489667E-01
1.008507E+00 5.505825E-01 3.148634E-04 4.491027E-01
1.009508E+00 5.500265E-01 3.160641E-04 4.496575E-01
1.010509E+00 5.489448E-01 3.166366E-04 4.507386E-01
1.011510E+00 5.472233E-01 3.163587E-04 4.524604E-01
1.012510E+00 5.447440E-01 3.149959E-04 4.549410E-01
1.013511E+00 5.413860E-01 3.123161E-04 4.583016E-01
1.014512E+00 5.370274E-01 3.081043E-04 4.626645E-01
1.015513E+00 5.315511E-01 3.021724E-04 4.681467E-01
1.016514E+00 5.248538E-01 2.943701E-04 4.748518E-01
1.017515E+00 5.168526E-01 2.846029E-04 4.828628E-01
1.018515E+00 5.074877E-01 2.728524E-04 4.922394E-01
1.019516E+00 4.967266E-01 2.591898E-04 5.030142E-01
1.020517E+00 4.845697E-01 2.437780E-04 5.151865E-01
1.021518E+00 4.710569E-01 2.268652E-04 5.287162E-01
1.022519E+00 4.562691E-01 2.087755E-04 5.435222E-01
1.023520E+00 4.403239E-01 1.898971E-04 5.594862E-01
1.024520E+00 4.233702E-01 1.706609E-04 5.764592E-01
1.025521E+00 4.055831E-01 1.515107E-04 5.942654E-01
1.026522E+00 3.871598E-01 1.328701E-04 6.127073E-01
1.027523E+00 3.683112E-01 1.151177E-04 6.315737E-01
1.028524E+00 3.492492E-01 9.857146E-05 6.506523E-01
1.029525E+00 3.301759E-01 8.347791E-05 6.697407E-01
1.030525E+00 3.112781E-01 7.000493E-05 6.886519E-01
1.031526E+00 2.927251E-01 5.823941E-05 7.072167E-01
1.032527E+00 2.746646E-01 4.819449E-05 7.252872E-01
1.033528E+00 2.572183E-01 3.982395E-05 7.427419E-01
1.034529E+00 2.404782E-01 3.303733E-05 7.594888E-01
1.035530E+00 2.245103E-01 2.771135E-05 7.754620E-01
1.036530E+00 2.093599E-01 2.369964E-05 7.906164E-01
1.037531E+00 1.950547E-01 2.084395E-05 8.049244E-01
1.038532E+00 1.816043E-01 1.898562E-05 8.183767E-01
1.039533E+00 1.690005E-01 1.797338E-05 8.309815E-01
1.040534E+00 1.572227E-01 1.766588E-05 8.427597E-01
1.041535E+00 1.462438E-01 1.793252E-05 8.537383E-01
1.042535E+00 1.360333E-01 1.865581E-05 8.639480E-01
1.043536E+00 1.265558E-01 1.973429E-05 8.734245E-01
1.044537E+00 1.177694E-01 2.108251E-05 8.822095E-01
1.045538E+00 1.096298E-01 2.262778E-05 8.903475E-01
1.046539E+00 1.020951E-01 2.430750E-05 8.978806E-01
1.047540E+00 9.512681E-02 2.606934E-05 9.048471E-01
1.048540E+00 8.868677E-02 2.787244E-05 9.112854E-01
1.049541E+00 8.273503E-02 2.968580E-05 9.172353E-01
1.050542E+00 7.723206E-02 3.148433E-05 9.227365E-01
1.051543E+00 7.214307E-02 3.324642E-05 9.278237E-01
1.052544E+00 6.743848E-02 3.495511E-05 9.325266E-01
1.053545E+00 6.309007E-02 3.659987E-05 9.368733E-01
1.054545E+00 5.906816E-02 3.817509E-05 9.408937E-01
1.055546E+00 5.534371E-02 3.967631E-05 9.446166E-01
1.056547E+00 5.189239E-02 4.109853E-05 9.480665E-01
1.057548E+00 4.869495E-02 4.243847E-05 9.512626E-01
1.058549E+00 4.573305E-02 4.369687E-05 9.542233E-01
1.059550E+00 4.298634E-02 4.487719E-05 9.569688E-01
1.060550E+00 4.043456E-02 4.598177E-05 9.595195E-01
1.061551E+00 3.806166E-02 4.701069E-05 9.618913E-01
1.062552E+00 3.585620E-02 4.796455E-05 9.640958E-01
1.063553E+00 3.380705E-02 4.884732E-05 9.661441E-01
1.064554E+00 3.190041E-02 4.966484E-05 9.680499E-01
1.065555E+00 3.012204E-02 5.042090E-05 9.698275E-01
1.066555E+00 2.846154E-02 5.111628E-05 9.714873E-01
1.067556E+00 2.691267E-02 5.175204E-05 9.730356E-01
1.068557E+00 2.546908E-02 5.233250E-05 9.744786E-01
1.069558E+00 2.412118E-02 5.286365E-05 9.758260E-01
1.070559E+00 2.285859E-02 5.334901E-05 9.770881E-01
1.071560E+00 2.167455E-02 5.378874E-05 9.782717E-01
1.072560E+00 2.056621E-02 5.418332E-05 9.793796E-01
1.073561E+00 1.953022E-02 5.453671E-05 9.804152E-01
1.074562E+00 1.855965E-02 5.485444E-05 9.813855E-01
1.075563E+00 1.764653E-02 5.513933E-05 9.822983E-01
1.076564E+00 1.678640E-02 5.539070E-05 9.831582E-01
1.077565E+00 1.597862E-02 5.560833E-05 9.839658E-01
1.078565E+00 1.522175E-02 5.579569E-05 9.847225E-01
1.079566E+00 1.451049E-02 5.595785E-05 9.854336E-01
1.080567E+00 1.383834E-02 5.609695E-05 9.861056E-01
1.081568E+00 1.320234E-02 5.621152E-05 9.867414E-01
1.082569E+00 1.260329E-02 5.630076E-05 9.873404E-01
1.083570E+00 1.204100E-02 5.636777E-05 9.879026E-01
1.084570E+00 1.151115E-02 5.641725E-05 9.884324E-01
1.085571E+00 1.100812E-02 5.645078E-05 9.889354E-01
1.086572E+00 1.052996E-02 5.646626E-05 9.894136E-01
1.087573E+00 1.007845E-02 5.646243E-05 9.898651E-01
1.088574E+00 9.654213E-03 5.644217E-05 9.902893E-01
1.089575E+00 9.253494E-03 5.640994E-05 9.906901E-01
1.090575E+00 8.871222E-03 5.636688E-05 9.910724E-01
1.091576E+00 8.506102E-03 5.631035E-05 9.914376E-01
1.092577E+00 8.160648E-03 5.623878E-05 9.917831E-01
1.093578E+00 7.836013E-03 5.615495E-05 9.921078E-01
1.094579E+00 7.528759E-03 5.606318E-05 9.924152E-01
1.095580E+00 7.234109E-03 5.596425E-05 9.927099E-01
1.096580E+00 6.951247E-03 5.585509E-05 9.929929E-01
1.097581E+00 6.683241E-03 5.573390E-05 9.932610E-01
1.098582E+00 6.431620E-03 5.560346E-05 9.935128E-01
1.099583E+00 6.193076E-03 5.546805E-05 9.937515E-01
1.100584E+00 5.962975E-03 5.532812E-05 9.939817E-01
1.101585E+00 5.740856E-03 5.518023E-05 9.942040E-01
1.102585E+00 5.530251E-03 5.502244E-05 9.944147E-01
1.103586E+00 5.332952E-03 5.485761E-05 9.946122E-01
1.104587E+00 5.145665E-03 5.469000E-05 9.947996E-01
1.105588E+00 4.963784E-03 5.451980E-05 9.949817E-01
1.106589E+00 4.787135E-03 5.434323E-05 9.951585E-01
1.107590E+00 4.619657E-03 5.415825E-05 9.953262E-01
1.108590E+00 4.463343E-03 5.396787E-05 9.954827E-01
1.109591E+00 4.314819E-03 5.377639E-05 9.956314E-01
1.110592E+00 4.169426E-03 5.358374E-05 9.957770E-01
1.111593E+00 4.027235E-03 5.338582E-05 9.959194E-01
1.112594E+00 3.892574E-03 5.318054E-05 9.960542E-01
1.113595E+00 3.767591E-03 5.297109E-05 9.961794E-01
1.114595E+00 3.648760E-03 5.276185E-05 9.962985E-01
1.115596E+00 3.531306E-03 5.255250E-05 9.964161E-01
1.116597E+00 3.415521E-03 5.233863E-05 9.965321E-01
1.117598E+00 3.306123E-03 5.211812E-05 9.966418E-01
1.118599E+00 3.205392E-03 5.189440E-05 9.967427E-01
1.119600E+00 3.109584E-03 5.167194E-05 9.968387E-01
1.120601E+00 3.013753E-03 5.145019E-05 9.969348E-01
1.121601E+00 2.918407E-03 5.122441E-05 9.970304E-01
1.122602E+00 2.828669E-03 5.099245E-05 9.971203E-01
1.123603E+00 2.746937E-03 5.075805E-05 9.972023E-01
1.124604E+00 2.669188E-03 5.052581E-05 9.972803E-01
1.125605E+00 2.590255E-03 5.029489E-05 9.973594E-01
1.126606E+00 2.510864E-03 5.006022E-05 9.974391E-01
1.127606E+00 2.436578E-03 4.981969E-05 9.975136E-01
1.128607E+00 2.369904E-03 4.957733E-05 9.975805E-01
1.129608E+00 2.306483E-03 4.933791E-05 9.976442E-01
1.130609E+00 2.240869E-03 4.910032E-05 9.977100E-01
1.131610E+00 2.174021E-03 4.885909E-05 9.977771E-01
1.132611E+00 2.111990E-03 4.861216E-05 9.978394E-01
1.133611E+00 2.057393E-03 4.836393E-05 9.978942E-01
1.134612E+00 2.005466E-03 4.811936E-05 9.979464E-01
1.135613E+00 1.950429E-03 4.787703E-05 9.980017E-01
1.136614E+00 1.893493E-03 4.763105E-05 9.980589E-01
1.137615E+00 1.841263E-03 4.737940E-05 9.981114E-01
1.138616E+00 1.796471E-03 4.712694E-05 9.981564E-01
1.139616E+00 1.753872E-03 4.687883E-05 9.981992E-01
1.140617E+00 1.707285E-03 4.663328E-05 9.982461E-01
1.141618E+00 1.658203E-03 4.638397E-05 9.982954E-01
1.142619E+00 1.613869E-03 4.612893E-05 9.983400E-01
1.143620E+00 1.577143E-03 4.587352E-05 9.983770E-01
1.144621E+00 1.542209E-03 4.562314E-05 9.984122E-01
1.145621E+00 1.502400E-03 4.537562E-05 9.984522E-01
1.146622E+00 1.459536E-03 4.512412E-05 9.984953E-01
1.147623E+00 1.421603E-03 4.486672E-05 9.985335E-01
1.148624E+00 1.391613E-03 4.460938E-05 9.985638E-01
1.149625E+00 1.363064E-03 4.435780E-05 9.985926E-01
1.150626E+00 1.328705E-03 4.410935E-05 9.986272E-01
1.151626E+00 1.290730E-03 4.385658E-05 9.986654E-01
1.152627E+00 1.258013E-03 4.359764E-05 9.986984E-01
1.153628E+00 1.233750E-03 4.333920E-05 9.987229E-01
1.154629E+00 1.210611E-03 4.308731E-05 9.987463E-01
1.155630E+00 1.180625E-03 4.283882E-05 9.987765E-01
1.156631E+00 1.146429E-03 4.258554E-05 9.988110E-01
1.157631E+00 1.117976E-03 4.232571E-05 9.988397E-01
1.158632E+00 1.098691E-03 4.206684E-05 9.988592E-01
1.159633E+00 1.080232E-03 4.181543E-05 9.988780E-01
1.160634E+00 1.053730E-03 4.156770E-05 9.989047E-01
1.161635E+00 1.022350E-03 4.131456E-05 9.989363E-01
1.162636E+00 9.973803E-04 4.105435E-05 9.989616E-01
1.163636E+00 9.825514E-04 4.079561E-05 9.989767E-01
1.164637E+00 9.682612E-04 4.054538E-05 9.989912E-01
1.165638E+00 9.444866E-04 4.029916E-05 9.990152E-01
1.166639E+00 9.150317E-04 4.004673E-05 9.990449E-01
1.167640E+00 8.928885E-04 3.978652E-05 9.990673E-01
1.168641E+00 8.822069E-04 3.952834E-05 9.990783E-01
1.169641E+00 8.717813E-04 3.928001E-05 9.990889E-01
1.170642E+00 8.500629E-04 3.903607E-05 9.991109E-01
1.171643E+00 8.216394E-04 3.878486E-05 9.991396E-01
1.172644E+00 8.017377E-04 3.852488E-05 9.991597E-01
1.173645E+00 7.951261E-04 3.826761E-05 9.991666E-01
1.174646E+00 7.884998E-04 3.802189E-05 9.991735E-01
1.175646E+00 7.682051E-04 3.778111E-05 9.991940E-01
1.176647E+00 7.397975E-04 3.753164E-05 9.992227E-01
1.177648E+00 7.215618E-04 3.727197E-05 9.992412E-01
1.178649E+00 7.192414E-04 3.701582E-05 9.992437E-01
1.179650E+00 7.166849E-04 3.677358E-05 9.992465E-01
1.180651E+00 6.971651E-04 3.653711E-05 9.992663E-01
1.181651E+00 6.674277E-04 3.628995E-05 9.992963E-01
1.182652E+00 6.501754E-04 3.603042E-05 9.993138E-01
1.183653E+00 6.528350E-04 3.577543E-05 9.993114E-01
1.184654E+00 6.552162E-04 3.553782E-05 9.993092E-01
1.185655E+00 6.357338E-04 3.530742E-05 9.993290E-01
1.186656E+00 6.025219E-04 3.506341E-05 9.993624E-01
1.187656E+00 5.851631E-04 3.480344E-05 9.993800E-01
1.188657E+00 5.943865E-04 3.454926E-05 9.993711E-01
1.189658E+00 6.039343E-04 3.431816E-05 9.993617E-01
1.190659E+00 5.835831E-04 3.409727E-05 9.993823E-01
1.191660E+00 5.426184E-04 3.385820E-05 9.994235E-01
1.192661E+00 5.225898E-04 3.359628E-05 9.994438E-01
1.193661E+00 5.420887E-04 3.334148E-05 9.994246E-01
1.194662E+00 5.652340E-04 3.312085E-05 9.994016E-01
1.195663E+00 5.431613E-04 3.291871E-05 9.994239E-01
1.196664E+00 4.826540E-04 3.269095E-05 9.994847E-01
1.197665E+00 4.498114E-04 3.242356E-05 9.995178E-01
1.198666E+00 4.899218E-04 3.216203E-05 9.994779E-01
1.199666E+00 5.552554E-04 3.196552E-05 9.994128E-01
1.200667E+00 5.380758E-04 3.183167E-05 9.994301E-01
1.201668E+00 3.861907E-04 3.168279E-05 9.995821E-01
1.202669E+00 1.725126E-04 3.143892E-05 9.997960E-01
1.203670E+00 3.247064E-05 3.110065E-05 9.999364E-01
1.204671E+00 3.212893E-05 3.074889E-05 9.999371E-01
1.205671E+00 1.107481E-04 3.046154E-05 9.998588E-01
1.206672E+00 1.567930E-04 3.024041E-05 9.998130E-01
1.207673E+00 1.259385E-04 3.002548E-05 9.998440E-01
1.208674E+00 7.014990E-05 2.977077E-05 9.999001E-01
1.209675E+00 5.865696E-05 2.949054E-05 9.999119E-01
1.210676E+00 9.495326E-05 2.922953E-05 9.998758E-01
1.211676E+00 1.246272E-04 2.900378E-05 9.998464E-01
1.212677E+00 1.105118E-04 2.878594E-05 9.998607E-01
1.213678E+00 7.545877E-05 2.854546E-05 9.998960E-01
1.214679E+00 6.538406E-05 2.828680E-05 9.999063E-01
1.215680E+00 8.862299E-05 2.803869E-05 9.998833E-01
1.216681E+00 1.100667E-04 2.781447E-05 9.998621E-01
1.217681E+00 1.010086E-04 2.759684E-05 9.998714E-01
1.218682E+00 7.528765E-05 2.736364E-05 9.998973E-01
1.219683E+00 6.699063E-05 2.711696E-05 9.999059E-01
1.220684E+00 8.420666E-05 2.687777E-05 9.998889E-01
1.221685E+00 1.008953E-04 2.665664E-05 9.998724E-01
1.222686E+00 9.400646E-05 2.644084E-05 9.998796E-01
1.223686E+00 7.352623E-05 2.621319E-05 9.999003E-01
1.224687E+00 6.665557E-05 2.597511E-05 9.999074E-01
1.225688E+00 8.050754E-05 2.574313E-05 9.998937E-01
1.226689E+00 9.413987E-05 2.552571E-05 9.998803E-01
1.227690E+00 8.836862E-05 2.531260E-05 9.998863E-01
1.228691E+00 7.122051E-05 2.508992E-05 9.999037E-01
1.229691E+00 6.545906E-05 2.485894E-05 9.999097E-01
1.230692E+00 7.720648E-05 2.463330E-05 9.998982E-01
1.231693E+00 8.872261E-05 2.441990E-05 9.998869E-01
1.232694E+00 8.359466E-05 2.421003E-05 9.998922E-01
1.233695E+00 6.874217E-05 2.399212E-05 9.999073E-01
1.234696E+00 6.385741E-05 2.376745E-05 9.999124E-01
1.235696E+00 7.418648E-05 2.354770E-05 9.999023E-01
1.236697E+00 8.415562E-05 2.333852E-05 9.998925E-01
1.237698E+00 7.942460E-05 2.313226E-05 9.998974E-01
1.238699E+00 6.624497E-05 2.291906E-05 9.999108E-01
1.239700E+00 6.206988E-05 2.270029E-05 9.999152E-01
1.240701E+00 7.139217E-05 2.248616E-05 9.999061E-01
1.241701E+00 8.018275E-05 2.228136E-05 9.998975E-01
1.242702E+00 7.570682E-05 2.207899E-05 9.999022E-01
1.243703E+00 6.379765E-05 2.187050E-05 9.999143E-01
1.244704E+00 6.021081E-05 2.165740E-05 9.999181E-01
1.245705E+00 6.879119E-05 2.144875E-05 9.999098E-01
1.246706E+00 7.665411E-05 2.124846E-05 9.999021E-01
1.247706E+00 7.234485E-05 2.105020E-05 9.999066E-01
1.248707E+00 6.143154E-05 2.084646E-05 9.999177E-01
1.249708E+00 5.834290E-05 2.063889E-05 9.999210E-01
1.250709E+00 6.636130E-05 2.043564E-05 9.999132E-01
1.251710E+00 7.347438E-05 2.023997E-05 9.999063E-01
1.252711E+00 6.927302E-05 2.004599E-05 9.999107E-01
1.253711E+00 5.915998E-05 1.984708E-05 9.999210E-01
1.254712E+00 5.650156E-05 1.964496E-05 9.999239E-01
1.255713E+00 6.408554E-05 1.944707E-05 9.999165E-01
1.256714E+00 7.057892E-05 1.925612E-05 9.999102E-01
1.257715E+00 6.644422E-05 1.906658E-05 9.999145E-01
1.258716E+00 5.698733E-05 1.887255E-05 9.999241E-01
1.259716E+00 5.470691E-05 1.867586E-05 9.999266E-01
1.260717E+00 6.195017E-05 1.848331E-05 9.999196E-01
1.261718E+00 6.792156E-05 1.829718E-05 9.999138E-01
1.262719E+00 6.382326E-05 1.811221E-05 9.999181E-01
1.263720E+00 5.491333E-05 1.792312E-05 9.999272E-01
1.264721E+00 5.297026E-05 1.773184E-05 9.999293E-01
1.265721E+00 5.994367E-05 1.754465E-05 9.999225E-01
1.266722E+00 6.546803E-05 1.736340E-05 9.999172E-01
1.267723E+00 6.138296E-05 1.718311E-05 9.999214E-01
1.268724E+00 5.293535E-05 1.699903E-05 9.999301E-01
1.269725E+00 5.129767E-05 1.681316E-05 9.999319E-01
1.270726E+00 5.805617E-05 1.663133E-05 9.999253E-01
1.271726E+00 6.319199E-05 1.645504E-05 9.999204E-01
1.272727E+00 5.910177E-05 1.627953E-05 9.999246E-01
1.273728E+00 5.104959E-05 1.610052E-05 9.999328E-01
1.274729E+00 4.969193E-05 1.592008E-05 9.999344E-01
1.275730E+00 5.627904E-05 1.574363E-05 9.999280E-01
1.276731E+00 6.107261E-05 1.557236E-05 9.999234E-01
1.277731E+00 5.696216E-05 1.540171E-05 9.999276E-01
1.278732E+00 4.925166E-05 1.522781E-05 9.999355E-01
1.279733E+00 4.815378E-05 1.505281E-05 9.999368E-01
1.280734E+00 5.460462E-05 1.488175E-05 9.999305E-01
1.281735E+00 5.909293E-05 1.471556E-05 9.999262E-01
1.282736E+00 5.494948E-05 1.454984E-05 9.999305E-01
1.283736E+00 4.753684E-05 1.438111E-05 9.999381E-01
1.284737E+00 4.668256E-05 1.421156E-05 9.999391E-01
1.285738E+00 5.302591E-05 1.404591E-05 9.999329E-01
1.286739E+00 5.723876E-05 1.388483E-05 9.999289E-01
1.287740E+00 5.305118E-05 1.372411E-05 9.999332E-01
1.288741E+00 4.590023E-05 1.356058E-05 9.999405E-01
1.289741E+00 4.527660E-05 1.339649E-05 9.999413E-01
1.290742E+00 5.153637E-05 1.323626E-05 9.999352E-01
1.291743E+00 5.549788E-05 1.308034E-05 9.999314E-01
1.292744E+00 5.125619E-05 1.292466E-05 9.999358E-01
1.293745E+00 4.433677E-05 1.276636E-05 9.999429E-01
1.294746E+00 4.393344E-05 1.260773E-05 9.999435E-01
1.295746E+00 5.012975E-05 1.245293E-05 9.999374E-01
1.296747E+00 5.385945E-05 1.230220E-05 9.999338E-01
1.297748E+00 4.955450E-05 1.215159E-05 9.999383E-01
1.298749E+00 4.284119E-05 1.199856E-05 9.999452E-01
1.299750E+00 4.264999E-05 1.184540E-05 9.999455E-01
1.300751E+00 4.879995E-05 1.169603E-05 9.999395E-01
1.301751E+00 5.231364E-05 1.155049E-05 9.999361E-01
1.302752E+00 4.793685E-05 1.140500E-05 9.999407E-01
1.303753E+00 4.140808E-05 1.125724E-05 9.999473E-01
1.304754E+00 4.142264E-05 1.110955E-05 9.999475E-01
1.305755E+00 4.754093E-05 1.096560E-05 9.999415E-01
1.306756E+00 5.085131E-05 1.082528E-05 9.999383E-01
1.307756E+00 4.639454E-05 1.068491E-05 9.999429E-01
1.308757E+00 4.003187E-05 1.054243E-05 9.999494E-01
1.309758E+00 4.024740E-05 1.040021E-05 9.999494E-01
1.310759E+00 4.634674E-05 1.026168E-05 9.999434E-01
1.311760E+00 4.946395E-05 1.012656E-05 9.999404E-01
1.312761E+00 4.491934E-05 9.991335E-06 9.999451E-01
1.313761E+00 3.870699E-05 9.854140E-06 9.999514E-01
1.314762E+00 3.912004E-05 9.717359E-06 9.999512E-01
1.315763E+00 4.521160E-05 9.584223E-06 9.999452E-01
1.316764E+00 4.814360E-05 9.454321E-06 9.999424E-01
1.317765E+00 4.350352E-05 9.324229E-06 9.999472E-01
1.318766E+00 3.742797E-05 9.192310E-06 9.999534E-01
1.319766E+00 3.803633E-05 9.060954E-06 9.999529E-01
1.320767E+00 4.413002E-05 8.933192E-06 9.999469E-01
1.321768E+00 4.688295E-05 8.808482E-06 9.999443E-01
1.322769E+00 4.213998E-05 8.683519E-06 9.999492E-01
1.323770E+00 3.618965E-05 8.556863E-06 9.999553E-01
1.324771E+00 3.699228E-05 8.430903E-06 9.999546E-01
1.325771E+00 4.309701E-05 8.308484E-06 9.999486E-01
1.326772E+00 4.567546E-05 8.188945E-06 9.999461E-01
1.327773E+00 4.082235E-05 8.069095E-06 9.999511E-01
1.328774E+00 3.498741E-05 7.947677E-06 9.999571E-01
1.329775E+00 3.598438E-05 7.827080E-06 9.999562E-01
1.330776E+00 4.210826E-05 7.709967E-06 9.999502E-01
1.331776E+00 4.451551E-05 7.595568E-06 9.999479E-01
1.332777E+00 3.954515E-05 7.480806E-06 9.999530E-01
1.333778E+00 3.381737E-05 7.364596E-06 9.999588E-01
1.334779E+00 3.500978E-05 7.249321E-06 9.999577E-01
1.335780E+00 4.116029E-05 7.137468E-06 9.999517E-01
1.336781E+00 4.339847E-05 7.028172E-06 9.999496E-01
1.337781E+00 3.830392E-05 6.918465E-06 9.999548E-01
1.338782E+00 3.267649E-05 6.807426E-06 9.999605E-01
1.339783E+00 3.406644E-05 6.697425E-06 9.999592E-01
1.340784E+00 4.025058E-05 6.590782E-06 9.999532E-01
1.341785E+00 4.232081E-05 6.486543E-06 9.999512E-01
1.342786E+00 3.709521E-05 6.381850E-06 9.999565E-01
1.343786E+00 3.156263E-05 6.275936E-06 9.999622E-01
1.344787E+00 3.315321E-05 6.171154E-06 9.999607E-01
1.345788E+00 3.937756E-05 6.069664E-06 9.999546E-01
1.346789E+00 4.128002E-05 5.970429E-06 9.999527E-01
1.347790E+00 3.591662E-05 5.870703E-06 9.999582E-01
1.348791E+00 3.047459E-05 5.769862E-06 9.999638E-01
1.349791E+00 3.226977E-05 5.670239E-06 9.999621E-01
1.350792E+00 3.854054E-05 5.573835E-06 9.999559E-01
1.351793E+00 4.027453E-05 5.479545E-06 9.999542E-01
1.352794E+00 3.476658E-05 5.384730E-06 9.999598E-01
1.353795E+00 2.941189E-05 5.288904E-06 9.999653E-01
1.354796E+00 3.141650E-05 5.194371E-06 9.999634E-01
1.355796E+00 3.773955E-05 5.102985E-06 9.999572E-01
1.356797E+00 3.930351E-05 5.013573E-06 9.999557E-01
1.357798E+00 3.364421E-05 4.923607E-06 9.999614E-01
1.358799E+00 2.837460E-05 4.832730E-06 9.999668E-01
1.359800E+00 3.059425E-05 4.743215E-06 9.999647E-01
1.360801E+00 3.697509E-05 4.656767E-06 9.999584E-01
1.361802E+00 3.836654E-05 4.572161E-06 9.999571E-01
1.362802E+00 3.254896E-05 4.486977E-06 9.999630E-01
1.363803E+00 2.736305E-05 4.400977E-06 9.999682E-01
1.364804E+00 2.980402E-05 4.316399E-06 9.999659E-01
1.365805E+00 3.624777E-05 4.234807E-06 9.999595E-01
1.366806E+00 3.746328E-05 4.154927E-06 9.999584E-01
1.367807E+00 3.148028E-05 4.074450E-06 9.999644E-01
1.368807E+00 2.637742E-05 3.993250E-06 9.999696E-01
1.369808E+00 2.904665E-05 3.913523E-06 9.999670E-01
1.370809E+00 3.555795E-05 3.836699E-06 9.999606E-01
1.371810E+00 3.659312E-05 3.761460E-06 9.999596E-01
1.372811E+00 3.043726E-05 3.685608E-06 9.999659E-01
1.373812E+00 2.541747E-05 3.609125E-06 9.999710E-01
1.374812E+00 2.832244E-05 3.534159E-06 9.999681E-01
1.375813E+00 3.490548E-05 3.462007E-06 9.999616E-01
1.376814E+00 3.575485E-05 3.391319E-06 9.999609E-01
1.377815E+00 2.941832E-05 3.320007E-06 9.999673E-01
1.378816E+00 2.448224E-05 3.248151E-06 9.999723E-01
1.379817E+00 2.763096E-05 3.177849E-06 9.999692E-01
1.380817E+00 3.428941E-05 3.110269E-06 9.999626E-01
1.381818E+00 3.494646E-05 3.044037E-06 9.999620E-01
1.382819E+00 2.842104E-05 2.977173E-06 9.999686E-01
1.383820E+00 2.356988E-05 2.909850E-06 9.999735E-01
1.384821E+00 2.697088E-05 2.844110E-06 9.999702E-01
1.385822E+00 3.370791E-05 2.780998E-06 9.999635E-01
1.386822E+00 3.416501E-05 2.719120E-06 9.999631E-01
1.387823E+00 2.744208E-05 2.656609E-06 9.999699E-01
1.388824E+00 2.267766E-05 2.593720E-06 9.999747E-01
1.389825E+00 2.634001E-05 2.532436E-06 9.999711E-01
1.390826E+00 3.315830E-05 2.473682E-06 9.999644E-01
1.391827E+00 3.340674E-05 2.416053E-06 9.999642E-01
1.392827E+00 2.647729E-05 2.357794E-06 9.999712E-01
1.393828E+00 2.180207E-05 2.299235E-06 9.999759E-01
1.394829E+00 2.573546E-05 2.242295E-06 9.999720E-01
1.395830E+00 3.263722E-05 2.187785E-06 9.999652E-01
1.396831E+00 3.266725E-05 2.134296E-06 9.999652E-01
1.397832E+00 2.552192E-05 2.080183E-06 9.999724E-01
1.398832E+00 2.093911E-05 2.025847E-06 9.999770E-01
1.399833E+00 2.515393E-05 1.973136E-06 9.999729E-01
1.400834E+00 3.214100E-05 1.922752E-06 9.999659E-01
1.401835E+00 3.194188E-05 1.873288E-06 9.999662E-01
1.402836E+00 2.457107E-05 1.823213E-06 9.999736E-01
1.403837E+00 2.008471E-05 1.772988E-06 9.999781E-01
1.404837E+00 2.459219E-05 1.724387E-06 9.999737E-01
1.405838E+00 3.166613E-05 1.678006E-06 9.999667E-01
1.406839E+00 3.122618E-05 1.632452E-06 9.999671E-01
1.407840E+00 2.362014E-05 1.586302E-06 9.999748E-01
1.408841E+00 1.923532E-05 1.540072E-06 9.999792E-01
1.409842E+00 2.404765E-05 1.495458E-06 9.999745E-01
1.410842E+00 3.120982E-05 1.452955E-06 9.999673E-01
1.411843E+00 3.051655E-05 1.411188E-06 9.999681E-01
1.412844E+00 2.266551E-05 1.368848E-06 9.999760E-01
1.413845E+00 1.838848E-05 1.326496E-06 9.999803E-01
1.414846E+00 2.351899E-05 1.285742E-06 9.999752E-01
1.415847E+00 3.077067E-05 1.246987E-06 9.999680E-01
1.416847E+00 2.981079E-05 1.208886E-06 9.999690E-01
1.417848E+00 2.170509E-05 1.170237E-06 9.999771E-01
1.418849E+00 1.754344E-05 1.131639E-06 9.999813E-01
1.419850E+00 2.300672E-05 1.094616E-06 9.999759E-01
1.420851E+00 3.034917E-05 1.059479E-06 9.999686E-01
1.421852E+00 2.910870E-05 1.024917E-06 9.999699E-01
1.422852E+00 2.073882E-05 9.898386E-07 9.999783E-01
1.423853E+00 1.670162E-05 9.548713E-07 9.999823E-01
1.424854E+00 2.251365E-05 9.214460E-07 9.999766E-01
1.425855E+00 2.994813E-05 8.897920E-07 9.999692E-01
1.426856E+00 2.841235E-05 8.586412E-07 9.999707E-01
1.427857E+00 1.976904E-05 8.270105E-07 9.999794E-01
1.428857E+00 1.586694E-05 7.955468E-07 9.999833E-01
1.429858E+00 2.204514E-05 7.655848E-07 9.999772E-01
1.430859E+00 2.957292E-05 7.372773E-07 9.999697E-01
1.431860E+00 2.772633E-05 7.094078E-07 9.999716E-01
1.432861E+00 1.880054E-05 6.810999E-07 9.999805E-01
1.433862E+00 1.504584E-05 6.530109E-07 9.999843E-01
1.434862E+00 2.160910E-05 6.263750E-07 9.999778E-01
1.435863E+00 2.923132E-05 6.012756E-07 9.999702E-01
1.436864E+00 2.705753E-05 5.765562E-07 9.999724E-01
1.437865E+00 1.784043E-05 5.514448E-07 9.999816E-01
1.438866E+00 1.424706E-05 5.265999E-07 9.999852E-01
1.439867E+00 2.121571E-05 5.031511E-07 9.999783E-01
1.440867E+00 2.893330E-05 4.811198E-07 9.999706E-01
1.441868E+00 2.641485E-05 4.594180E-07 9.999731E-01
1.442869E+00 1.689768E-05 4.373759E-07 9.999827E-01
1.443870E+00 1.348122E-05 4.156429E-07 9.999861E-01
1.444871E+00 2.087692E-05 3.952404E-07 9.999787E-01
1.445872E+00 2.869040E-05 3.761360E-07 9.999709E-01
1.446872E+00 2.580854E-05 3.573186E-07 9.999738E-01
1.447873E+00 1.598250E-05 3.382178E-07 9.999837E-01
1.448874E+00 1.276009E-05 3.194633E-07 9.999869E-01
1.449875E+00 2.060578E-05 3.019652E-07 9.999791E-01
1.450876E+00 2.851498E-05 2.856455E-07 9.999712E-01
1.451877E+00 2.524942E-05 2.695789E-07 9.999745E-01
1.452877E+00 1.510549E-05 2.532909E-07 9.999846E-01
1.453878E+00 1.209577E-05 2.373808E-07 9.999877E-01
1.454879E+00 2.041547E-05 2.226439E-07 9.999794E-01
1.455880E+00 2.841930E-05 2.089662E-07 9.999714E-01
1.456881E+00 2.474787E-05 1.955168E-07 9.999751E-01
1.457882E+00 1.427665E-05 1.819130E-07 9.999855E-01
1.458882E+00 1.149964E-05 1.687123E-07 9.999883E-01
1.459883E+00 2.031831E-05 1.565928E-07 9.999795E-01
1.460884E+00 2.841445E-05 1.454140E-07 9.999714E-01
1.461885E+00 2.431280E-05 1.344484E-07 9.999756E-01
1.462886E+00 1.350431E-05 1.234004E-07 9.999864E-01
1.463887E+00 1.098134E-05 1.127741E-07 9.999889E-01
1.464887E+00 2.032475E-05 1.031275E-07 9.999796E-01
1.465888E+00 2.850933E-05 9.430459E-08 9.999714E-01
1.466889E+00 2.395065E-05 8.569004E-08 9.999760E-01
1.467890E+00 1.279415E-05 7.707017E-08 9.999871E-01
1.468891E+00 1.054785E-05 6.888280E-08 9.999894E-01
1.469892E+00 2.044241E-05 6.156458E-08 9.999795E-01
1.470892E+00 2.870979E-05 5.495484E-08 9.999712E-01
1.471893E+00 2.366451E-05 4.855963E-08 9.999763E-01
1.472894E+00 1.214844E-05 4.224081E-08 9.999878E-01
1.473895E+00 1.020269E-05 3.635736E-08 9.999898E-01
1.474896E+00 2.067550E-05 3.122274E-08 9.999793E-01
1.475897E+00 2.901802E-05 2.668420E-08 9.999710E-01
1.476897E+00 2.345358E-05 2.237790E-08 9.999765E-01
1.477898E+00 1.156551E-05 1.823426E-08 9.999884E-01
1.478899E+00 9.945652E-06 1.452002E-08 9.999900E-01
1.479900E+00 2.102442E-05 1.142457E-08 9.999790E-01
1.480901E+00 2.943226E-05 8.816169E-09 9.999706E-01
1.481902E+00 2.331302E-05 6.470004E-09 9.999767E-01
1.482902E+00 1.103972E-05 4.377065E-09 9.999890E-01
1.483903E+00 9.772695E-06 2.697973E-09 9.999902E-01
1.484904E+00 2.148590E-05 1.497724E-09 9.999785E-01
1.485905E+00 2.994703E-05 6.796496E-10 9.999701E-01
1.486906E+00 2.323415E-05 1.668144E-10 9.999768E-01
1.487907E+00 1.056172E-05 1.790975E-12 9.999894E-01
1.488907E+00 9.676379E-06 2.246096E-10 9.999903E-01
1.489908E+00 2.205345E-05 7.762985E-10 9.999779E-01
1.490909E+00 3.055353E-05 1.610307E-09 9.999694E-01
1.491910E+00 2.320495E-05 2.806288E-09 9.999768E-01
1.492911E+00 1.011906E-05 4.448332E-09 9.999899E-01
1.493912E+00 9.646530E-06 6.440865E-09 9.999903E-01
1.494912E+00 2.271806E-05 8.602149E-09 9.999773E-01
1.495913E+00 3.124048E-05 1.095184E-08 9.999687E-01
1.496914E+00 2.321094E-05 1.373473E-08 9.999768E-01
1.497915E+00 9.697049E-06 1.706518E-08 9.999903E-01
1.498916E+00 9.671169E-06 2.069645E-08 9.999903E-01
1.499917E+00 2.346917E-05 2.432612E-08 9.999765E-01
1.500917E+00 3.199507E-05 2.805723E-08 9.999680E-01
1.501918E+00 2.323613E-05 3.230803E-08 9.999767E-01
1.502919E+00 9.279835E-06 3.721065E-08 9.999907E-01
1.503920E+00 9.737607E-06 4.235108E-08 9.999902E-01
1.504921E+00 2.429582E-05 4.730924E-08 9.999757E-01
1.505922E+00 3.280409E-05 5.228991E-08 9.999671E-01
1.506922E+00 2.326415E-05 5.789285E-08 9.999767E-01
1.507923E+00 8.851504E-06 6.425405E-08 9.999911E-01
1.508924E+00 9.833599E-06 7.077559E-08 9.999901E-01
1.509925E+00 2.518779E-05 7.692387E-08 9.999747E-01
1.510926E+00 3.365505E-05 8.302494E-08 9.999663E-01
1.511927E+00 2.327938E-05 8.986775E-08 9.999766E-01
1.512927E+00 8.397189E-06 9.757678E-08 9.999915E-01
1.513928E+00 9.948436E-06 1.053531E-07 9.999899E-01
1.514929E+00 2.613662E-05 1.125548E-07 9.999738E-01
1.515930E+00 3.453717E-05 1.196501E-07 9.999653E-01
1.516931E+00 2.326783E-05 1.276242E-07 9.999766E-01
1.517932E+00 7.903972E-06 1.365734E-07 9.999920E-01
1.518932E+00 1.007382E-05 1.454799E-07 9.999898E-01
1.519933E+00 2.713649E-05 1.536002E-07 9.999727E-01
1.520934E+00 3.544208E-05 1.615667E-07 9.999644E-01
1.521935E+00 2.321781E-05 1.705679E-07 9.999766E-01
1.522936E+00 7.361439E-06 1.806527E-07 9.999925E-01
1.523937E+00 1.020434E-05 1.905667E-07 9.999896E-01
1.524937E+00 2.818454E-05 1.994727E-07 9.999716E-01
1.525938E+00 3.636415E-05 2.081911E-07 9.999634E-01
1.526939E+00 2.312004E-05 2.181191E-07 9.999767E-01
1.527940E+00 6.761755E-06 2.292385E-07 9.999930E-01
1.528941E+00 1.033752E-05 2.400392E-07 9.999894E-01
1.529942E+00 2.928084E-05 2.496004E-07 9.999705E-01
1.530942E+00 3.730017E-05 2.589548E-07 9.999624E-01
1.531943E+00 2.296735E-05 2.697142E-07 9.999768E-01
1.532944E+00 6.099207E-06 2.817706E-07 9.999936E-01
1.533945E+00 1.047321E-05 2.933394E-07 9.999892E-01
1.534946E+00 3.042766E-05 3.034273E-07 9.999693E-01
1.535947E+00 3.824861E-05 3.133061E-07 9.999614E-01
1.536947E+00 2.275371E-05 3.248062E-07 9.999769E-01
1.537948E+00 5.369256E-06 3.377056E-07 9.999943E-01
1.538949E+00 1.061267E-05 3.499260E-07 9.999890E-01
1.539950E+00 3.162848E-05 3.604146E-07 9.999680E-01
1.540951E+00 3.920841E-05 3.707103E-07 9.999604E-01
1.541952E+00 2.247299E-05 3.828656E-07 9.999771E-01
1.542952E+00 4.567187E-06 3.965178E-07 9.999950E-01
1.543953E+00 1.075713E-05 4.092752E-07 9.999888E-01
1.544954E+00 3.288647E-05 4.200411E-07 9.999667E-01
1.545955E+00 4.017746E-05 4.306508E-07 9.999594E-01
1.546956E+00 2.211733E-05 4.433811E-07 9.999774E-01
1.547957E+00 3.686501E-06 4.576997E-07 9.999959E-01
1.548957E+00 1.090619E-05 4.708816E-07 9.999886E-01
1.549958E+00 3.420286E-05 4.818040E-07 9.999653E-01
1.550959E+00 4.115084E-05 4.926295E-07 9.999584E-01
1.551960E+00 2.167536E-05 5.058601E-07 9.999778E-01
1.552961E+00 2.717164E-06 5.207625E-07 9.999968E-01
1.553962E+00 1.105616E-05 5.342586E-07 9.999884E-01
1.554962E+00 3.557525E-05 5.452194E-07 9.999639E-01
1.555963E+00 4.211907E-05 5.561675E-07 9.999573E-01
1.556964E+00 2.113046E-05 5.698296E-07 9.999783E-01
1.557965E+00 1.643866E-06 5.852371E-07 9.999978E-01
1.558966E+00 1.119829E-05 5.989391E-07 9.999882E-01
1.559967E+00 3.699588E-05 6.098229E-07 9.999624E-01
1.560967E+00 4.306638E-05 6.208058E-07 9.999563E-01
1.561968E+00 2.045900E-05 6.348363E-07 9.999789E-01
1.562969E+00 4.444299E-07 6.506743E-07 9.999989E-01
1.563970E+00 1.131737E-05 6.644758E-07 9.999880E-01
1.564971E+00 3.845023E-05 6.751702E-07 9.999609E-01
1.565972E+00 4.396933E-05 6.861054E-07 9.999553E-01
1.566972E+00 1.962904E-05 7.004475E-07 9.999797E-01
1.567973E+00 -9.114306E-07 7.166451E-07 1.000000E+00
1.568974E+00 1.139056E-05 7.304416E-07 9.999879E-01
1.569975E+00 3.991598E-05 7.408372E-07 9.999593E-01
1.570976E+00 4.479579E-05 7.516480E-07 9.999545E-01
1.571977E+00 1.859940E-05 7.662513E-07 9.999806E-01
1.572977E+00 -2.462825E-06 7.827416E-07 1.000002E+00
1.573978E+00 1.138693E-05 7.964302E-07 9.999878E-01
1.574979E+00 4.136262E-05 8.064205E-07 9.999578E-01
1.575980E+00 4.550458E-05 8.170362E-07 9.999537E-01
1.576981E+00 1.731939E-05 8.318569E-07 9.999818E-01
1.577982E+00 -4.257741E-06 8.485766E-07 1.000003E+00
1.578982E+00 1.126755E-05 8.620561E-07 9.999879E-01
1.579983E+00 4.275167E-05 8.715378E-07 9.999564E-01
1.580984E+00 4.604580E-05 8.818941E-07 9.999531E-01
1.581985E+00 1.572928E-05 8.968948E-07 9.999834E-01
1.582986E+00 -6.352419E-06 9.137845E-07 1.000005E+00
1.583987E+00 1.098634E-05 9.269552E-07 9.999881E-01
1.584987E+00 4.403763E-05 9.358279E-07 9.999550E-01
1.585988E+00 4.636176E-05 9.458669E-07 9.999527E-01
1.586989E+00 1.376133E-05 9.610173E-07 9.999853E-01
1.587990E+00 -8.810118E-06 9.780210E-07 1.000008E+00
1.588991E+00 1.049148E-05 9.907843E-07 9.999885E-01
1.589992E+00 4.516943E-05 9.989511E-07 9.999538E-01
1.590992E+00 4.638848E-05 1.008622E-06 9.999526E-01
1.591993E+00 1.134125E-05 1.023898E-06 9.999876E-01
1.592994E+00 -1.169945E-05 1.040963E-06 1.000011E+00
1.593995E+00 9.727213E-06 1.053222E-06 9.999892E-01
1.594996E+00 4.609228E-05 1.060589E-06 9.999528E-01
1.595997E+00 4.605740E-05 1.069847E-06 9.999529E-01
1.596997E+00 8.390094E-06 1.085233E-06 9.999905E-01
1.597998E+00 -1.509241E-05 1.102311E-06 1.000014E+00
1.598999E+00 8.635962E-06 1.113968E-06 9.999903E-01
1.600000E+00 4.674975E-05 1.120445E-06 9.999521E-01
