# # t, EM energy in cavity (in meep units)
0.000000E+00 0.000000E+00
1.000000E-01 0.000000E+00
2.000000E-01 0.000000E+00
3.000000E-01 0.000000E+00
4.000000E-01 0.000000E+00
5.000000E-01 0.000000E+00
6.000000E-01 4.353058E-131
7.000000E-01 1.446140E-94
8.000000E-01 1.363170E-68
9.000000E-01 3.500585E-49
1.000000E+00 8.194504E-35
1.100000E+00 7.042594E-25
1.200000E+00 1.774441E-19
1.300000E+00 6.660980E-17
1.400000E+00 1.525289E-14
1.500000E+00 2.587341E-13
1.600000E+00 1.490719E-12
1.700000E+00 4.310650E-12
1.800000E+00 6.852520E-12
1.900000E+00 1.082488E-11
2.000000E+00 5.473168E-11
2.100000E+00 2.403865E-10
2.200000E+00 6.005922E-10
2.300000E+00 8.805280E-10
2.400000E+00 1.357335E-09
2.500000E+00 5.668238E-09
2.600000E+00 2.086226E-08
2.700000E+00 4.546067E-08
2.800000E+00 6.121491E-08
2.900000E+00 8.842078E-08
3.000000E+00 2.936013E-07
3.100000E+00 8.948052E-07
3.200000E+00 1.700289E-06
3.300000E+00 2.114978E-06
3.400000E+00 2.872875E-06
3.500000E+00 7.652333E-06
3.600000E+00 1.921042E-05
3.700000E+00 3.184550E-05
3.800000E+00 3.687941E-05
3.900000E+00 4.720978E-05
4.000000E+00 1.015129E-04
4.100000E+00 2.089785E-04
4.200000E+00 3.031616E-04
4.300000E+00 3.305602E-04
4.400000E+00 3.994093E-04
4.500000E+00 6.989712E-04
4.600000E+00 1.180190E-03
4.700000E+00 1.511527E-03
4.800000E+00 1.574378E-03
4.900000E+00 1.795652E-03
5.000000E+00 2.594167E-03
5.100000E+00 3.635843E-03
5.200000E+00 4.190049E-03
5.300000E+00 4.232670E-03
5.400000E+00 4.559111E-03
5.500000E+00 5.604296E-03
5.600000E+00 6.759229E-03
5.700000E+00 7.238702E-03
5.800000E+00 7.173686E-03
5.900000E+00 7.361047E-03
6.000000E+00 8.141073E-03
6.100000E+00 8.987495E-03
6.200000E+00 9.264009E-03
6.300000E+00 9.067851E-03
6.400000E+00 9.063086E-03
6.500000E+00 9.564692E-03
6.600000E+00 1.013112E-02
6.700000E+00 1.021502E-02
6.800000E+00 9.924482E-03
6.900000E+00 9.821543E-03
7.000000E+00 1.011196E-02
7.100000E+00 1.040305E-02
7.200000E+00 1.030017E-02
7.300000E+00 9.943914E-03
7.400000E+00 9.775481E-03
7.500000E+00 9.918924E-03
7.600000E+00 1.003990E-02
7.700000E+00 9.835723E-03
7.800000E+00 9.451058E-03
7.900000E+00 9.259342E-03
8.000000E+00 9.345258E-03
8.100000E+00 9.403427E-03
8.200000E+00 9.167205E-03
8.300000E+00 8.773064E-03
8.400000E+00 8.571726E-03
8.500000E+00 8.643827E-03
8.600000E+00 8.686461E-03
8.700000E+00 8.437159E-03
8.800000E+00 8.042907E-03
8.900000E+00 7.850578E-03
9.000000E+00 7.920325E-03
9.100000E+00 7.947924E-03
9.200000E+00 7.691298E-03
9.300000E+00 7.302440E-03
9.400000E+00 7.113291E-03
9.500000E+00 7.174672E-03
9.600000E+00 7.187137E-03
9.700000E+00 6.923083E-03
9.800000E+00 6.545257E-03
9.900000E+00 6.371547E-03
1.000000E+01 6.429068E-03
1.010000E+01 6.426593E-03
1.020000E+01 6.164618E-03
1.030000E+01 5.804695E-03
1.040000E+01 5.639546E-03
1.050000E+01 5.689020E-03
1.060000E+01 5.676484E-03
1.070000E+01 5.417890E-03
1.080000E+01 5.078339E-03
1.090000E+01 4.934198E-03
1.100000E+01 4.984934E-03
1.110000E+01 4.963752E-03
1.120000E+01 4.714656E-03
1.130000E+01 4.400740E-03
1.140000E+01 4.269454E-03
1.150000E+01 4.311068E-03
1.160000E+01 4.278814E-03
1.170000E+01 4.037416E-03
1.180000E+01 3.749629E-03
1.190000E+01 3.639905E-03
1.200000E+01 3.679654E-03
1.210000E+01 3.639310E-03
1.220000E+01 3.413787E-03
1.230000E+01 3.157658E-03
1.240000E+01 3.061588E-03
1.250000E+01 3.092269E-03
1.260000E+01 3.046450E-03
1.270000E+01 2.836483E-03
1.280000E+01 2.609422E-03
1.290000E+01 2.534592E-03
1.300000E+01 2.566419E-03
1.310000E+01 2.518554E-03
1.320000E+01 2.328556E-03
1.330000E+01 2.134309E-03
1.340000E+01 2.073476E-03
1.350000E+01 2.097008E-03
1.360000E+01 2.045453E-03
1.370000E+01 1.872909E-03
1.380000E+01 1.706899E-03
1.390000E+01 1.663447E-03
1.400000E+01 1.685235E-03
1.410000E+01 1.632294E-03
1.420000E+01 1.481431E-03
1.430000E+01 1.347491E-03
1.440000E+01 1.315708E-03
1.450000E+01 1.329807E-03
1.460000E+01 1.277879E-03
1.470000E+01 1.147517E-03
1.480000E+01 1.038788E-03
1.490000E+01 1.020401E-03
1.500000E+01 1.034514E-03
1.510000E+01 9.855097E-04
1.520000E+01 8.764880E-04
1.530000E+01 7.956956E-04
1.540000E+01 7.872042E-04
1.550000E+01 7.957037E-04
1.560000E+01 7.497707E-04
1.570000E+01 6.596112E-04
1.580000E+01 5.986852E-04
1.590000E+01 5.983064E-04
1.600000E+01 6.050079E-04
1.610000E+01 5.619738E-04
1.620000E+01 4.907196E-04
1.630000E+01 4.528317E-04
1.640000E+01 4.591802E-04
1.650000E+01 4.613289E-04
1.660000E+01 4.239065E-04
1.670000E+01 3.702903E-04
1.680000E+01 3.464606E-04
1.690000E+01 3.565217E-04
1.700000E+01 3.581604E-04
1.710000E+01 3.256896E-04
1.720000E+01 2.874460E-04
1.730000E+01 2.804243E-04
1.740000E+01 2.952739E-04
1.750000E+01 2.946649E-04
1.760000E+01 2.684775E-04
1.770000E+01 2.438461E-04
1.780000E+01 2.446966E-04
1.790000E+01 2.593005E-04
1.800000E+01 2.575648E-04
1.810000E+01 2.353828E-04
1.820000E+01 2.216114E-04
1.830000E+01 2.335901E-04
1.840000E+01 2.506248E-04
1.850000E+01 2.475808E-04
1.860000E+01 2.318667E-04
1.870000E+01 2.284200E-04
1.880000E+01 2.431823E-04
1.890000E+01 2.573599E-04
1.900000E+01 2.542466E-04
1.910000E+01 2.426903E-04
1.920000E+01 2.456651E-04
1.930000E+01 2.661840E-04
1.940000E+01 2.817174E-04
1.950000E+01 2.788940E-04
1.960000E+01 2.728962E-04
1.970000E+01 2.819603E-04
1.980000E+01 3.011380E-04
1.990000E+01 3.123080E-04
2.000000E+01 3.094930E-04
2.010000E+01 3.061381E-04
2.020000E+01 3.173542E-04
2.030000E+01 3.382189E-04
2.040000E+01 3.496938E-04
2.050000E+01 3.475198E-04
2.060000E+01 3.483868E-04
2.070000E+01 3.626848E-04
2.080000E+01 3.798038E-04
2.090000E+01 3.865179E-04
2.100000E+01 3.850485E-04
2.110000E+01 3.877247E-04
2.120000E+01 4.008288E-04
2.130000E+01 4.166279E-04
2.140000E+01 4.234679E-04
2.150000E+01 4.231705E-04
2.160000E+01 4.283995E-04
2.170000E+01 4.418720E-04
2.180000E+01 4.528074E-04
2.190000E+01 4.553476E-04
2.200000E+01 4.559143E-04
2.210000E+01 4.615411E-04
2.220000E+01 4.713182E-04
2.230000E+01 4.792336E-04
2.240000E+01 4.817858E-04
2.250000E+01 4.832512E-04
2.260000E+01 4.897946E-04
2.270000E+01 4.985212E-04
2.280000E+01 5.018174E-04
2.290000E+01 5.010173E-04
2.300000E+01 5.035521E-04
2.310000E+01 5.096356E-04
2.320000E+01 5.133219E-04
2.330000E+01 5.129002E-04
2.340000E+01 5.123497E-04
2.350000E+01 5.154987E-04
2.360000E+01 5.210814E-04
2.370000E+01 5.230108E-04
2.380000E+01 5.190356E-04
2.390000E+01 5.163241E-04
2.400000E+01 5.204546E-04
2.410000E+01 5.248399E-04
2.420000E+01 5.213147E-04
2.430000E+01 5.137509E-04
2.440000E+01 5.115002E-04
2.450000E+01 5.156981E-04
2.460000E+01 5.185550E-04
2.470000E+01 5.134225E-04
2.480000E+01 5.038885E-04
2.490000E+01 5.005979E-04
2.500000E+01 5.055814E-04
2.510000E+01 5.069495E-04
2.520000E+01 4.967892E-04
2.530000E+01 4.843232E-04
2.540000E+01 4.816941E-04
2.550000E+01 4.861970E-04
2.560000E+01 4.854229E-04
2.570000E+01 4.743173E-04
2.580000E+01 4.615883E-04
2.590000E+01 4.588007E-04
2.600000E+01 4.637915E-04
2.610000E+01 4.616400E-04
2.620000E+01 4.465492E-04
2.630000E+01 4.317953E-04
2.640000E+01 4.297921E-04
2.650000E+01 4.339083E-04
2.660000E+01 4.294488E-04
2.670000E+01 4.142807E-04
2.680000E+01 4.007335E-04
2.690000E+01 3.991500E-04
2.700000E+01 4.034263E-04
2.710000E+01 3.979340E-04
2.720000E+01 3.800851E-04
2.730000E+01 3.654536E-04
2.740000E+01 3.646360E-04
2.750000E+01 3.676901E-04
2.760000E+01 3.600180E-04
2.770000E+01 3.430558E-04
2.780000E+01 3.307597E-04
2.790000E+01 3.305579E-04
2.800000E+01 3.334856E-04
2.810000E+01 3.254869E-04
2.820000E+01 3.073406E-04
2.830000E+01 2.947627E-04
2.840000E+01 2.952600E-04
2.850000E+01 2.969591E-04
2.860000E+01 2.871943E-04
2.870000E+01 2.706050E-04
2.880000E+01 2.609225E-04
2.890000E+01 2.620102E-04
2.900000E+01 2.633763E-04
2.910000E+01 2.539324E-04
2.920000E+01 2.373943E-04
2.930000E+01 2.279919E-04
2.940000E+01 2.296065E-04
2.950000E+01 2.297651E-04
2.960000E+01 2.190048E-04
2.970000E+01 2.045036E-04
2.980000E+01 1.981508E-04
2.990000E+01 2.000721E-04
3.000000E+01 1.997841E-04
3.010000E+01 1.901591E-04
3.020000E+01 1.768448E-04
3.030000E+01 1.710832E-04
3.040000E+01 1.733771E-04
3.050000E+01 1.722259E-04
3.060000E+01 1.618212E-04
3.070000E+01 1.505709E-04
3.080000E+01 1.475296E-04
3.090000E+01 1.498368E-04
3.100000E+01 1.482349E-04
3.110000E+01 1.394696E-04
3.120000E+01 1.300114E-04
3.130000E+01 1.276040E-04
3.140000E+01 1.301089E-04
3.150000E+01 1.279296E-04
3.160000E+01 1.187450E-04
3.170000E+01 1.111514E-04
3.180000E+01 1.109405E-04
3.190000E+01 1.131023E-04
3.200000E+01 1.105199E-04
3.210000E+01 1.034646E-04
3.220000E+01 9.809656E-05
3.230000E+01 9.840030E-05
3.240000E+01 1.006470E-04
3.250000E+01 9.797259E-05
3.260000E+01 9.084436E-05
3.270000E+01 8.682874E-05
3.280000E+01 8.860612E-05
3.290000E+01 9.030332E-05
3.300000E+01 8.733294E-05
3.310000E+01 8.240728E-05
3.320000E+01 8.052979E-05
3.330000E+01 8.255260E-05
3.340000E+01 8.425570E-05
3.350000E+01 8.152403E-05
3.360000E+01 7.661963E-05
3.370000E+01 7.549845E-05
3.380000E+01 7.834155E-05
3.390000E+01 7.934331E-05
3.400000E+01 7.639164E-05
3.410000E+01 7.368038E-05
3.420000E+01 7.454166E-05
3.430000E+01 7.735504E-05
3.440000E+01 7.834242E-05
3.450000E+01 7.603427E-05
3.460000E+01 7.344450E-05
3.470000E+01 7.441190E-05
3.480000E+01 7.744314E-05
3.490000E+01 7.775679E-05
3.500000E+01 7.529858E-05
3.510000E+01 7.453885E-05
3.520000E+01 7.699689E-05
3.530000E+01 7.970877E-05
3.540000E+01 8.002186E-05
3.550000E+01 7.840584E-05
3.560000E+01 7.765953E-05
3.570000E+01 7.965585E-05
3.580000E+01 8.219784E-05
3.590000E+01 8.192261E-05
3.600000E+01 8.013978E-05
3.610000E+01 8.082698E-05
3.620000E+01 8.391278E-05
3.630000E+01 8.595000E-05
3.640000E+01 8.570982E-05
3.650000E+01 8.497092E-05
3.660000E+01 8.564727E-05
3.670000E+01 8.784873E-05
3.680000E+01 8.947705E-05
3.690000E+01 8.884497E-05
3.700000E+01 8.789559E-05
3.710000E+01 8.942702E-05
3.720000E+01 9.219579E-05
3.730000E+01 9.319151E-05
3.740000E+01 9.263280E-05
3.750000E+01 9.273518E-05
3.760000E+01 9.411252E-05
3.770000E+01 9.573357E-05
3.780000E+01 9.628556E-05
3.790000E+01 9.553172E-05
3.800000E+01 9.529911E-05
3.810000E+01 9.702205E-05
3.820000E+01 9.888695E-05
3.830000E+01 9.880636E-05
3.840000E+01 9.814536E-05
3.850000E+01 9.896207E-05
3.860000E+01 1.005302E-04
3.870000E+01 1.011884E-04
3.880000E+01 1.007372E-04
3.890000E+01 1.000993E-04
3.900000E+01 1.004633E-04
3.910000E+01 1.018659E-04
3.920000E+01 1.024632E-04
3.930000E+01 1.014317E-04
3.940000E+01 1.008791E-04
3.950000E+01 1.021528E-04
3.960000E+01 1.033483E-04
3.970000E+01 1.028053E-04
3.980000E+01 1.015766E-04
3.990000E+01 1.012139E-04
4.000000E+01 1.018883E-04
4.010000E+01 1.025536E-04
4.020000E+01 1.018533E-04
4.030000E+01 1.001803E-04
4.040000E+01 9.985784E-05
4.050000E+01 1.013117E-04
4.060000E+01 1.018602E-04
4.070000E+01 1.002309E-04
4.080000E+01 9.854718E-05
4.090000E+01 9.855116E-05
4.100000E+01 9.932025E-05
4.110000E+01 9.908020E-05
4.120000E+01 9.725102E-05
4.130000E+01 9.526521E-05
4.140000E+01 9.523249E-05
4.150000E+01 9.658260E-05
4.160000E+01 9.628584E-05
4.170000E+01 9.377190E-05
4.180000E+01 9.195568E-05
4.190000E+01 9.232400E-05
4.200000E+01 9.292912E-05
4.210000E+01 9.173947E-05
4.220000E+01 8.912142E-05
4.230000E+01 8.716719E-05
4.240000E+01 8.739520E-05
4.250000E+01 8.841590E-05
4.260000E+01 8.732212E-05
4.270000E+01 8.430648E-05
4.280000E+01 8.264578E-05
4.290000E+01 8.331441E-05
4.300000E+01 8.362074E-05
4.310000E+01 8.164784E-05
4.320000E+01 7.864210E-05
4.330000E+01 7.697137E-05
4.340000E+01 7.738394E-05
4.350000E+01 7.792697E-05
4.360000E+01 7.616178E-05
4.370000E+01 7.299517E-05
4.380000E+01 7.168175E-05
4.390000E+01 7.253425E-05
4.400000E+01 7.243856E-05
4.410000E+01 6.990624E-05
4.420000E+01 6.690686E-05
4.430000E+01 6.569261E-05
4.440000E+01 6.617550E-05
4.450000E+01 6.618165E-05
4.460000E+01 6.399760E-05
4.470000E+01 6.104065E-05
4.480000E+01 6.017716E-05
4.490000E+01 6.108374E-05
4.500000E+01 6.060237E-05
4.510000E+01 5.782615E-05
4.520000E+01 5.516055E-05
4.530000E+01 5.445691E-05
4.540000E+01 5.489771E-05
4.550000E+01 5.439936E-05
4.560000E+01 5.205669E-05
4.570000E+01 4.955275E-05
4.580000E+01 4.913771E-05
4.590000E+01 4.997278E-05
4.600000E+01 4.916265E-05
4.610000E+01 4.642247E-05
4.620000E+01 4.430863E-05
4.630000E+01 4.408904E-05
4.640000E+01 4.439245E-05
4.650000E+01 4.348627E-05
4.660000E+01 4.124806E-05
4.670000E+01 3.935903E-05
4.680000E+01 3.932453E-05
4.690000E+01 3.999341E-05
4.700000E+01 3.897773E-05
4.710000E+01 3.653070E-05
4.720000E+01 3.507250E-05
4.730000E+01 3.523667E-05
4.740000E+01 3.534534E-05
4.750000E+01 3.417732E-05
4.760000E+01 3.224676E-05
4.770000E+01 3.100936E-05
4.780000E+01 3.123436E-05
4.790000E+01 3.167979E-05
4.800000E+01 3.058993E-05
4.810000E+01 2.860155E-05
4.820000E+01 2.778915E-05
4.830000E+01 2.820658E-05
4.840000E+01 2.810521E-05
4.850000E+01 2.683334E-05
4.860000E+01 2.534492E-05
4.870000E+01 2.471264E-05
4.880000E+01 2.506482E-05
4.890000E+01 2.527350E-05
4.900000E+01 2.424313E-05
4.910000E+01 2.280083E-05
4.920000E+01 2.254005E-05
4.930000E+01 2.307107E-05
4.940000E+01 2.278395E-05
4.950000E+01 2.155816E-05
4.960000E+01 2.056372E-05
4.970000E+01 2.041622E-05
4.980000E+01 2.076903E-05
4.990000E+01 2.076387E-05
5.000000E+01 1.989884E-05
5.010000E+01 1.900134E-05
5.020000E+01 1.914193E-05
5.030000E+01 1.966727E-05
5.040000E+01 1.925059E-05
5.050000E+01 1.818940E-05
5.060000E+01 1.766688E-05
5.070000E+01 1.785023E-05
5.080000E+01 1.810879E-05
5.090000E+01 1.794060E-05
5.100000E+01 1.730830E-05
5.110000E+01 1.688502E-05
5.120000E+01 1.725567E-05
5.130000E+01 1.768884E-05
5.140000E+01 1.721348E-05
5.150000E+01 1.639028E-05
5.160000E+01 1.625912E-05
5.170000E+01 1.661308E-05
5.180000E+01 1.672008E-05
5.190000E+01 1.645241E-05
5.200000E+01 1.607897E-05
5.210000E+01 1.601620E-05
5.220000E+01 1.645578E-05
5.230000E+01 1.675048E-05
5.240000E+01 1.629167E-05
5.250000E+01 1.573605E-05
5.260000E+01 1.588047E-05
5.270000E+01 1.626274E-05
5.280000E+01 1.620202E-05
5.290000E+01 1.589998E-05
5.300000E+01 1.576811E-05
5.310000E+01 1.592598E-05
5.320000E+01 1.630212E-05
5.330000E+01 1.644962E-05
5.340000E+01 1.606860E-05
5.350000E+01 1.576223E-05
5.360000E+01 1.605275E-05
5.370000E+01 1.635884E-05
5.380000E+01 1.614918E-05
5.390000E+01 1.586673E-05
5.400000E+01 1.593056E-05
5.410000E+01 1.617837E-05
5.420000E+01 1.640541E-05
5.430000E+01 1.642643E-05
5.440000E+01 1.616736E-05
5.450000E+01 1.606494E-05
5.460000E+01 1.638271E-05
5.470000E+01 1.654940E-05
5.480000E+01 1.623359E-05
5.490000E+01 1.600900E-05
5.500000E+01 1.620030E-05
5.510000E+01 1.642227E-05
5.520000E+01 1.645805E-05
5.530000E+01 1.639169E-05
5.540000E+01 1.627122E-05
5.550000E+01 1.630137E-05
5.560000E+01 1.654935E-05
5.570000E+01 1.655899E-05
5.580000E+01 1.619313E-05
5.590000E+01 1.604325E-05
5.600000E+01 1.628989E-05
5.610000E+01 1.641054E-05
5.620000E+01 1.625922E-05
5.630000E+01 1.615070E-05
5.640000E+01 1.616426E-05
5.650000E+01 1.625700E-05
5.660000E+01 1.637494E-05
5.670000E+01 1.624302E-05
5.680000E+01 1.588203E-05
5.690000E+01 1.580657E-05
5.700000E+01 1.604059E-05
5.710000E+01 1.601619E-05
5.720000E+01 1.570982E-05
5.730000E+01 1.560018E-05
5.740000E+01 1.572092E-05
5.750000E+01 1.580645E-05
5.760000E+01 1.576642E-05
5.770000E+01 1.553499E-05
5.780000E+01 1.522588E-05
5.790000E+01 1.520794E-05
5.800000E+01 1.537731E-05
5.810000E+01 1.520602E-05
5.820000E+01 1.480010E-05
5.830000E+01 1.471942E-05
5.840000E+01 1.491026E-05
5.850000E+01 1.494143E-05
5.860000E+01 1.475151E-05
5.870000E+01 1.447216E-05
5.880000E+01 1.424510E-05
5.890000E+01 1.426094E-05
5.900000E+01 1.433360E-05
5.910000E+01 1.403752E-05
5.920000E+01 1.358974E-05
5.930000E+01 1.355325E-05
5.940000E+01 1.377069E-05
5.950000E+01 1.371550E-05
5.960000E+01 1.340456E-05
5.970000E+01 1.313016E-05
5.980000E+01 1.299913E-05
5.990000E+01 1.302053E-05
6.000000E+01 1.298556E-05
6.010000E+01 1.261005E-05
6.020000E+01 1.217736E-05
6.030000E+01 1.218643E-05
6.040000E+01 1.239143E-05
6.050000E+01 1.224480E-05
6.060000E+01 1.185988E-05
6.070000E+01 1.163257E-05
6.080000E+01 1.159360E-05
6.090000E+01 1.159719E-05
6.100000E+01 1.146364E-05
6.110000E+01 1.105855E-05
6.120000E+01 1.068171E-05
6.130000E+01 1.072551E-05
6.140000E+01 1.088660E-05
6.150000E+01 1.065796E-05
6.160000E+01 1.024698E-05
6.170000E+01 1.009443E-05
6.180000E+01 1.013183E-05
6.190000E+01 1.009958E-05
6.200000E+01 9.889920E-06
6.210000E+01 9.506229E-06
6.220000E+01 9.212969E-06
6.230000E+01 9.274143E-06
6.240000E+01 9.372936E-06
6.250000E+01 9.089156E-06
6.260000E+01 8.698740E-06
6.270000E+01 8.630856E-06
6.280000E+01 8.720037E-06
6.290000E+01 8.644677E-06
6.300000E+01 8.390835E-06
6.310000E+01 8.067615E-06
6.320000E+01 7.865588E-06
6.330000E+01 7.923985E-06
6.340000E+01 7.954597E-06
6.350000E+01 7.646534E-06
6.360000E+01 7.309609E-06
6.370000E+01 7.320700E-06
6.380000E+01 7.435468E-06
6.390000E+01 7.317625E-06
6.400000E+01 7.052169E-06
6.410000E+01 6.816158E-06
6.420000E+01 6.701183E-06
6.430000E+01 6.739493E-06
6.440000E+01 6.708023E-06
6.450000E+01 6.409553E-06
6.460000E+01 6.147441E-06
6.470000E+01 6.219752E-06
6.480000E+01 6.335447E-06
6.490000E+01 6.184611E-06
6.500000E+01 5.937653E-06
6.510000E+01 5.798488E-06
6.520000E+01 5.753673E-06
6.530000E+01 5.759326E-06
6.540000E+01 5.680367E-06
6.550000E+01 5.418703E-06
6.560000E+01 5.236051E-06
6.570000E+01 5.344664E-06
6.580000E+01 5.442827E-06
6.590000E+01 5.272727E-06
6.600000E+01 5.065735E-06
6.610000E+01 5.019543E-06
6.620000E+01 5.024444E-06
6.630000E+01 4.992396E-06
6.640000E+01 4.885315E-06
6.650000E+01 4.680679E-06
6.660000E+01 4.571550E-06
6.670000E+01 4.690097E-06
6.680000E+01 4.759235E-06
6.690000E+01 4.586414E-06
6.700000E+01 4.432209E-06
6.710000E+01 4.462954E-06
6.720000E+01 4.494561E-06
6.730000E+01 4.426256E-06
6.740000E+01 4.311320E-06
6.750000E+01 4.172735E-06
6.760000E+01 4.120690E-06
6.770000E+01 4.225303E-06
6.780000E+01 4.261951E-06
6.790000E+01 4.101556E-06
6.800000E+01 4.002236E-06
6.810000E+01 4.087280E-06
6.820000E+01 4.126745E-06
6.830000E+01 4.029835E-06
6.840000E+01 3.924581E-06
6.850000E+01 3.851949E-06
6.860000E+01 3.837323E-06
6.870000E+01 3.910662E-06
6.880000E+01 3.917639E-06
6.890000E+01 3.781963E-06
6.900000E+01 3.731761E-06
6.910000E+01 3.845561E-06
6.920000E+01 3.878251E-06
6.930000E+01 3.763694E-06
6.940000E+01 3.680768E-06
6.950000E+01 3.665279E-06
6.960000E+01 3.667063E-06
6.970000E+01 3.699202E-06
6.980000E+01 3.684045E-06
6.990000E+01 3.580450E-06
7.000000E+01 3.567004E-06
7.010000E+01 3.685655E-06
7.020000E+01 3.703815E-06
7.030000E+01 3.584169E-06
7.040000E+01 3.529983E-06
7.050000E+01 3.557695E-06
7.060000E+01 3.558718E-06
7.070000E+01 3.547968E-06
7.080000E+01 3.520304E-06
7.090000E+01 3.451131E-06
7.100000E+01 3.459316E-06
7.110000E+01 3.563313E-06
7.120000E+01 3.564491E-06
7.130000E+01 3.451153E-06
7.140000E+01 3.426157E-06
7.150000E+01 3.480467E-06
7.160000E+01 3.468233E-06
7.170000E+01 3.419316E-06
7.180000E+01 3.388915E-06
7.190000E+01 3.351793E-06
7.200000E+01 3.365977E-06
7.210000E+01 3.442102E-06
7.220000E+01 3.428928E-06
7.230000E+01 3.330980E-06
7.240000E+01 3.330553E-06
7.250000E+01 3.395388E-06
7.260000E+01 3.364052E-06
7.270000E+01 3.286688E-06
7.280000E+01 3.261539E-06
7.290000E+01 3.250535E-06
7.300000E+01 3.257492E-06
7.310000E+01 3.299328E-06
7.320000E+01 3.277145E-06
7.330000E+01 3.199972E-06
7.340000E+01 3.216141E-06
7.350000E+01 3.277963E-06
7.360000E+01 3.227316E-06
7.370000E+01 3.133400E-06
7.380000E+01 3.118678E-06
7.390000E+01 3.125801E-06
7.400000E+01 3.116114E-06
7.410000E+01 3.123435E-06
7.420000E+01 3.098828E-06
7.430000E+01 3.044132E-06
7.440000E+01 3.067446E-06
7.450000E+01 3.116755E-06
7.460000E+01 3.051399E-06
7.470000E+01 2.952968E-06
7.480000E+01 2.950589E-06
7.490000E+01 2.967309E-06
7.500000E+01 2.936263E-06
7.510000E+01 2.913703E-06
7.520000E+01 2.892731E-06
7.530000E+01 2.858787E-06
7.540000E+01 2.880086E-06
7.550000E+01 2.911890E-06
7.560000E+01 2.839320E-06
7.570000E+01 2.746579E-06
7.580000E+01 2.755524E-06
7.590000E+01 2.774302E-06
7.600000E+01 2.721861E-06
7.610000E+01 2.677122E-06
7.620000E+01 2.664265E-06
7.630000E+01 2.647006E-06
7.640000E+01 2.658933E-06
7.650000E+01 2.672397E-06
7.660000E+01 2.601113E-06
7.670000E+01 2.521346E-06
7.680000E+01 2.538389E-06
7.690000E+01 2.553517E-06
7.700000E+01 2.483440E-06
7.710000E+01 2.425465E-06
7.720000E+01 2.423024E-06
7.730000E+01 2.417030E-06
7.740000E+01 2.414796E-06
7.750000E+01 2.412369E-06
7.760000E+01 2.350223E-06
7.770000E+01 2.287309E-06
7.780000E+01 2.307998E-06
7.790000E+01 2.316217E-06
7.800000E+01 2.234991E-06
7.810000E+01 2.172399E-06
7.820000E+01 2.180398E-06
7.830000E+01 2.180080E-06
7.840000E+01 2.161879E-06
7.850000E+01 2.148057E-06
7.860000E+01 2.100839E-06
7.870000E+01 2.055304E-06
7.880000E+01 2.074957E-06
7.890000E+01 2.075412E-06
7.900000E+01 1.990664E-06
7.910000E+01 1.930457E-06
7.920000E+01 1.947045E-06
7.930000E+01 1.947589E-06
7.940000E+01 1.914303E-06
7.950000E+01 1.894375E-06
7.960000E+01 1.865328E-06
7.970000E+01 1.835189E-06
7.980000E+01 1.849793E-06
7.990000E+01 1.843746E-06
8.000000E+01 1.763149E-06
8.010000E+01 1.710194E-06
8.020000E+01 1.732222E-06
8.030000E+01 1.730223E-06
8.040000E+01 1.684963E-06
8.050000E+01 1.663872E-06
8.060000E+01 1.653276E-06
8.070000E+01 1.634752E-06
8.080000E+01 1.641549E-06
8.090000E+01 1.631622E-06
8.100000E+01 1.561471E-06
8.110000E+01 1.518116E-06
8.120000E+01 1.541934E-06
8.130000E+01 1.535683E-06
8.140000E+01 1.482802E-06
8.150000E+01 1.464305E-06
8.160000E+01 1.470081E-06
8.170000E+01 1.458815E-06
8.180000E+01 1.456565E-06
8.190000E+01 1.446012E-06
8.200000E+01 1.390748E-06
8.210000E+01 1.357269E-06
8.220000E+01 1.379397E-06
8.230000E+01 1.368803E-06
8.240000E+01 1.313148E-06
8.250000E+01 1.299413E-06
8.260000E+01 1.317619E-06
8.270000E+01 1.309376E-06
8.280000E+01 1.298292E-06
8.290000E+01 1.290207E-06
8.300000E+01 1.251878E-06
8.310000E+01 1.226797E-06
8.320000E+01 1.244464E-06
8.330000E+01 1.230777E-06
8.340000E+01 1.176840E-06
8.350000E+01 1.168367E-06
8.360000E+01 1.194229E-06
8.370000E+01 1.185765E-06
8.380000E+01 1.167287E-06
8.390000E+01 1.164055E-06
8.400000E+01 1.142611E-06
8.410000E+01 1.123597E-06
8.420000E+01 1.135082E-06
8.430000E+01 1.120367E-06
8.440000E+01 1.071805E-06
8.450000E+01 1.067731E-06
8.460000E+01 1.096314E-06
8.470000E+01 1.085526E-06
8.480000E+01 1.061844E-06
8.490000E+01 1.064734E-06
8.500000E+01 1.058160E-06
8.510000E+01 1.042436E-06
8.520000E+01 1.047134E-06
8.530000E+01 1.033788E-06
8.540000E+01 9.929828E-07
8.550000E+01 9.914392E-07
8.560000E+01 1.018511E-06
8.570000E+01 1.004732E-06
8.580000E+01 9.783348E-07
8.590000E+01 9.873858E-07
8.600000E+01 9.924929E-07
8.610000E+01 9.776526E-07
8.620000E+01 9.760005E-07
8.630000E+01 9.662078E-07
8.640000E+01 9.342691E-07
8.650000E+01 9.330085E-07
8.660000E+01 9.554186E-07
8.670000E+01 9.390767E-07
8.680000E+01 9.122778E-07
8.690000E+01 9.263861E-07
8.700000E+01 9.393001E-07
8.710000E+01 9.235068E-07
8.720000E+01 9.166739E-07
8.730000E+01 9.120407E-07
8.740000E+01 8.888692E-07
8.750000E+01 8.857029E-07
8.760000E+01 9.016629E-07
8.770000E+01 8.840695E-07
8.780000E+01 8.587192E-07
8.790000E+01 8.759470E-07
8.800000E+01 8.928526E-07
8.810000E+01 8.751915E-07
8.820000E+01 8.647943E-07
8.830000E+01 8.661087E-07
8.840000E+01 8.507202E-07
8.850000E+01 8.439932E-07
8.860000E+01 8.530088E-07
8.870000E+01 8.358313E-07
8.880000E+01 8.130964E-07
8.890000E+01 8.310596E-07
8.900000E+01 8.485919E-07
8.910000E+01 8.289054E-07
8.920000E+01 8.166135E-07
8.930000E+01 8.238269E-07
8.940000E+01 8.146662E-07
8.950000E+01 8.034117E-07
8.960000E+01 8.060903E-07
8.970000E+01 7.910870E-07
8.980000E+01 7.714832E-07
8.990000E+01 7.877632E-07
9.000000E+01 8.034370E-07
9.010000E+01 7.823611E-07
9.020000E+01 7.696828E-07
9.030000E+01 7.819668E-07
9.040000E+01 7.772992E-07
9.050000E+01 7.614162E-07
9.060000E+01 7.591191E-07
9.070000E+01 7.477046E-07
9.080000E+01 7.311409E-07
9.090000E+01 7.436574E-07
9.100000E+01 7.559317E-07
9.110000E+01 7.345161E-07
9.120000E+01 7.225369E-07
9.130000E+01 7.384825E-07
9.140000E+01 7.366494E-07
9.150000E+01 7.167539E-07
9.160000E+01 7.112090E-07
9.170000E+01 7.042974E-07
9.180000E+01 6.902744E-07
9.190000E+01 6.975555E-07
9.200000E+01 7.058628E-07
9.210000E+01 6.853813E-07
9.220000E+01 6.747053E-07
9.230000E+01 6.925775E-07
9.240000E+01 6.922420E-07
9.250000E+01 6.695295E-07
9.260000E+01 6.624738E-07
9.270000E+01 6.603555E-07
9.280000E+01 6.481616E-07
9.290000E+01 6.494880E-07
9.300000E+01 6.540447E-07
9.310000E+01 6.356823E-07
9.320000E+01 6.264136E-07
9.330000E+01 6.444246E-07
9.340000E+01 6.446734E-07
9.350000E+01 6.206319E-07
9.360000E+01 6.135176E-07
9.370000E+01 6.159354E-07
9.380000E+01 6.048936E-07
9.390000E+01 6.003095E-07
9.400000E+01 6.018862E-07
9.410000E+01 5.866071E-07
9.420000E+01 5.784968E-07
9.430000E+01 5.950367E-07
9.440000E+01 5.953908E-07
9.450000E+01 5.715848E-07
9.460000E+01 5.654269E-07
9.470000E+01 5.716499E-07
9.480000E+01 5.612304E-07
9.490000E+01 5.514399E-07
9.500000E+01 5.510745E-07
9.510000E+01 5.394353E-07
9.520000E+01 5.319703E-07
9.530000E+01 5.457756E-07
9.540000E+01 5.461143E-07
9.550000E+01 5.239113E-07
9.560000E+01 5.192002E-07
9.570000E+01 5.282166E-07
9.580000E+01 5.181483E-07
9.590000E+01 5.043285E-07
9.600000E+01 5.030944E-07
9.610000E+01 4.952560E-07
9.620000E+01 4.878453E-07
9.630000E+01 4.981011E-07
9.640000E+01 4.985741E-07
9.650000E+01 4.790209E-07
9.660000E+01 4.757661E-07
9.670000E+01 4.864500E-07
9.680000E+01 4.767459E-07
9.690000E+01 4.603390E-07
9.700000E+01 4.591426E-07
9.710000E+01 4.548924E-07
9.720000E+01 4.470112E-07
9.730000E+01 4.533763E-07
9.740000E+01 4.542712E-07
9.750000E+01 4.380036E-07
9.760000E+01 4.358405E-07
9.770000E+01 4.471183E-07
9.780000E+01 4.380414E-07
9.790000E+01 4.205342E-07
9.800000E+01 4.199866E-07
9.810000E+01 4.188283E-07
9.820000E+01 4.101393E-07
9.830000E+01 4.127056E-07
9.840000E+01 4.143110E-07
9.850000E+01 4.015338E-07
9.860000E+01 3.998751E-07
9.870000E+01 4.108402E-07
9.880000E+01 4.027927E-07
9.890000E+01 3.855061E-07
9.900000E+01 3.858752E-07
9.910000E+01 3.871368E-07
9.920000E+01 3.775268E-07
9.930000E+01 3.767119E-07
9.940000E+01 3.792223E-07
9.950000E+01 3.697576E-07
9.960000E+01 3.679348E-07
9.970000E+01 3.779199E-07
9.980000E+01 3.713524E-07
9.990000E+01 3.553095E-07
1.000000E+02 3.565422E-07
1.001000E+02 3.595153E-07
1.002000E+02 3.491279E-07
1.003000E+02 3.455638E-07
1.004000E+02 3.490304E-07
1.005000E+02 3.424388E-07
1.006000E+02 3.398547E-07
1.007000E+02 3.484446E-07
1.008000E+02 3.437521E-07
1.009000E+02 3.296234E-07
1.010000E+02 3.314223E-07
1.011000E+02 3.354520E-07
1.012000E+02 3.246493E-07
1.013000E+02 3.190713E-07
1.014000E+02 3.233874E-07
1.015000E+02 3.190807E-07
1.016000E+02 3.153101E-07
1.017000E+02 3.223227E-07
1.018000E+02 3.197597E-07
1.019000E+02 3.078560E-07
1.020000E+02 3.097802E-07
1.021000E+02 3.143298E-07
1.022000E+02 3.036129E-07
1.023000E+02 2.967501E-07
1.024000E+02 3.016665E-07
1.025000E+02 2.990069E-07
1.026000E+02 2.938370E-07
1.027000E+02 2.992739E-07
1.028000E+02 2.989048E-07
1.029000E+02 2.892076E-07
1.030000E+02 2.907700E-07
1.031000E+02 2.954661E-07
1.032000E+02 2.853962E-07
1.033000E+02 2.778806E-07
1.034000E+02 2.830493E-07
1.035000E+02 2.814649E-07
1.036000E+02 2.749151E-07
1.037000E+02 2.788934E-07
1.038000E+02 2.805813E-07
1.039000E+02 2.728390E-07
1.040000E+02 2.736047E-07
1.041000E+02 2.782353E-07
1.042000E+02 2.693514E-07
1.043000E+02 2.616749E-07
1.044000E+02 2.667058E-07
1.045000E+02 2.657567E-07
1.046000E+02 2.580566E-07
1.047000E+02 2.607461E-07
1.048000E+02 2.641681E-07
1.049000E+02 2.579947E-07
1.050000E+02 2.576536E-07
1.051000E+02 2.621330E-07
1.052000E+02 2.548663E-07
1.053000E+02 2.473641E-07
1.054000E+02 2.518866E-07
1.055000E+02 2.512885E-07
1.056000E+02 2.428128E-07
1.057000E+02 2.443887E-07
1.058000E+02 2.490899E-07
1.059000E+02 2.440565E-07
1.060000E+02 2.424527E-07
1.061000E+02 2.467788E-07
1.062000E+02 2.414008E-07
1.063000E+02 2.342569E-07
1.064000E+02 2.379672E-07
1.065000E+02 2.375882E-07
1.066000E+02 2.287824E-07
1.067000E+02 2.293906E-07
1.068000E+02 2.348539E-07
1.069000E+02 2.305683E-07
1.070000E+02 2.276962E-07
1.071000E+02 2.319062E-07
1.072000E+02 2.285234E-07
1.073000E+02 2.218055E-07
1.074000E+02 2.244956E-07
1.075000E+02 2.243413E-07
1.076000E+02 2.156756E-07
1.077000E+02 2.154239E-07
1.078000E+02 2.211309E-07
1.079000E+02 2.173020E-07
1.080000E+02 2.133005E-07
1.081000E+02 2.174235E-07
1.082000E+02 2.159676E-07
1.083000E+02 2.096664E-07
1.084000E+02 2.112418E-07
1.085000E+02 2.114023E-07
1.086000E+02 2.033022E-07
1.087000E+02 2.022607E-07
1.088000E+02 2.077480E-07
1.089000E+02 2.042033E-07
1.090000E+02 1.993129E-07
1.091000E+02 2.033387E-07
1.092000E+02 2.035880E-07
1.093000E+02 1.976510E-07
1.094000E+02 1.981277E-07
1.095000E+02 1.987304E-07
1.096000E+02 1.915283E-07
1.097000E+02 1.897381E-07
1.098000E+02 1.946461E-07
1.099000E+02 1.913341E-07
1.100000E+02 1.858448E-07
1.101000E+02 1.897092E-07
1.102000E+02 1.913388E-07
1.103000E+02 1.857099E-07
1.104000E+02 1.851924E-07
1.105000E+02 1.863570E-07
1.106000E+02 1.802765E-07
1.107000E+02 1.777716E-07
1.108000E+02 1.818666E-07
1.109000E+02 1.788390E-07
1.110000E+02 1.730488E-07
1.111000E+02 1.766348E-07
1.112000E+02 1.792712E-07
1.113000E+02 1.739220E-07
1.114000E+02 1.725739E-07
1.115000E+02 1.743736E-07
1.116000E+02 1.695340E-07
1.117000E+02 1.663683E-07
1.118000E+02 1.695409E-07
1.119000E+02 1.669127E-07
1.120000E+02 1.610985E-07
1.121000E+02 1.642551E-07
1.122000E+02 1.675118E-07
1.123000E+02 1.624442E-07
1.124000E+02 1.604589E-07
1.125000E+02 1.628946E-07
1.126000E+02 1.593036E-07
1.127000E+02 1.555533E-07
1.128000E+02 1.578047E-07
1.129000E+02 1.557111E-07
1.130000E+02 1.500929E-07
1.131000E+02 1.526568E-07
1.132000E+02 1.561810E-07
1.133000E+02 1.514288E-07
1.134000E+02 1.489974E-07
1.135000E+02 1.519966E-07
1.136000E+02 1.495785E-07
1.137000E+02 1.453484E-07
1.138000E+02 1.467662E-07
1.139000E+02 1.453356E-07
1.140000E+02 1.400722E-07
1.141000E+02 1.418928E-07
1.142000E+02 1.453983E-07
1.143000E+02 1.410298E-07
1.144000E+02 1.383220E-07
1.145000E+02 1.417445E-07
1.146000E+02 1.403718E-07
1.147000E+02 1.358023E-07
1.148000E+02 1.365286E-07
1.149000E+02 1.358531E-07
1.150000E+02 1.310480E-07
1.151000E+02 1.320156E-07
1.152000E+02 1.352950E-07
1.153000E+02 1.313962E-07
1.154000E+02 1.285468E-07
1.155000E+02 1.322001E-07
1.156000E+02 1.317124E-07
1.157000E+02 1.269691E-07
1.158000E+02 1.271662E-07
1.159000E+02 1.272765E-07
1.160000E+02 1.229811E-07
1.161000E+02 1.230450E-07
1.162000E+02 1.259691E-07
1.163000E+02 1.226179E-07
1.164000E+02 1.197156E-07
1.165000E+02 1.233793E-07
1.166000E+02 1.236012E-07
1.167000E+02 1.188506E-07
1.168000E+02 1.186691E-07
1.169000E+02 1.195314E-07
1.170000E+02 1.157543E-07
1.171000E+02 1.149248E-07
1.172000E+02 1.174373E-07
1.173000E+02 1.146958E-07
1.174000E+02 1.117854E-07
1.175000E+02 1.152388E-07
1.176000E+02 1.160082E-07
1.177000E+02 1.114122E-07
1.178000E+02 1.109728E-07
1.179000E+02 1.124988E-07
1.180000E+02 1.092333E-07
1.181000E+02 1.075852E-07
1.182000E+02 1.096851E-07
1.183000E+02 1.075928E-07
1.184000E+02 1.046932E-07
1.185000E+02 1.077387E-07
1.186000E+02 1.089126E-07
1.187000E+02 1.046180E-07
1.188000E+02 1.040056E-07
1.189000E+02 1.060624E-07
1.190000E+02 1.032954E-07
1.191000E+02 1.009602E-07
1.192000E+02 1.026830E-07
1.193000E+02 1.012458E-07
1.194000E+02 9.835953E-08
1.195000E+02 1.008414E-07
1.196000E+02 1.022961E-07
1.197000E+02 9.841523E-08
1.198000E+02 9.767471E-08
1.199000E+02 1.001009E-07
1.200000E+02 9.781420E-08
1.201000E+02 9.495756E-08
1.202000E+02 9.635688E-08
1.203000E+02 9.554648E-08
1.204000E+02 9.266679E-08
1.205000E+02 9.448117E-08
1.206000E+02 9.611795E-08
1.207000E+02 9.272420E-08
1.208000E+02 9.186222E-08
1.209000E+02 9.448769E-08
1.210000E+02 9.266886E-08
1.211000E+02 8.947213E-08
1.212000E+02 9.060129E-08
1.213000E+02 9.036338E-08
1.214000E+02 8.749171E-08
1.215000E+02 8.859183E-08
1.216000E+02 9.033571E-08
1.217000E+02 8.746922E-08
1.218000E+02 8.646925E-08
1.219000E+02 8.913193E-08
1.220000E+02 8.777822E-08
1.221000E+02 8.442643E-08
1.222000E+02 8.532741E-08
1.223000E+02 8.558574E-08
1.224000E+02 8.274235E-08
1.225000E+02 8.313822E-08
1.226000E+02 8.492684E-08
1.227000E+02 8.259044E-08
1.228000E+02 8.142655E-08
1.229000E+02 8.398470E-08
1.230000E+02 8.309051E-08
1.231000E+02 7.974901E-08
1.232000E+02 8.044803E-08
1.233000E+02 8.111286E-08
1.234000E+02 7.833316E-08
1.235000E+02 7.807972E-08
1.236000E+02 7.986043E-08
1.237000E+02 7.802532E-08
1.238000E+02 7.667063E-08
1.239000E+02 7.901025E-08
1.240000E+02 7.856228E-08
1.241000E+02 7.536174E-08
1.242000E+02 7.586725E-08
1.243000E+02 7.684740E-08
1.244000E+02 7.418143E-08
1.245000E+02 7.336432E-08
1.246000E+02 7.509370E-08
1.247000E+02 7.371585E-08
1.248000E+02 7.215473E-08
1.249000E+02 7.419217E-08
1.250000E+02 7.417091E-08
1.251000E+02 7.120996E-08
1.252000E+02 7.151671E-08
1.253000E+02 7.272535E-08
1.254000E+02 7.023824E-08
1.255000E+02 6.896603E-08
1.256000E+02 7.060466E-08
1.257000E+02 6.963076E-08
1.258000E+02 6.786839E-08
1.259000E+02 6.955143E-08
1.260000E+02 6.992418E-08
1.261000E+02 6.726669E-08
1.262000E+02 6.736262E-08
1.263000E+02 6.872052E-08
1.264000E+02 6.648166E-08
1.265000E+02 6.487306E-08
1.266000E+02 6.638373E-08
1.267000E+02 6.575350E-08
1.268000E+02 6.381453E-08
1.269000E+02 6.511963E-08
1.270000E+02 6.583601E-08
1.271000E+02 6.350659E-08
1.272000E+02 6.337667E-08
1.273000E+02 6.481769E-08
1.274000E+02 6.289030E-08
1.275000E+02 6.105746E-08
1.276000E+02 6.240691E-08
1.277000E+02 6.206560E-08
1.278000E+02 5.999334E-08
1.279000E+02 6.091806E-08
1.280000E+02 6.191527E-08
1.281000E+02 5.991236E-08
1.282000E+02 5.954559E-08
1.283000E+02 6.101654E-08
1.284000E+02 5.945324E-08
1.285000E+02 5.749625E-08
1.286000E+02 5.865609E-08
1.287000E+02 5.856028E-08
1.288000E+02 5.641597E-08
1.289000E+02 5.697328E-08
1.290000E+02 5.817916E-08
1.291000E+02 5.648772E-08
1.292000E+02 5.588496E-08
1.293000E+02 5.734133E-08
1.294000E+02 5.617639E-08
1.295000E+02 5.418217E-08
1.296000E+02 5.513081E-08
1.297000E+02 5.524344E-08
1.298000E+02 5.309668E-08
1.299000E+02 5.331134E-08
1.300000E+02 5.464643E-08
1.301000E+02 5.323803E-08
1.302000E+02 5.241093E-08
1.303000E+02 5.381562E-08
1.304000E+02 5.305847E-08
1.305000E+02 5.109348E-08
1.306000E+02 5.181710E-08
1.307000E+02 5.210848E-08
1.308000E+02 5.002865E-08
1.309000E+02 4.993190E-08
1.310000E+02 5.131775E-08
1.311000E+02 5.015886E-08
1.312000E+02 4.912852E-08
1.313000E+02 5.045086E-08
1.314000E+02 5.008925E-08
1.315000E+02 4.819990E-08
1.316000E+02 4.869212E-08
1.317000E+02 4.914225E-08
1.318000E+02 4.719746E-08
1.319000E+02 4.682419E-08
1.320000E+02 4.818984E-08
1.321000E+02 4.725403E-08
1.322000E+02 4.605487E-08
1.323000E+02 4.726770E-08
1.324000E+02 4.727028E-08
1.325000E+02 4.549070E-08
1.326000E+02 4.575472E-08
1.327000E+02 4.634699E-08
1.328000E+02 4.459743E-08
1.329000E+02 4.398592E-08
1.330000E+02 4.527033E-08
1.331000E+02 4.453683E-08
1.332000E+02 4.321257E-08
1.333000E+02 4.429035E-08
1.334000E+02 4.460656E-08
1.335000E+02 4.295876E-08
1.336000E+02 4.300696E-08
1.337000E+02 4.372292E-08
1.338000E+02 4.221157E-08
1.339000E+02 4.140033E-08
1.340000E+02 4.255602E-08
1.341000E+02 4.200699E-08
1.342000E+02 4.060159E-08
1.343000E+02 4.151972E-08
1.344000E+02 4.208638E-08
1.345000E+02 4.058018E-08
1.346000E+02 4.042947E-08
1.347000E+02 4.124909E-08
1.348000E+02 4.000297E-08
1.349000E+02 3.902923E-08
1.350000E+02 4.002457E-08
1.351000E+02 3.965014E-08
1.352000E+02 3.820832E-08
1.353000E+02 3.894439E-08
1.354000E+02 3.969491E-08
1.355000E+02 3.833677E-08
1.356000E+02 3.800861E-08
1.357000E+02 3.890834E-08
1.358000E+02 3.794148E-08
1.359000E+02 3.684441E-08
1.360000E+02 3.766224E-08
1.361000E+02 3.745783E-08
1.362000E+02 3.602537E-08
1.363000E+02 3.656239E-08
1.364000E+02 3.743039E-08
1.365000E+02 3.622580E-08
1.366000E+02 3.574678E-08
1.367000E+02 3.669775E-08
1.368000E+02 3.600823E-08
1.369000E+02 3.482771E-08
1.370000E+02 3.546367E-08
1.371000E+02 3.542283E-08
1.372000E+02 3.403891E-08
1.373000E+02 3.436611E-08
1.374000E+02 3.528912E-08
1.375000E+02 3.423880E-08
1.376000E+02 3.363518E-08
1.377000E+02 3.460469E-08
1.378000E+02 3.417638E-08
1.379000E+02 3.294907E-08
1.380000E+02 3.340889E-08
1.381000E+02 3.352382E-08
1.382000E+02 3.221952E-08
1.383000E+02 3.233217E-08
1.384000E+02 3.325734E-08
1.385000E+02 3.236129E-08
1.386000E+02 3.165715E-08
1.387000E+02 3.260993E-08
1.388000E+02 3.241897E-08
1.389000E+02 3.118034E-08
1.390000E+02 3.147649E-08
1.391000E+02 3.173817E-08
1.392000E+02 3.054085E-08
1.393000E+02 3.044349E-08
1.394000E+02 3.132977E-08
1.395000E+02 3.059071E-08
1.396000E+02 2.981121E-08
1.397000E+02 3.071116E-08
1.398000E+02 3.072740E-08
1.399000E+02 2.951280E-08
1.400000E+02 2.966247E-08
1.401000E+02 3.005567E-08
1.402000E+02 2.898592E-08
1.403000E+02 2.869337E-08
1.404000E+02 2.951066E-08
1.405000E+02 2.892836E-08
1.406000E+02 2.809670E-08
1.407000E+02 2.891015E-08
1.408000E+02 2.909827E-08
1.409000E+02 2.793770E-08
1.410000E+02 2.795919E-08
1.411000E+02 2.846261E-08
1.412000E+02 2.753223E-08
1.413000E+02 2.706604E-08
1.414000E+02 2.779464E-08
1.415000E+02 2.736475E-08
1.416000E+02 2.649920E-08
1.417000E+02 2.719686E-08
1.418000E+02 2.752119E-08
1.419000E+02 2.643828E-08
1.420000E+02 2.634751E-08
1.421000E+02 2.693719E-08
1.422000E+02 2.615441E-08
1.423000E+02 2.554225E-08
1.424000E+02 2.617149E-08
1.425000E+02 2.588958E-08
1.426000E+02 2.500838E-08
1.427000E+02 2.556707E-08
1.428000E+02 2.599366E-08
1.429000E+02 2.500884E-08
1.430000E+02 2.482072E-08
1.431000E+02 2.546956E-08
1.432000E+02 2.483945E-08
1.433000E+02 2.411544E-08
1.434000E+02 2.464194E-08
1.435000E+02 2.450130E-08
1.436000E+02 2.362327E-08
1.437000E+02 2.402841E-08
1.438000E+02 2.452483E-08
1.439000E+02 2.365334E-08
1.440000E+02 2.338198E-08
1.441000E+02 2.406032E-08
1.442000E+02 2.358124E-08
1.443000E+02 2.278139E-08
1.444000E+02 2.320711E-08
1.445000E+02 2.319579E-08
1.446000E+02 2.233591E-08
1.447000E+02 2.258117E-08
1.448000E+02 2.311873E-08
1.449000E+02 2.236829E-08
1.450000E+02 2.202401E-08
1.451000E+02 2.270293E-08
1.452000E+02 2.236990E-08
1.453000E+02 2.152873E-08
1.454000E+02 2.185797E-08
1.455000E+02 2.196200E-08
1.456000E+02 2.113435E-08
1.457000E+02 2.122102E-08
1.458000E+02 2.177554E-08
1.459000E+02 2.114938E-08
1.460000E+02 2.074054E-08
1.461000E+02 2.139341E-08
1.462000E+02 2.120046E-08
1.463000E+02 2.035122E-08
1.464000E+02 2.058901E-08
1.465000E+02 2.079338E-08
1.466000E+02 2.001448E-08
1.467000E+02 1.995232E-08
1.468000E+02 2.050254E-08
1.469000E+02 2.000025E-08
1.470000E+02 1.953681E-08
1.471000E+02 2.013998E-08
1.472000E+02 2.007647E-08
1.473000E+02 1.924828E-08
1.474000E+02 1.940040E-08
1.475000E+02 1.968720E-08
1.476000E+02 1.897128E-08
1.477000E+02 1.877625E-08
1.478000E+02 1.930431E-08
1.479000E+02 1.892026E-08
1.480000E+02 1.841172E-08
1.481000E+02 1.894575E-08
1.482000E+02 1.899705E-08
1.483000E+02 1.821211E-08
1.484000E+02 1.828392E-08
1.485000E+02 1.863419E-08
1.486000E+02 1.799212E-08
1.487000E+02 1.768326E-08
1.488000E+02 1.817557E-08
1.489000E+02 1.790154E-08
1.490000E+02 1.735652E-08
1.491000E+02 1.780659E-08
1.492000E+02 1.795790E-08
1.493000E+02 1.723360E-08
1.494000E+02 1.722951E-08
1.495000E+02 1.762527E-08
1.496000E+02 1.706867E-08
1.497000E+02 1.666876E-08
1.498000E+02 1.711480E-08
1.499000E+02 1.694222E-08
1.500000E+02 1.637239E-08
1.501000E+02 1.672883E-08
1.502000E+02 1.696358E-08
1.503000E+02 1.631285E-08
1.504000E+02 1.623774E-08
1.505000E+02 1.666122E-08
1.506000E+02 1.619973E-08
1.507000E+02 1.573365E-08
1.508000E+02 1.612527E-08
1.509000E+02 1.604366E-08
1.510000E+02 1.546257E-08
1.511000E+02 1.572108E-08
1.512000E+02 1.601975E-08
1.513000E+02 1.544854E-08
1.514000E+02 1.530767E-08
1.515000E+02 1.574176E-08
1.516000E+02 1.537932E-08
1.517000E+02 1.486941E-08
1.518000E+02 1.520088E-08
1.519000E+02 1.519862E-08
1.520000E+02 1.461864E-08
1.521000E+02 1.477850E-08
1.522000E+02 1.512184E-08
1.523000E+02 1.463147E-08
1.524000E+02 1.442975E-08
1.525000E+02 1.485935E-08
1.526000E+02 1.459736E-08
1.527000E+02 1.406390E-08
1.528000E+02 1.433163E-08
1.529000E+02 1.439846E-08
1.530000E+02 1.383299E-08
1.531000E+02 1.389697E-08
1.532000E+02 1.426691E-08
1.533000E+02 1.385734E-08
1.534000E+02 1.360120E-08
1.535000E+02 1.401283E-08
1.536000E+02 1.385071E-08
1.537000E+02 1.331360E-08
1.538000E+02 1.351621E-08
1.539000E+02 1.364211E-08
1.540000E+02 1.310589E-08
1.541000E+02 1.308107E-08
1.542000E+02 1.345987E-08
1.543000E+02 1.312818E-08
1.544000E+02 1.282589E-08
1.545000E+02 1.320763E-08
1.546000E+02 1.313936E-08
1.547000E+02 1.261452E-08
1.548000E+02 1.275253E-08
1.549000E+02 1.292677E-08
1.550000E+02 1.243171E-08
1.551000E+02 1.232723E-08
1.552000E+02 1.269893E-08
1.553000E+02 1.243955E-08
1.554000E+02 1.209937E-08
1.555000E+02 1.244133E-08
1.556000E+02 1.245726E-08
1.557000E+02 1.195584E-08
1.558000E+02 1.203076E-08
1.559000E+02 1.224353E-08
1.560000E+02 1.179932E-08
1.561000E+02 1.162488E-08
1.562000E+02 1.197639E-08
1.563000E+02 1.178445E-08
1.564000E+02 1.141554E-08
1.565000E+02 1.170977E-08
1.566000E+02 1.179946E-08
1.567000E+02 1.133146E-08
1.568000E+02 1.134642E-08
1.569000E+02 1.158889E-08
1.570000E+02 1.120504E-08
1.571000E+02 1.097270E-08
1.572000E+02 1.129336E-08
1.573000E+02 1.116433E-08
1.574000E+02 1.077795E-08
1.575000E+02 1.101866E-08
1.576000E+02 1.116913E-08
1.577000E+02 1.074227E-08
1.578000E+02 1.070232E-08
1.579000E+02 1.096519E-08
1.580000E+02 1.064787E-08
1.581000E+02 1.037076E-08
1.582000E+02 1.065269E-08
1.583000E+02 1.058071E-08
1.584000E+02 1.018755E-08
1.585000E+02 1.037097E-08
1.586000E+02 1.056715E-08
1.587000E+02 1.018483E-08
1.588000E+02 1.009516E-08
1.589000E+02 1.036903E-08
1.590000E+02 1.011993E-08
1.591000E+02 9.809470E-09
1.592000E+02 1.004759E-08
1.593000E+02 1.002708E-08
1.594000E+02 9.636400E-09
1.595000E+02 9.760196E-09
1.596000E+02 9.988053E-09
1.597000E+02 9.652563E-09
1.598000E+02 9.518584E-09
1.599000E+02 9.794517E-09
1.600000E+02 9.613969E-09
1.601000E+02 9.281773E-09
1.602000E+02 9.473281E-09
1.603000E+02 9.499545E-09
1.604000E+02 9.121300E-09
1.605000E+02 9.185341E-09
1.606000E+02 9.431794E-09
1.607000E+02 9.145401E-09
1.608000E+02 8.974094E-09
1.609000E+02 9.243511E-09
1.610000E+02 9.129974E-09
1.611000E+02 8.788443E-09
1.612000E+02 8.932965E-09
1.613000E+02 9.000560E-09
1.614000E+02 8.644179E-09
1.615000E+02 8.651026E-09
1.616000E+02 8.903252E-09
1.617000E+02 8.665550E-09
1.618000E+02 8.464163E-09
1.619000E+02 8.718996E-09
1.620000E+02 8.667059E-09
1.621000E+02 8.326037E-09
1.622000E+02 8.424929E-09
1.623000E+02 8.527957E-09
1.624000E+02 8.200210E-09
1.625000E+02 8.153451E-09
1.626000E+02 8.400688E-09
1.627000E+02 8.210039E-09
1.628000E+02 7.984900E-09
1.629000E+02 8.217701E-09
1.630000E+02 8.220442E-09
1.631000E+02 7.887903E-09
1.632000E+02 7.943270E-09
1.633000E+02 8.076112E-09
1.634000E+02 7.782678E-09
1.635000E+02 7.687028E-09
1.636000E+02 7.920998E-09
1.637000E+02 7.776672E-09
1.638000E+02 7.534667E-09
1.639000E+02 7.738816E-09
1.640000E+02 7.789295E-09
1.641000E+02 7.473812E-09
1.642000E+02 7.488994E-09
1.643000E+02 7.645300E-09
1.644000E+02 7.391300E-09
1.645000E+02 7.253981E-09
1.646000E+02 7.468013E-09
1.647000E+02 7.367945E-09
1.648000E+02 7.116243E-09
1.649000E+02 7.286649E-09
1.650000E+02 7.376293E-09
1.651000E+02 7.084447E-09
1.652000E+02 7.063558E-09
1.653000E+02 7.236297E-09
1.654000E+02 7.024334E-09
1.655000E+02 6.853325E-09
1.656000E+02 7.042595E-09
1.657000E+02 6.983051E-09
1.658000E+02 6.727480E-09
1.659000E+02 6.860474E-09
1.660000E+02 6.979884E-09
1.661000E+02 6.715127E-09
1.662000E+02 6.661752E-09
1.663000E+02 6.844237E-09
1.664000E+02 6.675052E-09
1.665000E+02 6.477660E-09
1.666000E+02 6.639214E-09
1.667000E+02 6.617251E-09
1.668000E+02 6.363480E-09
1.669000E+02 6.456574E-09
1.670000E+02 6.597441E-09
1.671000E+02 6.363312E-09
1.672000E+02 6.281433E-09
1.673000E+02 6.467054E-09
1.674000E+02 6.341020E-09
1.675000E+02 6.125642E-09
1.676000E+02 6.257973E-09
1.677000E+02 6.270513E-09
1.678000E+02 6.024730E-09
1.679000E+02 6.077406E-09
1.680000E+02 6.231841E-09
1.681000E+02 6.031331E-09
1.682000E+02 5.925748E-09
1.683000E+02 6.107823E-09
1.684000E+02 6.023714E-09
1.685000E+02 5.799295E-09
1.686000E+02 5.902254E-09
1.687000E+02 5.944520E-09
1.688000E+02 5.711533E-09
1.689000E+02 5.725133E-09
1.690000E+02 5.885403E-09
1.691000E+02 5.718493E-09
1.692000E+02 5.593021E-09
1.693000E+02 5.765504E-09
1.694000E+02 5.720251E-09
1.695000E+02 5.493795E-09
1.696000E+02 5.567850E-09
1.697000E+02 5.635085E-09
1.698000E+02 5.418613E-09
1.699000E+02 5.395335E-09
1.700000E+02 5.555015E-09
1.701000E+02 5.420979E-09
1.702000E+02 5.278973E-09
1.703000E+02 5.436603E-09
1.704000E+02 5.426905E-09
1.705000E+02 5.204633E-09
1.706000E+02 5.250619E-09
1.707000E+02 5.338642E-09
1.708000E+02 5.142889E-09
1.709000E+02 5.086226E-09
1.710000E+02 5.240049E-09
1.711000E+02 5.138787E-09
1.712000E+02 4.984861E-09
1.713000E+02 5.123203E-09
1.714000E+02 5.145196E-09
1.715000E+02 4.933600E-09
1.716000E+02 4.953419E-09
1.717000E+02 5.057247E-09
1.718000E+02 4.885488E-09
1.719000E+02 4.800432E-09
1.720000E+02 4.943816E-09
1.721000E+02 4.873439E-09
1.722000E+02 4.711867E-09
1.723000E+02 4.827588E-09
1.724000E+02 4.876090E-09
1.725000E+02 4.679642E-09
1.726000E+02 4.675445E-09
1.727000E+02 4.789850E-09
1.728000E+02 4.643570E-09
1.729000E+02 4.535208E-09
1.730000E+02 4.664668E-09
1.731000E+02 4.622099E-09
1.732000E+02 4.455950E-09
1.733000E+02 4.546656E-09
1.734000E+02 4.616436E-09
1.735000E+02 4.437714E-09
1.736000E+02 4.411092E-09
1.737000E+02 4.531561E-09
1.738000E+02 4.412202E-09
1.739000E+02 4.285700E-09
1.740000E+02 4.398782E-09
1.741000E+02 4.381914E-09
1.742000E+02 4.215210E-09
1.743000E+02 4.279641E-09
1.744000E+02 4.365911E-09
1.745000E+02 4.207756E-09
1.746000E+02 4.161070E-09
1.747000E+02 4.283215E-09
1.748000E+02 4.191920E-09
1.749000E+02 4.053309E-09
1.750000E+02 4.148363E-09
1.751000E+02 4.154657E-09
1.752000E+02 3.991889E-09
1.753000E+02 4.030199E-09
1.754000E+02 4.127781E-09
1.755000E+02 3.991974E-09
1.756000E+02 3.928279E-09
1.757000E+02 4.047793E-09
1.758000E+02 3.983861E-09
1.759000E+02 3.838690E-09
1.760000E+02 3.914890E-09
1.761000E+02 3.940621E-09
1.762000E+02 3.784693E-09
1.763000E+02 3.797675E-09
1.764000E+02 3.901399E-09
1.765000E+02 3.787592E-09
1.766000E+02 3.709041E-09
1.767000E+02 3.822225E-09
1.768000E+02 3.784142E-09
1.769000E+02 3.636695E-09
1.770000E+02 3.693638E-09
1.771000E+02 3.735720E-09
1.772000E+02 3.589414E-09
1.773000E+02 3.578326E-09
1.774000E+02 3.683803E-09
1.775000E+02 3.591745E-09
1.776000E+02 3.500666E-09
1.777000E+02 3.604311E-09
1.778000E+02 3.590635E-09
1.779000E+02 3.445309E-09
1.780000E+02 3.483121E-09
1.781000E+02 3.538895E-09
1.782000E+02 3.405783E-09
1.783000E+02 3.373166E-09
1.784000E+02 3.476518E-09
1.785000E+02 3.406163E-09
1.786000E+02 3.306083E-09
1.787000E+02 3.397576E-09
1.788000E+02 3.405826E-09
1.789000E+02 3.266812E-09
1.790000E+02 3.286487E-09
1.791000E+02 3.352532E-09
1.792000E+02 3.234834E-09
1.793000E+02 3.183845E-09
1.794000E+02 3.281622E-09
1.795000E+02 3.231382E-09
1.796000E+02 3.125140E-09
1.797000E+02 3.202562E-09
1.798000E+02 3.229396E-09
1.799000E+02 3.099239E-09
1.800000E+02 3.101856E-09
1.801000E+02 3.174921E-09
1.802000E+02 3.073695E-09
1.803000E+02 3.007135E-09
1.804000E+02 3.096590E-09
1.805000E+02 3.064561E-09
1.806000E+02 2.954301E-09
1.807000E+02 3.016105E-09
1.808000E+02 3.058393E-09
1.809000E+02 2.939022E-09
1.810000E+02 2.925575E-09
1.811000E+02 3.003066E-09
1.812000E+02 2.919900E-09
1.813000E+02 2.841055E-09
1.814000E+02 2.920099E-09
1.815000E+02 2.905220E-09
1.816000E+02 2.794237E-09
1.817000E+02 2.839577E-09
1.818000E+02 2.893960E-09
1.819000E+02 2.787499E-09
1.820000E+02 2.759872E-09
1.821000E+02 2.839001E-09
1.822000E+02 2.774676E-09
1.823000E+02 2.687368E-09
1.824000E+02 2.754597E-09
1.825000E+02 2.755145E-09
1.826000E+02 2.646571E-09
1.827000E+02 2.675452E-09
1.828000E+02 2.738142E-09
1.829000E+02 2.645568E-09
1.830000E+02 2.605876E-09
1.831000E+02 2.683853E-09
1.832000E+02 2.637544E-09
1.833000E+02 2.544836E-09
1.834000E+02 2.599440E-09
1.835000E+02 2.612999E-09
1.836000E+02 2.508526E-09
1.837000E+02 2.521112E-09
1.838000E+02 2.588755E-09
1.839000E+02 2.510058E-09
1.840000E+02 2.459709E-09
1.841000E+02 2.534240E-09
1.842000E+02 2.505291E-09
1.843000E+02 2.409944E-09
1.844000E+02 2.451424E-09
1.845000E+02 2.476252E-09
1.846000E+02 2.378061E-09
1.847000E+02 2.374994E-09
1.848000E+02 2.444638E-09
1.849000E+02 2.380161E-09
1.850000E+02 2.321074E-09
1.851000E+02 2.390109E-09
1.852000E+02 2.377835E-09
1.853000E+02 2.283067E-09
1.854000E+02 2.311510E-09
1.855000E+02 2.345928E-09
1.856000E+02 2.256656E-09
1.857000E+02 2.239567E-09
1.858000E+02 2.308328E-09
1.859000E+02 2.258065E-09
1.860000E+02 2.192854E-09
1.861000E+02 2.254612E-09
1.862000E+02 2.256968E-09
1.863000E+02 2.165277E-09
1.864000E+02 2.181374E-09
1.865000E+02 2.223093E-09
1.866000E+02 2.143803E-09
1.867000E+02 2.114292E-09
1.868000E+02 2.179787E-09
1.869000E+02 2.142782E-09
1.870000E+02 2.073201E-09
1.871000E+02 2.126224E-09
1.872000E+02 2.140951E-09
1.873000E+02 2.053934E-09
1.874000E+02 2.058336E-09
1.875000E+02 2.105320E-09
1.876000E+02 2.036603E-09
1.877000E+02 1.996116E-09
1.878000E+02 2.056538E-09
1.879000E+02 2.032013E-09
1.880000E+02 1.959577E-09
1.881000E+02 2.002653E-09
1.882000E+02 2.028035E-09
1.883000E+02 1.947583E-09
1.884000E+02 1.941082E-09
1.885000E+02 1.991604E-09
1.886000E+02 1.934821E-09
1.887000E+02 1.885717E-09
1.888000E+02 1.939579E-09
1.889000E+02 1.926897E-09
1.890000E+02 1.853994E-09
1.891000E+02 1.886532E-09
1.892000E+02 1.920270E-09
1.893000E+02 1.847943E-09
1.894000E+02 1.831895E-09
1.895000E+02 1.883974E-09
1.896000E+02 1.839477E-09
1.897000E+02 1.784215E-09
1.898000E+02 1.830480E-09
1.899000E+02 1.828289E-09
1.900000E+02 1.756773E-09
1.901000E+02 1.778633E-09
1.902000E+02 1.818086E-09
1.903000E+02 1.754314E-09
1.904000E+02 1.729958E-09
1.905000E+02 1.781699E-09
1.906000E+02 1.748714E-09
1.907000E+02 1.688913E-09
1.908000E+02 1.726962E-09
1.909000E+02 1.733854E-09
1.910000E+02 1.664697E-09
1.911000E+02 1.675684E-09
1.912000E+02 1.718872E-09
1.913000E+02 1.664138E-09
1.914000E+02 1.632467E-09
1.915000E+02 1.682302E-09
1.916000E+02 1.660681E-09
1.917000E+02 1.598407E-09
1.918000E+02 1.627924E-09
1.919000E+02 1.642901E-09
1.920000E+02 1.577746E-09
1.921000E+02 1.578248E-09
1.922000E+02 1.623334E-09
1.923000E+02 1.578328E-09
1.924000E+02 1.540859E-09
1.925000E+02 1.587328E-09
1.926000E+02 1.576742E-09
1.927000E+02 1.514495E-09
1.928000E+02 1.535600E-09
1.929000E+02 1.557304E-09
1.930000E+02 1.497797E-09
1.931000E+02 1.488948E-09
1.932000E+02 1.533929E-09
1.933000E+02 1.498390E-09
1.934000E+02 1.456664E-09
1.935000E+02 1.498509E-09
1.936000E+02 1.497459E-09
1.937000E+02 1.436634E-09
1.938000E+02 1.449594E-09
1.939000E+02 1.476389E-09
1.940000E+02 1.422990E-09
1.941000E+02 1.405618E-09
1.942000E+02 1.448926E-09
1.943000E+02 1.422215E-09
1.944000E+02 1.377164E-09
1.945000E+02 1.413348E-09
1.946000E+02 1.420542E-09
1.947000E+02 1.362193E-09
1.948000E+02 1.367229E-09
1.949000E+02 1.397831E-09
1.950000E+02 1.351119E-09
1.951000E+02 1.326094E-09
1.952000E+02 1.366540E-09
1.953000E+02 1.348508E-09
1.954000E+02 1.301364E-09
1.955000E+02 1.331056E-09
1.956000E+02 1.345634E-09
1.957000E+02 1.291520E-09
1.958000E+02 1.289291E-09
1.959000E+02 1.322457E-09
1.960000E+02 1.283489E-09
1.961000E+02 1.252594E-09
1.962000E+02 1.289134E-09
1.963000E+02 1.279236E-09
1.964000E+02 1.231611E-09
1.965000E+02 1.254441E-09
1.966000E+02 1.274813E-09
1.967000E+02 1.225942E-09
1.968000E+02 1.217344E-09
1.969000E+02 1.251648E-09
1.970000E+02 1.220472E-09
1.971000E+02 1.185239E-09
1.972000E+02 1.217142E-09
1.973000E+02 1.214279E-09
1.974000E+02 1.167103E-09
1.975000E+02 1.182890E-09
1.976000E+02 1.207362E-09
1.977000E+02 1.163835E-09
1.978000E+02 1.149405E-09
1.979000E+02 1.183611E-09
1.980000E+02 1.159820E-09
1.981000E+02 1.121149E-09
1.982000E+02 1.147877E-09
1.983000E+02 1.151307E-09
1.984000E+02 1.105345E-09
1.985000E+02 1.113915E-09
1.986000E+02 1.141376E-09
1.987000E+02 1.103856E-09
1.988000E+02 1.084300E-09
1.989000E+02 1.117370E-09
1.990000E+02 1.101166E-09
1.991000E+02 1.060642E-09
1.992000E+02 1.081864E-09
1.993000E+02 1.090909E-09
1.994000E+02 1.047490E-09
1.995000E+02 1.049211E-09
1.996000E+02 1.078412E-09
1.997000E+02 1.047474E-09
1.998000E+02 1.023963E-09
1.999000E+02 1.054927E-09
2.000000E+02 1.046077E-09
2.001000E+02 1.005437E-09
2.002000E+02 1.021188E-09
2.003000E+02 1.034699E-09
2.004000E+02 9.947229E-10
2.005000E+02 9.903157E-10
2.006000E+02 1.019806E-09
2.007000E+02 9.949448E-10
2.008000E+02 9.682549E-10
2.009000E+02 9.962890E-10
2.010000E+02 9.937399E-10
2.011000E+02 9.536161E-10
2.012000E+02 9.639073E-10
2.013000E+02 9.808890E-10
2.014000E+02 9.446170E-10
2.015000E+02 9.344342E-10
2.016000E+02 9.632162E-10
2.017000E+02 9.441909E-10
2.018000E+02 9.149004E-10
2.019000E+02 9.392817E-10
2.020000E+02 9.424112E-10
2.021000E+02 9.036523E-10
2.022000E+02 9.085424E-10
2.023000E+02 9.282447E-10
2.024000E+02 8.963625E-10
2.025000E+02 8.810576E-10
2.026000E+02 9.083187E-10
2.027000E+02 8.952836E-10
2.028000E+02 8.645060E-10
2.029000E+02 8.847258E-10
2.030000E+02 8.930213E-10
2.031000E+02 8.570218E-10
2.032000E+02 8.570299E-10
2.033000E+02 8.785025E-10
2.034000E+02 8.516780E-10
2.035000E+02 8.324952E-10
2.036000E+02 8.574303E-10
2.037000E+02 8.497956E-10
2.038000E+02 8.185259E-10
2.039000E+02 8.343891E-10
2.040000E+02 8.467245E-10
2.041000E+02 8.139651E-10
2.042000E+02 8.096009E-10
2.043000E+02 8.319023E-10
2.044000E+02 8.100580E-10
2.045000E+02 7.878263E-10
2.046000E+02 8.098458E-10
2.047000E+02 8.067711E-10
2.048000E+02 7.754272E-10
2.049000E+02 7.867374E-10
2.050000E+02 8.020280E-10
2.051000E+02 7.724400E-10
2.052000E+02 7.638645E-10
2.053000E+02 7.863062E-10
2.054000E+02 7.693925E-10
2.055000E+02 7.446094E-10
2.056000E+02 7.632801E-10
2.057000E+02 7.646121E-10
2.058000E+02 7.340215E-10
2.059000E+02 7.406375E-10
2.060000E+02 7.582345E-10
2.061000E+02 7.326512E-10
2.062000E+02 7.205572E-10
2.063000E+02 7.424063E-10
2.064000E+02 7.306447E-10
2.065000E+02 7.045600E-10
2.066000E+02 7.196556E-10
2.067000E+02 7.248474E-10
2.068000E+02 6.959429E-10
2.069000E+02 6.981548E-10
2.070000E+02 7.171122E-10
2.071000E+02 6.958275E-10
2.072000E+02 6.810289E-10
2.073000E+02 7.015926E-10
2.074000E+02 6.946132E-10
2.075000E+02 6.682133E-10
2.076000E+02 6.797043E-10
2.077000E+02 6.878474E-10
2.078000E+02 6.609506E-10
2.079000E+02 6.590899E-10
2.080000E+02 6.784443E-10
2.081000E+02 6.610072E-10
2.082000E+02 6.438325E-10
