# # freq, loss, reflectance, transmittance (in meep units)
4.000000E-01 7.688475E-05 9.901868E-01 9.736344E-03
4.010008E-01 -5.193531E-05 9.902822E-01 9.769775E-03
4.020017E-01 -8.777057E-05 9.902854E-01 9.802375E-03
4.030025E-01 1.841943E-05 9.901685E-01 9.813084E-03
4.040033E-01 1.139798E-04 9.900719E-01 9.814162E-03
4.050042E-01 6.639728E-05 9.901005E-01 9.833108E-03
4.060050E-01 -5.075235E-05 9.901765E-01 9.874236E-03
4.070058E-01 -6.830346E-05 9.901547E-01 9.913589E-03
4.080067E-01 3.698957E-05 9.900300E-01 9.933022E-03
4.090075E-01 1.143977E-04 9.899405E-01 9.945059E-03
4.100083E-01 5.727234E-05 9.899681E-01 9.974594E-03
4.110092E-01 -4.791708E-05 9.900238E-01 1.002416E-02
4.120100E-01 -4.951655E-05 9.899783E-01 1.007124E-02
4.130108E-01 5.331966E-05 9.898464E-01 1.010024E-02
4.140117E-01 1.139038E-04 9.897622E-01 1.012385E-02
4.150125E-01 4.942654E-05 9.897859E-01 1.016463E-02
4.160133E-01 -4.392652E-05 9.898203E-01 1.022358E-02
4.170142E-01 -3.189202E-05 9.897524E-01 1.027954E-02
4.180150E-01 6.709745E-05 9.896137E-01 1.031916E-02
4.190158E-01 1.120895E-04 9.895327E-01 1.035522E-02
4.200167E-01 4.211831E-05 9.895497E-01 1.040817E-02
4.210175E-01 -3.966796E-05 9.895619E-01 1.047773E-02
4.220183E-01 -1.606170E-05 9.894721E-01 1.054396E-02
4.230192E-01 7.805776E-05 9.893264E-01 1.059552E-02
4.240200E-01 1.087830E-04 9.892460E-01 1.064519E-02
4.250209E-01 3.503678E-05 9.892534E-01 1.071157E-02
4.260217E-01 -3.544983E-05 9.892422E-01 1.079326E-02
4.270225E-01 -2.029618E-06 9.891306E-01 1.087146E-02
4.280234E-01 8.652159E-05 9.889769E-01 1.093660E-02
4.290242E-01 1.043228E-04 9.888942E-01 1.100144E-02
4.300250E-01 2.830068E-05 9.888888E-01 1.108292E-02
4.310259E-01 -3.126044E-05 9.888526E-01 1.117866E-02
4.320267E-01 1.035452E-05 9.887187E-01 1.127092E-02
4.330275E-01 9.276888E-05 9.885555E-01 1.135170E-02
4.340284E-01 9.884253E-05 9.884674E-01 1.143375E-02
4.350292E-01 2.172247E-05 9.884458E-01 1.153249E-02
4.360300E-01 -2.745746E-05 9.883827E-01 1.164473E-02
4.370309E-01 2.081824E-05 9.882255E-01 1.175366E-02
4.380317E-01 9.662751E-05 9.880507E-01 1.185270E-02
4.390325E-01 9.205903E-05 9.879534E-01 1.195458E-02
4.400334E-01 1.480521E-05 9.879118E-01 1.207341E-02
4.410342E-01 -2.456813E-05 9.878193E-01 1.220523E-02
4.420350E-01 2.904942E-05 9.876368E-01 1.233411E-02
4.430359E-01 9.800537E-05 9.874472E-01 1.245476E-02
4.440367E-01 8.390213E-05 9.873362E-01 1.257990E-02
4.450375E-01 7.409124E-06 9.872701E-01 1.272248E-02
4.460384E-01 -2.264800E-05 9.871448E-01 1.287786E-02
4.470392E-01 3.525661E-05 9.869338E-01 1.303090E-02
4.480400E-01 9.732042E-05 9.867252E-01 1.317747E-02
4.490409E-01 7.477248E-05 9.865949E-01 1.333035E-02
4.500417E-01 -1.917948E-07 9.864987E-01 1.350146E-02
4.510425E-01 -2.143252E-05 9.863359E-01 1.368555E-02
4.520434E-01 3.982616E-05 9.860920E-01 1.386816E-02
4.530442E-01 9.500264E-05 9.858587E-01 1.404629E-02
4.540450E-01 6.493697E-05 9.857022E-01 1.423283E-02
4.550459E-01 -7.963341E-06 9.855692E-01 1.443877E-02
4.560467E-01 -2.097570E-05 9.853627E-01 1.465832E-02
4.570475E-01 4.276231E-05 9.850796E-01 1.487764E-02
4.580484E-01 9.106657E-05 9.848141E-01 1.509478E-02
4.590492E-01 5.427001E-05 9.846229E-01 1.532284E-02
4.600500E-01 -1.618204E-05 9.844441E-01 1.557204E-02
4.610509E-01 -2.152900E-05 9.841855E-01 1.583603E-02
4.620517E-01 4.398950E-05 9.838544E-01 1.610156E-02
4.630525E-01 8.556667E-05 9.835467E-01 1.636773E-02
4.640534E-01 4.281855E-05 9.833092E-01 1.664794E-02
4.650542E-01 -2.481198E-05 9.830730E-01 1.695178E-02
4.660550E-01 -2.291178E-05 9.827505E-01 1.727241E-02
4.670559E-01 4.393997E-05 9.823590E-01 1.759705E-02
4.680567E-01 7.909881E-05 9.819950E-01 1.792591E-02
4.690575E-01 3.118034E-05 9.816959E-01 1.827288E-02
4.700584E-01 -3.327350E-05 9.813862E-01 1.864706E-02
4.710592E-01 -2.443346E-05 9.809833E-01 1.904109E-02
4.720601E-01 4.348533E-05 9.805138E-01 1.944272E-02
4.730609E-01 7.260025E-05 9.800741E-01 1.985333E-02
4.740617E-01 2.019206E-05 9.796923E-01 2.028752E-02
4.750626E-01 -4.084049E-05 9.792867E-01 2.075410E-02
4.760634E-01 -2.534418E-05 9.787801E-01 2.124523E-02
4.770642E-01 4.346352E-05 9.782074E-01 2.174917E-02
4.780651E-01 6.687691E-05 9.776644E-01 2.226872E-02
4.790659E-01 1.047218E-05 9.771700E-01 2.281950E-02
4.800667E-01 -4.706731E-05 9.766368E-01 2.341026E-02
4.810676E-01 -2.521530E-05 9.759924E-01 2.403280E-02
4.820684E-01 4.435630E-05 9.752797E-01 2.467595E-02
4.830692E-01 6.234026E-05 9.745934E-01 2.534427E-02
4.840701E-01 2.212980E-06 9.739428E-01 2.605495E-02
4.850709E-01 -5.194163E-05 9.732349E-01 2.681706E-02
4.860717E-01 -2.403014E-05 9.724019E-01 2.762215E-02
4.870726E-01 4.626411E-05 9.714938E-01 2.845993E-02
4.880734E-01 5.903853E-05 9.706037E-01 2.933731E-02
4.890742E-01 -4.748133E-06 9.697309E-01 3.027387E-02
4.900751E-01 -5.578053E-05 9.687762E-01 3.127962E-02
4.910759E-01 -2.204356E-05 9.676758E-01 3.234626E-02
4.920767E-01 4.908319E-05 9.664860E-01 3.346492E-02
4.930776E-01 5.685267E-05 9.652972E-01 3.464597E-02
4.940784E-01 -1.073950E-05 9.640980E-01 3.591277E-02
4.950792E-01 -5.905722E-05 9.627816E-01 3.727743E-02
4.960801E-01 -1.960988E-05 9.612869E-01 3.873266E-02
4.970809E-01 5.268902E-05 9.596751E-01 4.027221E-02
4.980817E-01 5.567647E-05 9.580323E-01 4.191198E-02
4.990826E-01 -1.610777E-05 9.563344E-01 4.368171E-02
5.000834E-01 -6.228900E-05 9.544644E-01 4.559788E-02
5.010842E-01 -1.707024E-05 9.523609E-01 4.765618E-02
5.020851E-01 5.708254E-05 9.500872E-01 4.985567E-02
5.030859E-01 5.557751E-05 9.477224E-01 5.222198E-02
5.040867E-01 -2.109555E-05 9.452248E-01 5.479629E-02
5.050876E-01 -6.596873E-05 9.424616E-01 5.760440E-02
5.060884E-01 -1.468039E-05 9.393650E-01 6.064972E-02
5.070892E-01 6.252696E-05 9.359945E-01 6.394293E-02
5.080901E-01 5.696768E-05 9.324146E-01 6.752845E-02
5.090909E-01 -2.574493E-05 9.285556E-01 7.147011E-02
5.100917E-01 -7.058828E-05 9.242561E-01 7.581447E-02
5.110926E-01 -1.264972E-05 9.194278E-01 8.058486E-02
5.120934E-01 6.963677E-05 9.141111E-01 8.581928E-02
5.130942E-01 6.079476E-05 9.083365E-01 9.160275E-02
5.140951E-01 -2.981557E-05 9.019812E-01 9.804866E-02
5.150959E-01 -7.679909E-05 8.948228E-01 1.052540E-01
5.160967E-01 -1.135220E-05 8.867162E-01 1.132951E-01
5.170976E-01 7.947163E-05 8.776404E-01 1.222801E-01
5.180984E-01 6.898355E-05 8.675389E-01 1.323921E-01
5.190992E-01 -3.245164E-05 8.561666E-01 1.438659E-01
5.201001E-01 -8.562969E-05 8.431543E-01 1.569313E-01
5.211009E-01 -1.181031E-05 8.281980E-01 1.718138E-01
5.221018E-01 9.370786E-05 8.110932E-01 1.888131E-01
5.231026E-01 8.570443E-05 7.915446E-01 2.083697E-01
5.241034E-01 -3.076628E-05 7.689955E-01 2.310353E-01
5.251043E-01 -9.848226E-05 7.427056E-01 2.573929E-01
5.261051E-01 -1.714665E-05 7.119575E-01 2.880596E-01
5.271059E-01 1.141401E-04 6.760871E-01 3.237988E-01
5.281068E-01 1.204062E-04 6.342827E-01 3.655969E-01
5.291076E-01 -1.436757E-05 5.854646E-01 4.145498E-01
5.301084E-01 -1.145852E-04 5.285154E-01 4.715991E-01
5.311093E-01 -3.732423E-05 4.627431E-01 5.372942E-01
5.321101E-01 1.342424E-04 3.882847E-01 6.115811E-01
5.331109E-01 1.869957E-04 3.064932E-01 6.933198E-01
5.341118E-01 4.922953E-05 2.206597E-01 7.792910E-01
5.351126E-01 -1.104151E-04 1.370259E-01 8.630845E-01
5.361134E-01 -8.911947E-05 6.513754E-02 9.349516E-01
5.371143E-01 9.613615E-05 1.630463E-02 9.835992E-01
5.381151E-01 2.271836E-04 5.054249E-05 9.997223E-01
5.391159E-01 1.519047E-04 2.022890E-02 9.796192E-01
5.401168E-01 -3.438410E-05 7.324548E-02 9.267889E-01
5.411176E-01 -1.133340E-04 1.496003E-01 8.505130E-01
5.421184E-01 -9.321976E-06 2.377050E-01 7.623044E-01
5.431193E-01 1.329452E-04 3.275837E-01 6.722833E-01
5.441201E-01 1.396323E-04 4.126597E-01 5.872007E-01
5.451209E-01 1.621773E-05 4.895503E-01 5.104335E-01
5.461218E-01 -7.915138E-05 5.570062E-01 4.430729E-01
5.471226E-01 -4.213669E-05 6.150300E-01 3.850122E-01
5.481234E-01 5.981130E-05 6.643925E-01 3.355477E-01
5.491243E-01 9.106654E-05 7.062709E-01 2.936380E-01
5.501251E-01 2.129391E-05 7.418656E-01 2.581131E-01
5.511259E-01 -5.159830E-05 7.721548E-01 2.278968E-01
5.521268E-01 -3.897258E-05 7.979130E-01 2.021259E-01
5.531276E-01 3.001350E-05 8.198567E-01 1.801133E-01
5.541284E-01 6.002770E-05 8.386862E-01 1.612537E-01
5.551293E-01 1.734845E-05 8.549869E-01 1.449958E-01
5.561301E-01 -3.557510E-05 8.691524E-01 1.308832E-01
5.571309E-01 -3.104015E-05 8.814504E-01 1.185807E-01
5.581318E-01 1.736417E-05 8.921459E-01 1.078367E-01
5.591326E-01 4.182260E-05 9.015331E-01 9.842504E-02
5.601334E-01 1.330771E-05 9.098583E-01 9.012843E-02
5.611343E-01 -2.575314E-05 9.172599E-01 8.276583E-02
5.621351E-01 -2.414186E-05 9.238132E-01 7.621095E-02
5.631359E-01 1.120576E-05 9.296164E-01 7.037236E-02
5.641368E-01 3.055223E-05 9.348091E-01 6.516036E-02
5.651376E-01 1.029749E-05 9.395096E-01 6.048015E-02
5.661384E-01 -1.924810E-05 9.437675E-01 5.625178E-02
5.671393E-01 -1.884533E-05 9.475950E-01 5.242387E-02
5.681401E-01 7.774720E-06 9.510309E-01 4.896136E-02
5.691410E-01 2.313321E-05 9.541521E-01 4.582474E-02
5.701418E-01 8.185646E-06 9.570247E-01 4.296707E-02
5.711426E-01 -1.467991E-05 9.596659E-01 4.034882E-02
5.721435E-01 -1.488731E-05 9.620672E-01 3.794765E-02
5.731443E-01 5.620690E-06 9.642446E-01 3.574982E-02
5.741451E-01 1.800000E-05 9.662460E-01 3.373603E-02
5.751460E-01 6.723570E-06 9.681130E-01 3.188027E-02
5.761468E-01 -1.133972E-05 9.698503E-01 3.016105E-02
5.771476E-01 -1.194544E-05 9.714436E-01 2.856832E-02
5.781485E-01 4.128032E-06 9.728989E-01 2.709698E-02
5.791493E-01 1.431327E-05 9.742490E-01 2.573668E-02
5.801501E-01 5.714445E-06 9.755227E-01 2.447158E-02
5.811510E-01 -8.831396E-06 9.767198E-01 2.328907E-02
5.821518E-01 -9.760894E-06 9.778250E-01 2.218472E-02
5.831526E-01 3.013263E-06 9.788399E-01 2.115709E-02
5.841535E-01 1.159373E-05 9.797883E-01 2.020013E-02
5.851543E-01 5.020518E-06 9.806916E-01 1.930341E-02
5.861551E-01 -6.914771E-06 9.815478E-01 1.845908E-02
5.871560E-01 -8.139262E-06 9.823427E-01 1.766544E-02
5.881568E-01 2.139415E-06 9.830752E-01 1.692262E-02
5.891576E-01 9.553946E-06 9.837637E-01 1.622677E-02
5.901585E-01 4.550296E-06 9.844248E-01 1.557060E-02
5.911593E-01 -5.431490E-06 9.850564E-01 1.494899E-02
5.921601E-01 -6.933520E-06 9.856453E-01 1.436160E-02
5.931610E-01 1.439884E-06 9.861893E-01 1.380922E-02
5.941618E-01 8.014668E-06 9.867028E-01 1.328919E-02
5.951626E-01 4.244044E-06 9.871996E-01 1.279617E-02
5.961635E-01 -4.270809E-06 9.876776E-01 1.232670E-02
5.971643E-01 -6.032387E-06 9.881249E-01 1.188114E-02
5.981651E-01 8.810459E-07 9.885386E-01 1.146051E-02
5.991660E-01 6.857582E-06 9.889303E-01 1.106285E-02
6.001668E-01 4.060270E-06 9.893119E-01 1.068406E-02
6.011676E-01 -3.354447E-06 9.896816E-01 1.032178E-02
6.021685E-01 -5.353591E-06 9.900287E-01 9.976698E-03
6.031693E-01 4.428351E-07 9.903497E-01 9.649877E-03
6.041701E-01 5.998796E-06 9.906542E-01 9.339775E-03
6.051710E-01 3.967420E-06 9.909529E-01 9.043173E-03
6.061718E-01 -2.626997E-06 9.912442E-01 8.758401E-03
6.071726E-01 -4.836948E-06 9.915185E-01 8.486341E-03
6.081735E-01 1.110984E-07 9.917719E-01 8.227980E-03
6.091743E-01 5.376144E-06 9.920126E-01 7.982053E-03
6.101751E-01 3.941201E-06 9.922501E-01 7.745962E-03
6.111760E-01 -2.047721E-06 9.924835E-01 7.518531E-03
6.121768E-01 -4.437331E-06 9.927037E-01 7.300706E-03
6.131776E-01 -1.245702E-07 9.929067E-01 7.093382E-03
6.141785E-01 4.942780E-06 9.930996E-01 6.895473E-03
6.151793E-01 3.963258E-06 9.932912E-01 6.704846E-03
6.161802E-01 -1.585598E-06 9.934809E-01 6.520672E-03
6.171810E-01 -4.120629E-06 9.936602E-01 6.343908E-03
6.181818E-01 -2.730217E-07 9.938249E-01 6.175344E-03
6.191827E-01 4.661591E-06 9.939813E-01 6.014021E-03
6.201835E-01 4.018348E-06 9.941378E-01 5.858159E-03
6.211843E-01 -1.218108E-06 9.942940E-01 5.707187E-03
6.221852E-01 -3.862813E-06 9.944418E-01 5.562036E-03
6.231860E-01 -3.444162E-07 9.945770E-01 5.423394E-03
6.241868E-01 4.500282E-06 9.947051E-01 5.290395E-03
6.251877E-01 4.091517E-06 9.948344E-01 5.161537E-03
6.261885E-01 -9.308321E-07 9.949645E-01 5.036438E-03
6.271893E-01 -3.649080E-06 9.950877E-01 4.915991E-03
6.281902E-01 -3.513809E-07 9.951996E-01 4.800784E-03
6.291910E-01 4.429176E-06 9.953055E-01 4.690027E-03
6.301918E-01 4.167625E-06 9.954134E-01 4.582438E-03
6.311927E-01 -7.154224E-07 9.955229E-01 4.477777E-03
6.321935E-01 -3.471230E-06 9.956266E-01 4.376892E-03
6.331943E-01 -3.076809E-07 9.957200E-01 4.280281E-03
6.341952E-01 4.421729E-06 9.958084E-01 4.187212E-03
6.351960E-01 4.232852E-06 9.958992E-01 4.096584E-03
6.361968E-01 -5.665342E-07 9.959923E-01 4.008268E-03
6.371977E-01 -3.324426E-06 9.960803E-01 3.923059E-03
6.381985E-01 -2.262198E-07 9.961589E-01 3.841376E-03
6.391993E-01 4.455543E-06 9.962330E-01 3.762535E-03
6.402002E-01 4.276041E-06 9.963101E-01 3.685586E-03
6.412010E-01 -4.797038E-07 9.963900E-01 3.610484E-03
6.422018E-01 -3.205205E-06 9.964652E-01 3.537975E-03
6.432027E-01 -1.181798E-07 9.965317E-01 3.468402E-03
6.442035E-01 4.512318E-06 9.965944E-01 3.401126E-03
6.452043E-01 4.288733E-06 9.966604E-01 3.335323E-03
6.462052E-01 -4.507685E-07 9.967294E-01 3.271012E-03
6.472060E-01 -3.110953E-06 9.967942E-01 3.208890E-03
6.482068E-01 6.762343E-09 9.968508E-01 3.149237E-03
6.492077E-01 4.577061E-06 9.969040E-01 3.091450E-03
6.502085E-01 4.264618E-06 9.969609E-01 3.034812E-03
6.512093E-01 -4.758247E-07 9.970211E-01 2.979396E-03
6.522102E-01 -3.039686E-06 9.970772E-01 2.925847E-03
6.532110E-01 1.402932E-07 9.971255E-01 2.874391E-03
6.542118E-01 4.637698E-06 9.971709E-01 2.824458E-03
6.552127E-01 4.199441E-06 9.972204E-01 2.775422E-03
6.562135E-01 -5.507305E-07 9.972732E-01 2.727397E-03
6.572143E-01 -2.989325E-06 9.973220E-01 2.680983E-03
6.582152E-01 2.759588E-07 9.973634E-01 2.636356E-03
6.592160E-01 4.685361E-06 9.974023E-01 2.592974E-03
6.602168E-01 4.091513E-06 9.974456E-01 2.550294E-03
6.612177E-01 -6.702236E-07 9.974922E-01 2.508460E-03
6.622185E-01 -2.956727E-06 9.975349E-01 2.468029E-03
6.632193E-01 4.098422E-07 9.975705E-01 2.429133E-03
6.642202E-01 4.714782E-06 9.976040E-01 2.391258E-03
6.652210E-01 3.942105E-06 9.976421E-01 2.353930E-03
6.662219E-01 -8.273541E-07 9.976835E-01 2.317319E-03
6.672227E-01 -2.937177E-06 9.977210E-01 2.281941E-03
6.682235E-01 5.407178E-07 9.977516E-01 2.247887E-03
6.692244E-01 4.724103E-06 9.977806E-01 2.214672E-03
6.702252E-01 3.755196E-06 9.978144E-01 2.181882E-03
6.712260E-01 -1.013669E-06 9.978513E-01 2.149708E-03
6.722269E-01 -2.924657E-06 9.978843E-01 2.118624E-03
6.732277E-01 6.694866E-07 9.979106E-01 2.088690E-03
6.742285E-01 4.714049E-06 9.979358E-01 2.059445E-03
6.752294E-01 3.536610E-06 9.979659E-01 2.030528E-03
6.762302E-01 -1.219981E-06 9.979991E-01 2.002145E-03
6.772310E-01 -2.912632E-06 9.980282E-01 1.974735E-03
6.782319E-01 7.982112E-07 9.980509E-01 1.948327E-03
6.792327E-01 4.686811E-06 9.980728E-01 1.922483E-03
6.802335E-01 3.292937E-06 9.980998E-01 1.896890E-03
6.812344E-01 -1.437293E-06 9.981297E-01 1.871768E-03
6.822352E-01 -2.894918E-06 9.981554E-01 1.847519E-03
6.832360E-01 9.291542E-07 9.981749E-01 1.824146E-03
6.842369E-01 4.645011E-06 9.981941E-01 1.801233E-03
6.852377E-01 3.030575E-06 9.982185E-01 1.778511E-03
6.862385E-01 -1.657608E-06 9.982455E-01 1.756207E-03
6.872394E-01 -2.866437E-06 9.982682E-01 1.734693E-03
6.882402E-01 1.063958E-06 9.982850E-01 1.713947E-03
6.892410E-01 4.590815E-06 9.983018E-01 1.693575E-03
6.902419E-01 2.754892E-06 9.983239E-01 1.673346E-03
6.912427E-01 -1.874663E-06 9.983484E-01 1.653493E-03
6.922435E-01 -2.823928E-06 9.983685E-01 1.634357E-03
6.932444E-01 1.202834E-06 9.983829E-01 1.615897E-03
6.942452E-01 4.525023E-06 9.983977E-01 1.597738E-03
6.952460E-01 2.469317E-06 9.984178E-01 1.579685E-03
6.962469E-01 -2.084793E-06 9.984401E-01 1.561973E-03
6.972477E-01 -2.766842E-06 9.984578E-01 1.544917E-03
6.982485E-01 1.343556E-06 9.984702E-01 1.528456E-03
6.992494E-01 4.445967E-06 9.984833E-01 1.512235E-03
7.002502E-01 2.174220E-06 9.985017E-01 1.496090E-03
7.012510E-01 -2.288004E-06 9.985220E-01 1.480260E-03
7.022519E-01 -2.698401E-06 9.985377E-01 1.465031E-03
7.032527E-01 1.480361E-06 9.985482E-01 1.450327E-03
7.042535E-01 4.348420E-06 9.985598E-01 1.435812E-03
7.052544E-01 1.865980E-06 9.985768E-01 1.421349E-03
7.062552E-01 -2.488651E-06 9.985953E-01 1.407180E-03
7.072560E-01 -2.625973E-06 9.986091E-01 1.393564E-03
7.082569E-01 1.603949E-06 9.986180E-01 1.380412E-03
7.092577E-01 4.224126E-06 9.986284E-01 1.367405E-03
7.102585E-01 1.538279E-06 9.986440E-01 1.354433E-03
7.112594E-01 -2.693127E-06 9.986610E-01 1.341736E-03
7.122602E-01 -2.557564E-06 9.986730E-01 1.329552E-03
7.132611E-01 1.706354E-06 9.986805E-01 1.317777E-03
7.142619E-01 4.068272E-06 9.986898E-01 1.306110E-03
7.152627E-01 1.190410E-06 9.987043E-01 1.294465E-03
7.162636E-01 -2.899618E-06 9.987198E-01 1.283081E-03
7.172644E-01 -2.489720E-06 9.987303E-01 1.272172E-03
7.182652E-01 1.794628E-06 9.987366E-01 1.261626E-03
7.192661E-01 3.894282E-06 9.987450E-01 1.251155E-03
7.202669E-01 8.424809E-07 9.987585E-01 1.240698E-03
7.212677E-01 -3.083503E-06 9.987726E-01 1.230490E-03
7.222686E-01 -2.394859E-06 9.987817E-01 1.220724E-03
7.232694E-01 1.900047E-06 9.987868E-01 1.211278E-03
7.242702E-01 3.738073E-06 9.987944E-01 1.201883E-03
7.252711E-01 5.333896E-07 9.988070E-01 1.192494E-03
7.262719E-01 -3.206637E-06 9.988199E-01 1.183344E-03
7.272727E-01 -2.238278E-06 9.988276E-01 1.174608E-03
7.282736E-01 2.053683E-06 9.988318E-01 1.166154E-03
7.292744E-01 3.627329E-06 9.988386E-01 1.157727E-03
7.302752E-01 2.857707E-07 9.988504E-01 1.149304E-03
7.312761E-01 -3.254180E-06 9.988621E-01 1.141112E-03
7.322769E-01 -2.013873E-06 9.988687E-01 1.133307E-03
7.332777E-01 2.254628E-06 9.988720E-01 1.125751E-03
7.342786E-01 3.556222E-06 9.988782E-01 1.118204E-03
7.352794E-01 8.909081E-08 9.988893E-01 1.110658E-03
7.362802E-01 -3.242147E-06 9.988999E-01 1.103337E-03
7.372811E-01 -1.742372E-06 9.989054E-01 1.096380E-03
7.382819E-01 2.480178E-06 9.989079E-01 1.089641E-03
7.392827E-01 3.502403E-06 9.989136E-01 1.082895E-03
7.402836E-01 -7.856056E-08 9.989239E-01 1.076150E-03
7.412844E-01 -3.192980E-06 9.989336E-01 1.069626E-03
7.422852E-01 -1.446346E-06 9.989380E-01 1.063444E-03
7.432861E-01 2.709600E-06 9.989398E-01 1.057452E-03
7.442869E-01 3.448247E-06 9.989451E-01 1.051442E-03
7.452877E-01 -2.325494E-07 9.989548E-01 1.045433E-03
7.462886E-01 -3.121310E-06 9.989635E-01 1.039641E-03
7.472894E-01 -1.139656E-06 9.989670E-01 1.034171E-03
7.482902E-01 2.931254E-06 9.989682E-01 1.028868E-03
7.492911E-01 3.384980E-06 9.989731E-01 1.023535E-03
7.502919E-01 -3.800104E-07 9.989822E-01 1.018206E-03
7.512927E-01 -3.034129E-06 9.989899E-01 1.013092E-03
7.522936E-01 -8.289738E-07 9.989925E-01 1.008282E-03
7.532944E-01 3.140142E-06 9.989932E-01 1.003616E-03
7.542952E-01 3.309636E-06 9.989978E-01 9.989126E-04
7.552961E-01 -5.231934E-07 9.990063E-01 9.942165E-04
7.562969E-01 -2.934189E-06 9.990132E-01 9.897334E-04
7.572977E-01 -5.170640E-07 9.990150E-01 9.855370E-04
7.582986E-01 3.334797E-06 9.990152E-01 9.814659E-04
7.592994E-01 3.222118E-06 9.990194E-01 9.773500E-04
7.603003E-01 -6.622063E-07 9.990274E-01 9.732463E-04
7.613011E-01 -2.822474E-06 9.990335E-01 9.693544E-04
7.623019E-01 -2.049264E-07 9.990345E-01 9.657339E-04
7.633028E-01 3.515424E-06 9.990343E-01 9.622210E-04
7.643036E-01 3.123474E-06 9.990382E-01 9.586584E-04
7.653044E-01 -7.966451E-07 9.990457E-01 9.551134E-04
7.663053E-01 -2.699621E-06 9.990509E-01 9.517797E-04
7.673061E-01 1.071179E-07 9.990512E-01 9.487032E-04
7.683069E-01 3.683061E-06 9.990506E-01 9.457184E-04
7.693078E-01 3.015083E-06 9.990543E-01 9.426805E-04
7.703086E-01 -9.265068E-07 9.990613E-01 9.396664E-04
7.713094E-01 -2.566690E-06 9.990657E-01 9.368636E-04
7.723103E-01 4.191156E-07 9.990653E-01 9.343050E-04
7.733111E-01 3.839637E-06 9.990643E-01 9.318238E-04
7.743119E-01 2.898522E-06 9.990678E-01 9.292875E-04
7.753128E-01 -1.052769E-06 9.990743E-01 9.267821E-04
7.763136E-01 -2.425682E-06 9.990779E-01 9.244884E-04
7.773144E-01 7.318040E-07 9.990768E-01 9.224269E-04
7.783153E-01 3.988992E-06 9.990756E-01 9.204300E-04
7.793161E-01 2.776053E-06 9.990788E-01 9.183773E-04
7.803169E-01 -1.178284E-06 9.990848E-01 9.163633E-04
7.813178E-01 -2.280617E-06 9.990877E-01 9.145621E-04
7.823186E-01 1.047567E-06 9.990860E-01 9.129821E-04
7.833194E-01 4.139859E-06 9.990844E-01 9.114550E-04
7.843203E-01 2.652166E-06 9.990875E-01 9.098727E-04
7.853211E-01 -1.310556E-06 9.990930E-01 9.083379E-04
7.863219E-01 -2.141499E-06 9.990951E-01 9.070177E-04
7.873228E-01 1.372843E-06 9.990927E-01 9.059084E-04
7.883236E-01 4.316187E-06 9.990908E-01 9.048412E-04
7.893244E-01 2.540161E-06 9.990937E-01 9.037207E-04
7.903253E-01 -1.472358E-06 9.990988E-01 9.026576E-04
7.913261E-01 -2.043062E-06 9.991002E-01 9.018123E-04
7.923269E-01 1.727215E-06 9.990971E-01 9.011682E-04
7.933278E-01 4.614157E-06 9.990948E-01 9.005557E-04
7.943286E-01 2.512804E-06 9.990976E-01 8.998922E-04
7.953294E-01 -1.765519E-06 9.991025E-01 8.992993E-04
7.963303E-01 -2.212849E-06 9.991033E-01 8.989323E-04
7.973311E-01 2.242948E-06 9.990990E-01 8.987603E-04
7.983319E-01 6.355411E-06 9.990950E-01 8.986064E-04
7.993328E-01 5.698401E-06 9.990959E-01 8.983929E-04
8.003336E-01 2.412906E-06 9.990993E-01 8.982495E-04
8.013344E-01 1.823606E-06 9.990998E-01 8.983343E-04
8.023353E-01 4.940374E-06 9.990964E-01 8.986166E-04
8.033361E-01 7.332285E-06 9.990937E-01 8.989238E-04
8.043369E-01 5.664912E-06 9.990952E-01 8.991835E-04
8.053378E-01 2.473797E-06 9.990980E-01 8.995231E-04
8.063386E-01 2.483578E-06 9.990974E-01 9.000890E-04
8.073394E-01 5.843723E-06 9.990933E-01 9.008425E-04
8.083403E-01 7.925187E-06 9.990905E-01 9.016165E-04
8.093411E-01 5.917244E-06 9.990917E-01 9.023514E-04
8.103420E-01 2.823450E-06 9.990940E-01 9.031786E-04
8.113428E-01 3.197087E-06 9.990926E-01 9.042357E-04
8.123436E-01 6.683886E-06 9.990878E-01 9.054740E-04
8.133445E-01 8.524111E-06 9.990847E-01 9.067295E-04
8.143453E-01 6.291644E-06 9.990858E-01 9.079543E-04
8.153461E-01 3.326425E-06 9.990874E-01 9.092845E-04
8.163470E-01 4.010520E-06 9.990851E-01 9.108493E-04
8.173478E-01 7.574558E-06 9.990798E-01 9.125909E-04
8.183486E-01 9.187206E-06 9.990765E-01 9.143478E-04
8.193495E-01 6.780923E-06 9.990771E-01 9.160835E-04
8.203503E-01 3.969835E-06 9.990781E-01 9.179385E-04
8.213511E-01 4.945045E-06 9.990750E-01 9.200340E-04
8.223520E-01 8.560259E-06 9.990691E-01 9.223033E-04
8.233528E-01 9.953616E-06 9.990655E-01 9.245878E-04
8.243536E-01 7.409299E-06 9.990657E-01 9.268617E-04
8.253545E-01 4.774882E-06 9.990660E-01 9.292699E-04
8.263553E-01 6.030629E-06 9.990620E-01 9.319259E-04
8.273561E-01 9.677734E-06 9.990556E-01 9.347541E-04
8.283570E-01 1.085764E-05 9.990515E-01 9.375990E-04
8.293578E-01 8.205185E-06 9.990513E-01 9.404457E-04
8.303586E-01 5.769472E-06 9.990508E-01 9.434430E-04
8.313595E-01 7.301180E-06 9.990460E-01 9.466966E-04
8.323603E-01 1.096742E-05 9.990389E-01 9.501226E-04
8.333611E-01 1.194186E-05 9.990345E-01 9.535687E-04
8.343620E-01 9.210088E-06 9.990338E-01 9.570308E-04
8.353628E-01 6.995187E-06 9.990323E-01 9.606616E-04
8.363636E-01 8.801591E-06 9.990266E-01 9.645586E-04
8.373645E-01 1.247882E-05 9.990189E-01 9.686302E-04
8.383653E-01 1.325881E-05 9.990140E-01 9.727275E-04
8.393661E-01 1.047763E-05 9.990127E-01 9.768571E-04
8.403670E-01 8.506925E-06 9.990103E-01 9.811754E-04
8.413678E-01 1.058999E-05 9.990036E-01 9.857720E-04
8.423686E-01 1.427464E-05 9.989952E-01 9.905473E-04
8.433695E-01 1.487521E-05 9.989898E-01 9.953564E-04
8.443703E-01 1.207711E-05 9.989877E-01 1.000217E-03
8.453711E-01 1.037640E-05 9.989843E-01 1.005288E-03
8.463720E-01 1.274189E-05 9.989766E-01 1.010652E-03
8.473728E-01 1.643563E-05 9.989674E-01 1.016202E-03
8.483736E-01 1.687694E-05 9.989613E-01 1.021796E-03
8.493745E-01 1.409853E-05 9.989584E-01 1.027464E-03
8.503753E-01 1.269738E-05 9.989539E-01 1.033368E-03
8.513761E-01 1.535605E-05 9.989451E-01 1.039582E-03
8.523770E-01 1.906698E-05 9.989349E-01 1.045991E-03
8.533778E-01 1.937593E-05 9.989282E-01 1.052459E-03
8.543786E-01 1.665973E-05 9.989243E-01 1.059026E-03
8.553795E-01 1.559335E-05 9.989185E-01 1.065859E-03
8.563803E-01 1.856273E-05 9.989084E-01 1.073022E-03
8.573812E-01 2.230738E-05 9.988973E-01 1.080393E-03
8.583820E-01 2.251979E-05 9.988896E-01 1.087843E-03
8.593828E-01 1.991666E-05 9.988847E-01 1.095422E-03
8.603837E-01 1.922850E-05 9.988775E-01 1.103299E-03
8.613845E-01 2.253566E-05 9.988659E-01 1.111532E-03
8.623853E-01 2.634185E-05 9.988537E-01 1.119991E-03
8.633862E-01 2.650561E-05 9.988449E-01 1.128553E-03
8.643870E-01 2.407821E-05 9.988386E-01 1.137279E-03
8.653878E-01 2.382366E-05 9.988298E-01 1.146342E-03
8.663887E-01 2.750913E-05 9.988167E-01 1.155791E-03
8.673895E-01 3.142022E-05 9.988031E-01 1.165491E-03
8.683903E-01 3.159985E-05 9.987931E-01 1.175322E-03
8.693912E-01 2.942760E-05 9.987852E-01 1.185361E-03
8.703920E-01 2.967939E-05 9.987745E-01 1.195783E-03
8.713928E-01 3.380302E-05 9.987596E-01 1.206628E-03
8.723937E-01 3.788417E-05 9.987444E-01 1.217754E-03
8.733945E-01 3.816762E-05 9.987328E-01 1.229051E-03
8.743953E-01 3.635407E-05 9.987230E-01 1.240606E-03
8.753962E-01 3.721027E-05 9.987102E-01 1.252598E-03
8.763970E-01 4.185988E-05 9.986931E-01 1.265059E-03
8.773978E-01 4.620746E-05 9.986760E-01 1.277842E-03
8.783987E-01 4.671627E-05 9.986624E-01 1.290843E-03
8.793995E-01 4.540015E-05 9.986504E-01 1.304164E-03
8.804003E-01 4.699625E-05 9.986350E-01 1.317989E-03
8.814012E-01 5.230082E-05 9.986154E-01 1.332340E-03
8.824020E-01 5.705669E-05 9.985959E-01 1.347065E-03
8.834028E-01 5.796153E-05 9.985800E-01 1.362069E-03
8.844037E-01 5.733369E-05 9.985652E-01 1.377471E-03
8.854045E-01 5.986111E-05 9.985467E-01 1.393456E-03
8.864053E-01 6.601100E-05 9.985240E-01 1.410039E-03
8.874062E-01 7.138460E-05 9.985016E-01 1.427064E-03
8.884070E-01 7.292933E-05 9.984826E-01 1.444447E-03
8.894078E-01 7.325908E-05 9.984644E-01 1.462321E-03
8.904087E-01 7.699409E-05 9.984421E-01 1.480879E-03
8.914095E-01 8.427275E-05 9.984156E-01 1.500128E-03
8.924103E-01 9.057581E-05 9.983895E-01 1.519907E-03
8.934112E-01 9.311559E-05 9.983667E-01 1.540145E-03
8.944120E-01 9.479259E-05 9.983442E-01 1.560995E-03
8.954128E-01 1.001424E-04 9.983172E-01 1.582653E-03
8.964137E-01 1.089771E-04 9.982859E-01 1.605122E-03
8.974145E-01 1.166795E-04 9.982551E-01 1.628238E-03
8.984153E-01 1.207424E-04 9.982273E-01 1.651945E-03
8.994162E-01 1.243445E-04 9.981992E-01 1.676417E-03
9.004170E-01 1.319223E-04 9.981662E-01 1.701859E-03
9.014178E-01 1.429672E-04 9.981288E-01 1.728267E-03
9.024187E-01 1.527892E-04 9.980917E-01 1.755479E-03
9.034195E-01 1.591778E-04 9.980574E-01 1.783458E-03
9.044204E-01 1.655842E-04 9.980220E-01 1.812400E-03
9.054212E-01 1.763346E-04 9.979811E-01 1.842523E-03
9.064220E-01 1.906105E-04 9.979356E-01 1.873821E-03
9.074229E-01 2.036773E-04 9.978902E-01 1.906135E-03
9.084237E-01 2.136419E-04 9.978469E-01 1.939449E-03
9.094245E-01 2.242256E-04 9.978018E-01 1.973993E-03
9.104254E-01 2.396402E-04 9.977504E-01 2.010000E-03
9.114262E-01 2.587749E-04 9.976938E-01 2.047464E-03
9.124270E-01 2.768868E-04 9.976369E-01 2.086235E-03
9.134279E-01 2.924269E-04 9.975812E-01 2.126330E-03
9.144287E-01 3.093937E-04 9.975226E-01 2.168015E-03
9.154295E-01 3.318913E-04 9.974566E-01 2.211547E-03
9.164304E-01 3.585479E-04 9.973845E-01 2.256929E-03
9.174312E-01 3.846623E-04 9.973113E-01 2.304029E-03
9.184320E-01 4.090711E-04 9.972380E-01 2.352903E-03
9.194329E-01 4.360738E-04 9.971601E-01 2.403872E-03
9.204337E-01 4.696958E-04 9.970731E-01 2.457226E-03
9.214345E-01 5.083608E-04 9.969786E-01 2.512990E-03
9.224354E-01 5.474860E-04 9.968815E-01 2.571061E-03
9.234362E-01 5.863657E-04 9.967821E-01 2.631559E-03
9.244370E-01 6.296607E-04 9.966755E-01 2.694873E-03
9.254379E-01 6.813891E-04 9.965573E-01 2.761352E-03
9.264387E-01 7.398769E-04 9.964291E-01 2.831059E-03
9.274395E-01 8.007939E-04 9.962953E-01 2.903950E-03
9.284404E-01 8.640284E-04 9.961557E-01 2.980232E-03
9.294412E-01 9.347385E-04 9.960049E-01 3.060402E-03
9.304420E-01 1.017098E-03 9.958380E-01 3.144900E-03
9.314429E-01 1.109549E-03 9.956566E-01 3.233868E-03
9.324437E-01 1.208271E-03 9.954644E-01 3.327360E-03
9.334445E-01 1.314025E-03 9.952602E-01 3.425728E-03
9.344454E-01 1.432772E-03 9.950376E-01 3.529631E-03
9.354462E-01 1.569207E-03 9.947911E-01 3.639666E-03
9.364470E-01 1.722339E-03 9.945215E-01 3.756123E-03
9.374479E-01 1.889395E-03 9.942314E-01 3.879235E-03
9.384487E-01 2.072618E-03 9.939178E-01 4.009588E-03
9.394495E-01 2.279473E-03 9.935724E-01 4.148117E-03
9.404504E-01 2.516011E-03 9.931883E-01 4.295693E-03
9.414512E-01 2.782823E-03 9.927643E-01 4.452882E-03
9.424520E-01 3.079388E-03 9.923004E-01 4.620245E-03
9.434529E-01 3.410843E-03 9.917904E-01 4.798777E-03
9.444537E-01 3.787810E-03 9.912223E-01 4.989889E-03
9.454545E-01 4.219684E-03 9.905854E-01 5.194946E-03
9.464554E-01 4.711039E-03 9.898739E-01 5.415035E-03
9.474562E-01 5.266471E-03 9.890822E-01 5.651318E-03
9.484570E-01 5.897407E-03 9.881971E-01 5.905516E-03
9.494579E-01 6.621674E-03 9.871985E-01 6.179869E-03
9.504587E-01 7.456870E-03 9.860665E-01 6.476625E-03
9.514595E-01 8.417384E-03 9.847848E-01 6.797803E-03
9.524604E-01 9.519891E-03 9.833345E-01 7.145605E-03
9.534612E-01 1.079035E-02 9.816867E-01 7.522945E-03
9.544621E-01 1.226355E-02 9.798031E-01 7.933369E-03
9.554629E-01 1.397677E-02 9.776428E-01 8.380448E-03
9.564637E-01 1.596763E-02 9.751649E-01 8.867481E-03
9.574646E-01 1.828033E-02 9.723218E-01 9.397895E-03
9.584654E-01 2.097272E-02 9.690516E-01 9.975726E-03
9.594662E-01 2.411546E-02 9.652792E-01 1.060534E-02
9.604671E-01 2.778536E-02 9.609241E-01 1.129050E-02
9.614679E-01 3.206253E-02 9.559038E-01 1.203365E-02
9.624687E-01 3.703467E-02 9.501294E-01 1.283592E-02
9.634696E-01 4.280011E-02 9.435028E-01 1.369706E-02
9.644704E-01 4.946035E-02 9.359253E-01 1.461434E-02
9.654712E-01 5.710431E-02 9.273150E-01 1.558066E-02
9.664721E-01 6.579336E-02 9.176238E-01 1.658288E-02
9.674729E-01 7.555027E-02 9.068485E-01 1.760124E-02
9.684737E-01 8.634470E-02 8.950460E-01 1.860934E-02
9.694746E-01 9.807021E-02 8.823556E-01 1.957422E-02
9.704754E-01 1.105214E-01 8.690218E-01 2.045688E-02
9.714762E-01 1.233878E-01 8.553971E-01 2.121514E-02
9.724771E-01 1.362744E-01 8.419165E-01 2.180908E-02
9.734779E-01 1.487419E-01 8.290502E-01 2.220789E-02
9.744787E-01 1.603568E-01 8.172480E-01 2.239518E-02
9.754796E-01 1.707433E-01 8.068853E-01 2.237138E-02
9.764804E-01 1.796323E-01 7.982144E-01 2.215333E-02
9.774812E-01 1.868950E-01 7.913333E-01 2.177172E-02
9.784821E-01 1.925471E-01 7.861861E-01 2.126674E-02
9.794829E-01 1.967217E-01 7.825961E-01 2.068221E-02
9.804837E-01 1.996244E-01 7.803162E-01 2.005941E-02
9.814846E-01 2.014944E-01 7.790726E-01 1.943297E-02
9.824854E-01 2.025787E-01 7.785916E-01 1.882968E-02
9.834862E-01 2.031131E-01 7.786177E-01 1.826927E-02
9.844871E-01 2.033045E-01 7.789302E-01 1.776531E-02
9.854879E-01 2.033184E-01 7.793562E-01 1.732544E-02
9.864887E-01 2.032792E-01 7.797688E-01 1.695197E-02
9.874896E-01 2.032809E-01 7.800755E-01 1.664356E-02
9.884904E-01 2.033952E-01 7.802076E-01 1.639719E-02
9.894912E-01 2.036707E-01 7.801202E-01 1.620907E-02
9.904921E-01 2.041306E-01 7.797952E-01 1.607423E-02
9.914929E-01 2.047771E-01 7.792366E-01 1.598627E-02
9.924937E-01 2.056028E-01 7.784591E-01 1.593813E-02
9.934946E-01 2.065970E-01 7.774797E-01 1.592329E-02
9.944954E-01 2.077419E-01 7.763220E-01 1.593603E-02
9.954962E-01 2.090077E-01 7.750216E-01 1.597065E-02
9.964971E-01 2.103561E-01 7.736231E-01 1.602086E-02
9.974979E-01 2.117504E-01 7.721691E-01 1.608050E-02
9.984987E-01 2.131612E-01 7.706942E-01 1.614467E-02
9.994996E-01 2.145610E-01 7.692290E-01 1.620997E-02
1.000500E+00 2.159191E-01 7.678073E-01 1.627365E-02
1.001501E+00 2.172055E-01 7.664615E-01 1.633306E-02
1.002502E+00 2.184018E-01 7.652118E-01 1.638639E-02
1.003503E+00 2.195055E-01 7.640606E-01 1.643390E-02
1.004504E+00 2.205232E-01 7.629989E-01 1.647794E-02
1.005505E+00 2.214639E-01 7.620141E-01 1.652200E-02
1.006505E+00 2.223427E-01 7.610873E-01 1.656998E-02
1.007506E+00 2.231903E-01 7.601828E-01 1.662697E-02
1.008507E+00 2.240547E-01 7.592450E-01 1.670029E-02
1.009508E+00 2.249926E-01 7.582079E-01 1.679946E-02
1.010509E+00 2.260601E-01 7.570050E-01 1.693493E-02
1.011510E+00 2.273163E-01 7.555662E-01 1.711751E-02
1.012510E+00 2.288335E-01 7.538071E-01 1.735934E-02
1.013511E+00 2.306982E-01 7.516266E-01 1.767523E-02
1.014512E+00 2.330001E-01 7.489173E-01 1.808263E-02
1.015513E+00 2.358240E-01 7.455754E-01 1.860054E-02
1.016514E+00 2.392545E-01 7.414961E-01 1.924938E-02
1.017515E+00 2.433866E-01 7.365608E-01 2.005258E-02
1.018515E+00 2.483250E-01 7.306366E-01 2.103840E-02
1.019516E+00 2.541678E-01 7.235925E-01 2.223973E-02
1.020517E+00 2.609916E-01 7.153159E-01 2.369254E-02
1.021518E+00 2.688479E-01 7.057167E-01 2.543533E-02
1.022519E+00 2.777580E-01 6.947325E-01 2.750948E-02
1.023520E+00 2.876831E-01 6.823592E-01 2.995767E-02
1.024520E+00 2.984662E-01 6.687170E-01 3.281672E-02
1.025521E+00 3.097648E-01 6.541301E-01 3.610509E-02
1.026522E+00 3.209882E-01 6.392050E-01 3.980681E-02
1.027523E+00 3.312374E-01 6.249112E-01 4.385147E-02
1.028524E+00 3.392525E-01 6.126591E-01 4.808844E-02
1.029525E+00 3.434358E-01 6.043023E-01 5.226197E-02
1.030525E+00 3.420525E-01 6.019395E-01 5.600803E-02
1.031526E+00 3.336526E-01 6.074493E-01 5.889807E-02
1.032527E+00 3.175963E-01 6.218689E-01 6.053485E-02
1.033528E+00 2.944268E-01 6.449040E-01 6.066917E-02
1.034529E+00 2.658592E-01 6.748591E-01 5.928173E-02
1.035530E+00 2.343454E-01 7.090685E-01 5.658609E-02
1.036530E+00 2.024215E-01 7.446263E-01 5.295219E-02
1.037531E+00 1.721387E-01 7.790680E-01 4.879327E-02
1.038532E+00 1.447918E-01 8.107376E-01 4.447056E-02
1.039533E+00 1.209535E-01 8.387998E-01 4.024677E-02
1.040534E+00 1.006784E-01 8.630369E-01 3.628471E-02
1.041535E+00 8.372187E-02 8.836099E-01 3.266827E-02
1.042535E+00 6.969512E-02 9.008786E-01 2.942631E-02
1.043536E+00 5.816023E-02 9.152876E-01 2.655220E-02
1.044537E+00 4.869131E-02 9.272893E-01 2.401942E-02
1.045538E+00 4.091366E-02 9.372928E-01 2.179355E-02
1.046539E+00 3.451755E-02 9.456432E-01 1.983922E-02
1.047540E+00 2.924965E-02 9.526277E-01 1.812265E-02
1.048540E+00 2.489796E-02 9.584899E-01 1.661211E-02
1.049541E+00 2.128492E-02 9.634363E-01 1.527882E-02
1.050542E+00 1.826861E-02 9.676332E-01 1.409820E-02
1.051543E+00 1.574134E-02 9.712089E-01 1.304980E-02
1.052544E+00 1.361983E-02 9.742640E-01 1.211614E-02
1.053545E+00 1.183322E-02 9.768852E-01 1.128161E-02
1.054545E+00 1.031885E-02 9.791485E-01 1.053263E-02
1.055546E+00 9.026044E-03 9.811159E-01 9.858085E-03
1.056547E+00 7.918989E-03 9.828320E-01 9.249043E-03
1.057548E+00 6.971932E-03 9.843304E-01 8.697713E-03
1.058549E+00 6.160824E-03 9.856423E-01 8.196844E-03
1.059550E+00 5.460591E-03 9.867993E-01 7.740061E-03
1.060550E+00 4.850034E-03 9.878276E-01 7.322348E-03
1.061551E+00 4.316529E-03 9.887437E-01 6.939766E-03
1.062552E+00 3.853281E-03 9.895581E-01 6.588664E-03
1.063553E+00 3.452073E-03 9.902826E-01 6.265369E-03
1.064554E+00 3.100676E-03 9.909327E-01 5.966636E-03
1.065555E+00 2.787952E-03 9.915220E-01 5.690090E-03
1.066555E+00 2.509332E-03 9.920567E-01 5.433938E-03
1.067556E+00 2.264887E-03 9.925388E-01 5.196318E-03
1.068557E+00 2.052294E-03 9.929726E-01 4.975151E-03
1.069558E+00 1.864086E-03 9.933673E-01 4.768636E-03
1.070559E+00 1.692839E-03 9.937315E-01 4.575613E-03
1.071560E+00 1.537094E-03 9.940676E-01 4.395265E-03
1.072560E+00 1.399724E-03 9.943737E-01 4.226550E-03
1.073561E+00 1.280815E-03 9.946510E-01 4.068159E-03
1.074562E+00 1.174754E-03 9.949062E-01 3.919009E-03
1.075563E+00 1.075573E-03 9.951459E-01 3.778547E-03
1.076564E+00 9.831795E-04 9.953704E-01 3.646425E-03
1.077565E+00 9.017673E-04 9.955762E-01 3.522001E-03
1.078565E+00 8.324646E-04 9.957632E-01 3.404366E-03
1.079566E+00 7.703494E-04 9.959368E-01 3.292829E-03
1.080567E+00 7.100435E-04 9.961028E-01 3.187160E-03
1.081568E+00 6.521767E-04 9.962606E-01 3.087247E-03
1.082569E+00 6.016722E-04 9.964057E-01 2.992652E-03
1.083570E+00 5.601044E-04 9.965372E-01 2.902692E-03
1.084570E+00 5.227265E-04 9.966604E-01 2.816904E-03
1.085571E+00 4.843995E-04 9.967804E-01 2.735243E-03
1.086572E+00 4.462369E-04 9.968960E-01 2.657717E-03
1.087573E+00 4.136385E-04 9.970024E-01 2.583999E-03
1.088574E+00 3.883290E-04 9.970981E-01 2.513538E-03
1.089575E+00 3.654849E-04 9.971885E-01 2.446018E-03
1.090575E+00 3.400663E-04 9.972784E-01 2.381501E-03
1.091576E+00 3.135899E-04 9.973663E-01 2.320062E-03
1.092577E+00 2.918148E-04 9.974468E-01 2.261428E-03
1.093578E+00 2.764489E-04 9.975184E-01 2.205135E-03
1.094579E+00 2.624569E-04 9.975866E-01 2.150966E-03
1.095580E+00 2.448490E-04 9.976561E-01 2.099051E-03
1.096580E+00 2.255311E-04 9.977250E-01 2.049496E-03
1.097581E+00 2.105600E-04 9.977874E-01 2.002057E-03
1.098582E+00 2.015182E-04 9.978422E-01 1.956329E-03
1.099583E+00 1.930809E-04 9.978948E-01 1.912166E-03
1.100584E+00 1.803020E-04 9.979500E-01 1.869742E-03
1.101585E+00 1.654902E-04 9.980053E-01 1.829176E-03
1.102585E+00 1.549619E-04 9.980548E-01 1.790237E-03
1.103586E+00 1.500950E-04 9.980973E-01 1.752564E-03
1.104587E+00 1.452264E-04 9.981387E-01 1.716063E-03
1.105588E+00 1.354693E-04 9.981836E-01 1.680939E-03
1.106589E+00 1.235606E-04 9.982291E-01 1.647310E-03
1.107590E+00 1.160477E-04 9.982690E-01 1.614953E-03
1.108590E+00 1.140384E-04 9.983024E-01 1.583538E-03
1.109591E+00 1.115007E-04 9.983355E-01 1.553014E-03
1.110592E+00 1.036350E-04 9.983728E-01 1.523606E-03
1.111593E+00 9.363501E-05 9.984109E-01 1.495427E-03
1.112594E+00 8.825385E-05 9.984435E-01 1.468254E-03
1.113595E+00 8.827154E-05 9.984699E-01 1.441783E-03
1.114595E+00 8.726801E-05 9.984967E-01 1.415997E-03
1.115596E+00 8.056529E-05 9.985283E-01 1.391136E-03
1.116597E+00 7.184426E-05 9.985609E-01 1.367306E-03
1.117598E+00 6.803745E-05 9.985877E-01 1.344277E-03
1.118599E+00 6.954437E-05 9.986087E-01 1.321767E-03
1.119600E+00 6.954498E-05 9.986307E-01 1.299793E-03
1.120601E+00 6.352309E-05 9.986579E-01 1.278602E-03
1.121601E+00 5.567583E-05 9.986860E-01 1.258287E-03
1.122602E+00 5.308704E-05 9.987083E-01 1.238615E-03
1.123603E+00 5.572544E-05 9.987250E-01 1.219323E-03
1.124604E+00 5.636564E-05 9.987432E-01 1.200452E-03
1.125605E+00 5.069686E-05 9.987670E-01 1.182259E-03
1.126606E+00 4.346006E-05 9.987917E-01 1.164823E-03
1.127606E+00 4.185959E-05 9.988102E-01 1.147902E-03
1.128607E+00 4.538473E-05 9.988234E-01 1.131252E-03
1.129608E+00 4.640473E-05 9.988387E-01 1.114940E-03
1.130609E+00 4.086094E-05 9.988599E-01 1.099224E-03
1.131610E+00 3.406374E-05 9.988818E-01 1.084170E-03
1.132611E+00 3.330401E-05 9.988972E-01 1.069529E-03
1.133611E+00 3.754421E-05 9.989074E-01 1.055072E-03
1.134612E+00 3.875298E-05 9.989204E-01 1.040889E-03
1.135613E+00 3.317330E-05 9.989396E-01 1.027242E-03
1.136614E+00 2.670812E-05 9.989591E-01 1.014179E-03
1.137615E+00 2.669747E-05 9.989719E-01 1.001445E-03
1.138616E+00 3.153031E-05 9.989796E-01 9.888255E-04
1.139616E+00 3.278395E-05 9.989908E-01 9.764323E-04
1.140617E+00 2.705471E-05 9.990084E-01 9.645294E-04
1.141618E+00 2.085857E-05 9.990260E-01 9.531466E-04
1.142619E+00 2.154358E-05 9.990364E-01 9.420216E-04
1.143620E+00 2.687920E-05 9.990422E-01 9.309559E-04
1.144621E+00 2.806493E-05 9.990519E-01 9.200809E-04
1.145621E+00 2.210444E-05 9.990682E-01 9.096610E-04
1.146622E+00 1.614439E-05 9.990841E-01 8.997082E-04
1.147623E+00 1.749600E-05 9.990926E-01 8.899527E-04
1.148624E+00 2.326408E-05 9.990965E-01 8.802110E-04
1.149625E+00 2.428841E-05 9.991051E-01 8.706346E-04
1.150626E+00 1.803611E-05 9.991205E-01 8.614865E-04
1.151626E+00 1.229932E-05 9.991349E-01 8.527607E-04
1.152627E+00 1.430396E-05 9.991415E-01 8.441795E-04
1.153628E+00 2.044598E-05 9.991440E-01 8.355750E-04
1.154629E+00 2.122798E-05 9.991517E-01 8.271179E-04
1.155630E+00 1.463860E-05 9.991663E-01 8.190692E-04
1.156631E+00 9.127115E-06 9.991795E-01 8.114041E-04
1.157631E+00 1.178195E-05 9.991844E-01 8.038372E-04
1.158632E+00 1.824701E-05 9.991855E-01 7.962166E-04
1.159633E+00 1.871471E-05 9.991926E-01 7.887317E-04
1.160634E+00 1.175505E-05 9.992066E-01 7.816406E-04
1.161635E+00 6.482547E-06 9.992186E-01 7.748991E-04
1.162636E+00 9.792313E-06 9.992220E-01 7.682144E-04
1.163636E+00 1.653438E-05 9.992220E-01 7.614510E-04
1.164637E+00 1.662247E-05 9.992286E-01 7.548167E-04
1.165638E+00 9.268979E-06 9.992422E-01 7.485659E-04
1.166639E+00 4.258273E-06 9.992531E-01 7.426342E-04
1.167640E+00 8.232850E-06 9.992550E-01 7.367220E-04
1.168641E+00 1.520877E-05 9.992541E-01 7.307104E-04
1.169641E+00 1.485689E-05 9.992603E-01 7.248258E-04
1.170642E+00 7.093951E-06 9.992736E-01 7.193177E-04
1.171643E+00 2.374773E-06 9.992835E-01 7.141011E-04
1.172644E+00 7.027103E-06 9.992841E-01 7.088694E-04
1.173645E+00 1.419523E-05 9.992823E-01 7.035216E-04
1.174646E+00 1.334719E-05 9.992884E-01 6.983025E-04
1.175646E+00 5.165731E-06 9.993014E-01 6.934556E-04
1.176647E+00 7.726031E-07 9.993104E-01 6.888745E-04
1.177648E+00 6.116828E-06 9.993096E-01 6.842465E-04
1.178649E+00 1.343657E-05 9.993071E-01 6.794887E-04
1.179650E+00 1.204046E-05 9.993131E-01 6.748645E-04
1.180651E+00 3.436876E-06 9.993260E-01 6.706105E-04
1.181651E+00 -5.936530E-07 9.993340E-01 6.665982E-04
1.182652E+00 5.455672E-06 9.993320E-01 6.625087E-04
1.183653E+00 1.288820E-05 9.993288E-01 6.582788E-04
1.184654E+00 1.089847E-05 9.993349E-01 6.541904E-04
1.185655E+00 1.873650E-06 9.993477E-01 6.504720E-04
1.186656E+00 -1.760806E-06 9.993548E-01 6.469720E-04
1.187656E+00 5.002125E-06 9.993516E-01 6.433661E-04
1.188657E+00 1.251383E-05 9.993479E-01 6.396118E-04
1.189658E+00 9.898480E-06 9.993541E-01 6.360094E-04
1.190659E+00 4.569602E-07 9.993668E-01 6.327785E-04
1.191660E+00 -2.764455E-06 9.993730E-01 6.297432E-04
1.192661E+00 4.704673E-06 9.993687E-01 6.265743E-04
1.193661E+00 1.227860E-05 9.993645E-01 6.232512E-04
1.194662E+00 9.046953E-06 9.993709E-01 6.200934E-04
1.195663E+00 -8.007377E-07 9.993835E-01 6.173100E-04
1.196664E+00 -3.661656E-06 9.993890E-01 6.146995E-04
1.197665E+00 4.429588E-06 9.993836E-01 6.119279E-04
1.198666E+00 1.210883E-05 9.993789E-01 6.089983E-04
1.199666E+00 8.487828E-06 9.993853E-01 6.062507E-04
1.200667E+00 -1.676183E-06 9.993978E-01 6.038836E-04
1.201668E+00 -4.814616E-06 9.994031E-01 6.016683E-04
1.202669E+00 2.260599E-06 9.993985E-01 5.992629E-04
1.203670E+00 8.008455E-06 9.993953E-01 5.966917E-04
1.204671E+00 2.886469E-06 9.994028E-01 5.943139E-04
1.205671E+00 -6.661564E-06 9.994143E-01 5.923199E-04
1.206672E+00 -7.147377E-06 9.994167E-01 5.904602E-04
1.207673E+00 2.512690E-06 9.994091E-01 5.883923E-04
1.208674E+00 8.867571E-06 9.994050E-01 5.861633E-04
1.209675E+00 2.720915E-06 9.994131E-01 5.841467E-04
1.210676E+00 -7.550983E-06 9.994250E-01 5.825152E-04
1.211676E+00 -7.437928E-06 9.994264E-01 5.809921E-04
1.212677E+00 3.163940E-06 9.994176E-01 5.792360E-04
1.213678E+00 9.419511E-06 9.994133E-01 5.773228E-04
1.214679E+00 2.318910E-06 9.994220E-01 5.756438E-04
1.215680E+00 -8.343027E-06 9.994340E-01 5.743542E-04
1.216681E+00 -7.469754E-06 9.994343E-01 5.731480E-04
1.217681E+00 3.961758E-06 9.994244E-01 5.716838E-04
1.218682E+00 9.924281E-06 9.994200E-01 5.700681E-04
1.219683E+00 1.820233E-06 9.994295E-01 5.687105E-04
1.220684E+00 -9.112251E-06 9.994414E-01 5.677468E-04
1.221685E+00 -7.360811E-06 9.994405E-01 5.668408E-04
1.222686E+00 4.870308E-06 9.994295E-01 5.656523E-04
1.223686E+00 1.041201E-05 9.994253E-01 5.643197E-04
1.224687E+00 1.248986E-06 9.994355E-01 5.632710E-04
1.225688E+00 -9.870622E-06 9.994472E-01 5.626210E-04
1.226689E+00 -7.137336E-06 9.994451E-01 5.620017E-04
1.227690E+00 5.875881E-06 9.994330E-01 5.610755E-04
1.228691E+00 1.088350E-05 9.994291E-01 5.600149E-04
1.229691E+00 6.076103E-07 9.994401E-01 5.592663E-04
1.230692E+00 -1.062157E-05 9.994517E-01 5.589209E-04
1.231693E+00 -6.806852E-06 9.994482E-01 5.585776E-04
1.232694E+00 6.970395E-06 9.994351E-01 5.579033E-04
1.233695E+00 1.133179E-05 9.994316E-01 5.571066E-04
1.234696E+00 -1.082765E-07 9.994435E-01 5.566523E-04
1.235696E+00 -1.136647E-05 9.994548E-01 5.566052E-04
1.236697E+00 -6.371013E-06 9.994498E-01 5.565301E-04
1.237698E+00 8.147471E-06 9.994358E-01 5.560996E-04
1.238699E+00 1.174672E-05 9.994327E-01 5.555616E-04
1.239700E+00 -9.059107E-07 9.994455E-01 5.553987E-04
1.240701E+00 -1.210587E-05 9.994565E-01 5.556465E-04
1.241701E+00 -5.829032E-06 9.994500E-01 5.558339E-04
1.242702E+00 9.401165E-06 9.994350E-01 5.556418E-04
1.243703E+00 1.211629E-05 9.994325E-01 5.553601E-04
1.244704E+00 -1.793931E-06 9.994463E-01 5.554885E-04
1.245705E+00 -1.283964E-05 9.994568E-01 5.560304E-04
1.246706E+00 -5.178775E-06 9.994487E-01 5.564772E-04
1.247706E+00 1.072551E-05 9.994328E-01 5.565204E-04
1.248707E+00 1.242720E-05 9.994311E-01 5.564950E-04
1.249708E+00 -2.781698E-06 9.994459E-01 5.569174E-04
1.250709E+00 -1.356694E-05 9.994558E-01 5.577551E-04
1.251710E+00 -4.417101E-06 9.994460E-01 5.584604E-04
1.252711E+00 1.211436E-05 9.994291E-01 5.587381E-04
1.253711E+00 1.266515E-05 9.994284E-01 5.589717E-04
1.254712E+00 -3.878877E-06 9.994442E-01 5.596938E-04
1.255713E+00 -1.428596E-05 9.994535E-01 5.608315E-04
1.256714E+00 -3.539920E-06 9.994417E-01 5.617965E-04
1.257715E+00 1.356133E-05 9.994241E-01 5.623102E-04
1.258716E+00 1.281493E-05 9.994244E-01 5.628085E-04
1.259716E+00 -5.095137E-06 9.994413E-01 5.638386E-04
1.260717E+00 -1.499375E-05 9.994497E-01 5.652831E-04
1.261718E+00 -2.542126E-06 9.994360E-01 5.665113E-04
1.262719E+00 1.505982E-05 9.994177E-01 5.672650E-04
1.263720E+00 1.286061E-05 9.994191E-01 5.680361E-04
1.264721E+00 -6.439908E-06 9.994371E-01 5.693855E-04
1.265721E+00 -1.568592E-05 9.994445E-01 5.711464E-04
1.266722E+00 -1.417487E-06 9.994288E-01 5.726437E-04
1.267723E+00 1.660303E-05 9.994098E-01 5.736436E-04
1.268724E+00 1.278559E-05 9.994125E-01 5.746988E-04
1.269725E+00 -7.922170E-06 9.994315E-01 5.763822E-04
1.270726E+00 -1.635647E-05 9.994379E-01 5.784717E-04
1.271726E+00 -1.585219E-07 9.994199E-01 5.802463E-04
1.272727E+00 1.818393E-05 9.994003E-01 5.815014E-04
1.273728E+00 1.257260E-05 9.994046E-01 5.828552E-04
1.274729E+00 -9.550265E-06 9.994247E-01 5.848904E-04
1.275730E+00 -1.699745E-05 9.994297E-01 5.873237E-04
1.276731E+00 1.243629E-06 9.994094E-01 5.893864E-04
1.277731E+00 1.979529E-05 9.993893E-01 5.909085E-04
1.278732E+00 1.220374E-05 9.993952E-01 5.925788E-04
1.279733E+00 -1.133172E-05 9.994163E-01 5.949876E-04
1.280734E+00 -1.759877E-05 9.994198E-01 5.977831E-04
1.281735E+00 2.799338E-06 9.993971E-01 6.001475E-04
1.282736E+00 2.142959E-05 9.993766E-01 6.019514E-04
1.283736E+00 1.166047E-05 9.993844E-01 6.039600E-04
1.284737E+00 -1.327306E-05 9.994065E-01 6.067682E-04
1.285738E+00 -1.814790E-05 9.994082E-01 6.099480E-04
1.286739E+00 4.520614E-06 9.993828E-01 6.126306E-04
1.287740E+00 2.307898E-05 9.993622E-01 6.147347E-04
1.288741E+00 1.092356E-05 9.993720E-01 6.171077E-04
1.289741E+00 -1.537967E-05 9.993950E-01 6.203456E-04
1.290742E+00 -1.862960E-05 9.993947E-01 6.239356E-04
1.291743E+00 6.421215E-06 9.993666E-01 6.269564E-04
1.292744E+00 2.473519E-05 9.993459E-01 6.293829E-04
1.293745E+00 9.972980E-06 9.993579E-01 6.321515E-04
1.294746E+00 -1.765559E-05 9.993818E-01 6.358546E-04
1.295746E+00 -1.902567E-05 9.993791E-01 6.398852E-04
1.296747E+00 8.516725E-06 9.993482E-01 6.432680E-04
1.297748E+00 2.638932E-05 9.993276E-01 6.460435E-04
1.298749E+00 8.787794E-06 9.993420E-01 6.492444E-04
1.299750E+00 -2.010343E-05 9.993666E-01 6.534542E-04
1.300751E+00 -1.931464E-05 9.993614E-01 6.579606E-04
1.301751E+00 1.082460E-05 9.993274E-01 6.617337E-04
1.302752E+00 2.803161E-05 9.993071E-01 6.648899E-04
1.303753E+00 7.345995E-06 9.993241E-01 6.685662E-04
1.304754E+00 -2.272410E-05 9.993494E-01 6.733309E-04
1.305755E+00 -1.947132E-05 9.993411E-01 6.783543E-04
1.306756E+00 1.336437E-05 9.993041E-01 6.825507E-04
1.307756E+00 2.965097E-05 9.992842E-01 6.861254E-04
1.308757E+00 5.623415E-06 9.993040E-01 6.903279E-04
1.309758E+00 -2.551809E-05 9.993298E-01 6.957036E-04
1.310759E+00 -1.946804E-05 9.993182E-01 7.012916E-04
1.311760E+00 1.615678E-05 9.992779E-01 7.059505E-04
1.312761E+00 3.123537E-05 9.992588E-01 7.099882E-04
1.313761E+00 3.596120E-06 9.992816E-01 7.147764E-04
1.314762E+00 -2.848151E-05 9.993077E-01 7.208282E-04
1.315763E+00 -1.927075E-05 9.992922E-01 7.270364E-04
1.316764E+00 1.922543E-05 9.992486E-01 7.322035E-04
1.317765E+00 3.277005E-05 9.992305E-01 7.367571E-04
1.318766E+00 1.236014E-06 9.992566E-01 7.422010E-04
1.319766E+00 -3.161100E-05 9.992826E-01 7.490049E-04
1.320767E+00 -1.884274E-05 9.992629E-01 7.558974E-04
1.321768E+00 2.259513E-05 9.992158E-01 7.616268E-04
1.322769E+00 3.423816E-05 9.991990E-01 7.667591E-04
1.323770E+00 -1.486576E-06 9.992285E-01 7.729408E-04
1.324771E+00 -3.490030E-05 9.992543E-01 7.805852E-04
1.325771E+00 -1.814199E-05 9.992299E-01 7.882373E-04
1.326772E+00 2.629257E-05 9.991791E-01 7.945925E-04
1.327773E+00 3.561960E-05 9.991640E-01 8.003777E-04
1.328774E+00 -4.604551E-06 9.991972E-01 8.073943E-04
1.329775E+00 -3.834117E-05 9.992224E-01 8.159827E-04
1.330776E+00 -1.712127E-05 9.991926E-01 8.244820E-04
1.331776E+00 3.034609E-05 9.991381E-01 8.315383E-04
1.332777E+00 3.689028E-05 9.991250E-01 8.380650E-04
1.333778E+00 -8.154602E-06 9.991621E-01 8.460310E-04
1.334779E+00 -4.192314E-05 9.991862E-01 8.556848E-04
1.335780E+00 -1.572767E-05 9.991506E-01 8.651342E-04
1.336781E+00 3.478552E-05 9.990922E-01 8.729808E-04
1.337781E+00 3.802122E-05 9.990816E-01 8.803547E-04
1.338782E+00 -1.217799E-05 9.991228E-01 8.894059E-04
1.339783E+00 -4.563343E-05 9.991454E-01 9.002680E-04
1.340784E+00 -1.390205E-05 9.991031E-01 9.107888E-04
1.341785E+00 3.964200E-05 9.990408E-01 9.195319E-04
1.342786E+00 3.897744E-05 9.990331E-01 9.278795E-04
1.343786E+00 -1.672144E-05 9.990785E-01 9.381779E-04
1.344787E+00 -4.945670E-05 9.990990E-01 9.504174E-04
1.345788E+00 -1.157825E-05 9.990494E-01 9.621528E-04
1.346789E+00 4.494785E-05 9.989831E-01 9.719197E-04
1.347790E+00 3.971664E-05 9.989789E-01 9.813936E-04
1.348791E+00 -2.183826E-05 9.990287E-01 9.931326E-04
1.349791E+00 -5.337476E-05 9.990464E-01 1.006951E-03
1.350792E+00 -8.682248E-06 9.989886E-01 1.020071E-03
1.351793E+00 5.073643E-05 9.989182E-01 1.031015E-03
1.352794E+00 4.018775E-05 9.989180E-01 1.041799E-03
1.353795E+00 -2.758949E-05 9.989724E-01 1.055212E-03
1.354796E+00 -5.736620E-05 9.989865E-01 1.070848E-03
1.355796E+00 -5.130937E-06 9.989196E-01 1.085559E-03
1.356797E+00 5.704197E-05 9.988451E-01 1.097865E-03
1.357798E+00 4.032914E-05 9.988495E-01 1.110184E-03
1.358799E+00 -3.404546E-05 9.989085E-01 1.125551E-03
1.359800E+00 -6.140583E-05 9.989181E-01 1.143295E-03
1.360801E+00 -8.307123E-07 9.988410E-01 1.159841E-03
1.361802E+00 6.389956E-05 9.987624E-01 1.173735E-03
1.362802E+00 4.006646E-05 9.987721E-01 1.187864E-03
1.363803E+00 -4.128743E-05 9.988358E-01 1.205528E-03
1.364804E+00 -6.546400E-05 9.988397E-01 1.225729E-03
1.365805E+00 4.324456E-06 9.987513E-01 1.244409E-03
1.366806E+00 7.134506E-05 9.986685E-01 1.260169E-03
1.367807E+00 3.931022E-05 9.986842E-01 1.276446E-03
1.368807E+00 -4.940973E-05 9.987526E-01 1.296827E-03
1.369808E+00 -6.950554E-05 9.987496E-01 1.319910E-03
1.370809E+00 1.045556E-05 9.986485E-01 1.341089E-03
1.371810E+00 7.941540E-05 9.985615E-01 1.359060E-03
1.372811E+00 3.795279E-05 9.985841E-01 1.377904E-03
1.373812E+00 -5.852200E-05 9.986570E-01 1.401519E-03
1.374812E+00 -7.348827E-05 9.986455E-01 1.428009E-03
1.375813E+00 1.770199E-05 9.985302E-01 1.452139E-03
1.376814E+00 8.814905E-05 9.984391E-01 1.472748E-03
1.377815E+00 3.586505E-05 9.984694E-01 1.494687E-03
1.378816E+00 -6.875198E-05 9.985466E-01 1.522180E-03
1.379817E+00 -7.736083E-05 9.985246E-01 1.552724E-03
1.380817E+00 2.622621E-05 9.983934E-01 1.580367E-03
1.381818E+00 9.758706E-05 9.982983E-01 1.604156E-03
1.382819E+00 3.289231E-05 9.983373E-01 1.629853E-03
1.383820E+00 -8.024873E-05 9.984182E-01 1.662033E-03
1.384821E+00 -8.105972E-05 9.983836E-01 1.697446E-03
1.385822E+00 3.622000E-05 9.982345E-01 1.729308E-03
1.386822E+00 1.077747E-04 9.981353E-01 1.756966E-03
1.387823E+00 2.884929E-05 9.981839E-01 1.787269E-03
1.388824E+00 -9.318676E-05 9.982680E-01 1.825162E-03
1.389825E+00 -8.450538E-05 9.982180E-01 1.866470E-03
1.390826E+00 4.791270E-05 9.980486E-01 1.903453E-03
1.391827E+00 1.187635E-04 9.979454E-01 1.935868E-03
1.392827E+00 2.351361E-05 9.980046E-01 1.971870E-03
1.393828E+00 -1.077715E-04 9.980910E-01 2.016792E-03
1.394829E+00 -8.759710E-05 9.980223E-01 2.065313E-03
1.395830E+00 6.158211E-05 9.978298E-01 2.108577E-03
1.396831E+00 1.306145E-04 9.977225E-01 2.146907E-03
1.397832E+00 1.661704E-05 9.977933E-01 2.190035E-03
1.398832E+00 -1.242468E-04 9.978806E-01 2.243694E-03
1.399833E+00 -9.020684E-05 9.977891E-01 2.301135E-03
1.400834E+00 7.756863E-05 9.975702E-01 2.352200E-03
1.401835E+00 1.434017E-04 9.974586E-01 2.397977E-03
1.402836E+00 7.833238E-06 9.975420E-01 2.450118E-03
1.403837E+00 -1.429062E-04 9.976281E-01 2.514765E-03
1.404837E+00 -9.217146E-05 9.975088E-01 2.583373E-03
1.405838E+00 9.629409E-05 9.972594E-01 2.644257E-03
1.406839E+00 1.572172E-04 9.971432E-01 2.699538E-03
1.407840E+00 -3.239437E-06 9.972400E-01 2.763227E-03
1.408841E+00 -1.641091E-04 9.973222E-01 2.841869E-03
1.409842E+00 -9.328304E-05 9.971686E-01 2.924651E-03
1.410842E+00 1.182873E-04 9.968836E-01 2.998079E-03
1.411843E+00 1.721772E-04 9.967621E-01 3.065676E-03
1.412844E+00 -1.710237E-05 9.968727E-01 3.144376E-03
1.413845E+00 -1.883040E-04 9.969472E-01 3.241103E-03
1.414846E+00 -9.327638E-05 9.967511E-01 3.342157E-03
1.415847E+00 1.442198E-04 9.964239E-01 3.431886E-03
1.416847E+00 1.884324E-04 9.962959E-01 3.515713E-03
1.417848E+00 -3.439161E-05 9.964201E-01 3.614244E-03
1.418849E+00 -2.160633E-04 9.964813E-01 3.734734E-03
1.419850E+00 -9.181168E-05 9.962321E-01 3.859760E-03
1.420851E+00 1.749580E-04 9.958540E-01 3.971078E-03
1.421852E+00 2.061828E-04 9.957171E-01 4.076712E-03
1.422852E+00 -5.592770E-05 9.958540E-01 4.201933E-03
1.423853E+00 -2.481352E-04 9.958939E-01 4.354240E-03
1.424854E+00 -8.845128E-05 9.955771E-01 4.511365E-03
1.425855E+00 2.116402E-04 9.951365E-01 4.651908E-03
1.426856E+00 2.257031E-04 9.949868E-01 4.787486E-03
1.427857E+00 -8.278981E-05 9.951334E-01 4.949407E-03
1.428857E+00 -2.855234E-04 9.951403E-01 5.145261E-03
1.429858E+00 -8.262526E-05 9.947362E-01 5.346386E-03
1.430859E+00 2.557959E-04 9.942167E-01 5.527500E-03
1.431860E+00 2.473855E-04 9.940474E-01 5.705254E-03
1.432861E+00 -1.164265E-04 9.941975E-01 5.918910E-03
1.433862E+00 -3.296127E-04 9.941537E-01 6.175924E-03
1.434862E+00 -7.358266E-05 9.936345E-01 6.439049E-03
1.435863E+00 3.095351E-04 9.930123E-01 6.678167E-03
1.436864E+00 2.718159E-04 9.928111E-01 6.917106E-03
1.437865E+00 -1.588289E-04 9.929529E-01 7.205879E-03
1.438866E+00 -3.823781E-04 9.928309E-01 7.551456E-03
1.439867E+00 -6.032050E-05 9.921555E-01 7.904851E-03
1.440867E+00 3.758601E-04 9.913943E-01 8.229833E-03
1.441868E+00 2.999126E-04 9.911394E-01 8.560712E-03
1.442869E+00 -2.128089E-04 9.912503E-01 8.962482E-03
1.443870E+00 -4.467443E-04 9.910056E-01 9.441117E-03
1.444871E+00 -4.148183E-05 9.901102E-01 9.931234E-03
1.445872E+00 4.592010E-04 9.891520E-01 1.038875E-02
1.446872E+00 3.331954E-04 9.888030E-01 1.086380E-02
1.447873E+00 -2.824669E-04 9.888394E-01 1.144305E-02
1.448874E+00 -5.272454E-04 9.883964E-01 1.213085E-02
1.449875E+00 -1.521507E-05 9.871769E-01 1.283832E-02
1.450876E+00 5.663857E-04 9.859224E-01 1.351120E-02
1.451877E+00 3.743395E-04 9.854012E-01 1.422448E-02
1.452877E+00 -3.740093E-04 9.852761E-01 1.509793E-02
1.453878E+00 -6.313087E-04 9.844976E-01 1.613373E-02
1.454879E+00 2.099206E-05 9.827706E-01 1.720839E-02
1.455880E+00 7.085094E-04 9.810370E-01 1.825449E-02
1.456881E+00 4.284128E-04 9.801830E-01 1.938855E-02
1.457882E+00 -4.972452E-04 9.797127E-01 2.078453E-02
1.458882E+00 -7.719690E-04 9.783288E-01 2.244314E-02
1.459883E+00 7.037807E-05 9.757410E-01 2.418865E-02
1.460884E+00 9.048184E-04 9.731575E-01 2.593773E-02
1.461885E+00 5.059334E-04 9.716117E-01 2.788235E-02
1.462886E+00 -6.684385E-04 9.703738E-01 3.029465E-02
1.463887E+00 -9.742017E-04 9.677928E-01 3.318135E-02
1.464887E+00 1.361869E-04 9.635765E-01 3.628732E-02
1.465888E+00 1.191550E-03 9.592920E-01 3.951648E-02
1.466889E+00 6.314872E-04 9.561516E-01 4.321695E-02
1.467890E+00 -9.157511E-04 9.530477E-01 4.786807E-02
1.468891E+00 -1.291712E-03 9.477692E-01 5.352253E-02
1.469892E+00 2.164671E-04 9.399673E-01 5.981622E-02
1.470892E+00 1.644240E-03 9.316715E-01 6.668426E-02
1.471893E+00 8.726423E-04 9.242559E-01 7.487143E-02
1.472894E+00 -1.287296E-03 9.158780E-01 8.540926E-02
1.473895E+00 -1.859128E-03 9.032433E-01 9.861583E-02
1.474896E+00 2.712318E-04 8.856331E-01 1.140956E-01
1.475897E+00 2.438196E-03 8.654287E-01 1.321331E-01
1.476897E+00 1.462220E-03 8.436928E-01 1.548450E-01
1.477898E+00 -1.826056E-03 8.165238E-01 1.853023E-01
1.478899E+00 -3.080827E-03 7.776561E-01 2.254247E-01
1.479900E+00 -2.700037E-05 7.242367E-01 2.757903E-01
1.480901E+00 3.936115E-03 6.572553E-01 3.388086E-01
1.481902E+00 3.437796E-03 5.748456E-01 4.217166E-01
1.482902E+00 -1.846588E-03 4.684827E-01 5.333638E-01
1.483903E+00 -5.892060E-03 3.323771E-01 6.735150E-01
1.484904E+00 -3.228594E-03 1.808663E-01 8.223623E-01
1.485905E+00 4.004559E-03 5.427314E-02 9.417223E-01
1.486906E+00 7.899139E-03 2.370647E-04 9.918638E-01
1.487907E+00 3.912048E-03 4.189368E-02 9.541943E-01
1.488907E+00 -3.611849E-03 1.606603E-01 8.429516E-01
1.489908E+00 -6.419642E-03 3.099194E-01 6.965002E-01
1.490909E+00 -1.952394E-03 4.470122E-01 5.549402E-01
1.491910E+00 3.997669E-03 5.550409E-01 4.409614E-01
1.492911E+00 4.561521E-03 6.391728E-01 3.562657E-01
1.493912E+00 -1.402559E-04 7.083943E-01 2.917459E-01
1.494912E+00 -3.849496E-03 7.642740E-01 2.395755E-01
1.495913E+00 -2.280238E-03 8.047531E-01 1.975271E-01
1.496914E+00 1.929432E-03 8.324013E-01 1.656693E-01
1.497915E+00 3.214517E-03 8.545308E-01 1.422547E-01
1.498916E+00 3.024741E-04 8.759909E-01 1.237066E-01
1.499917E+00 -2.638353E-03 8.952123E-01 1.074261E-01
1.500917E+00 -1.832225E-03 9.085775E-01 9.325477E-02
1.501918E+00 1.304109E-03 9.166449E-01 8.205098E-02
1.502919E+00 2.459095E-03 9.239165E-01 7.362443E-02
1.503920E+00 2.837726E-04 9.331309E-01 6.658532E-02
1.504921E+00 -2.080067E-03 9.422271E-01 5.985299E-02
1.505922E+00 -1.480889E-03 9.478719E-01 5.360894E-02
1.506922E+00 1.068424E-03 9.503535E-01 4.857812E-02
1.507923E+00 2.020883E-03 9.531775E-01 4.480159E-02
1.508924E+00 1.963163E-04 9.582857E-01 4.151793E-02
1.509925E+00 -1.779863E-03 9.636550E-01 3.812482E-02
1.510926E+00 -1.227284E-03 9.664008E-01 3.482650E-02
1.511927E+00 9.691746E-04 9.668590E-01 3.217186E-02
1.512927E+00 1.740122E-03 9.680391E-01 3.022077E-02
1.513928E+00 1.023751E-04 9.714339E-01 2.846376E-02
1.514929E+00 -1.600154E-03 9.750933E-01 2.650689E-02
1.515930E+00 -1.036290E-03 9.765000E-01 2.453630E-02
1.516931E+00 9.294509E-04 9.760952E-01 2.297531E-02
1.517932E+00 1.545039E-03 9.765861E-01 2.186888E-02
1.518932E+00 1.276666E-05 9.791522E-01 2.083502E-02
1.519933E+00 -1.484714E-03 9.818928E-01 1.959189E-02
1.520934E+00 -8.846111E-04 9.825780E-01 1.830660E-02
1.521935E+00 9.200997E-04 9.817632E-01 1.731672E-02
1.522936E+00 1.400444E-03 9.819501E-01 1.664943E-02
1.523937E+00 -7.166499E-05 9.840742E-01 1.599751E-02
1.524937E+00 -1.406936E-03 9.862589E-01 1.514799E-02
1.525938E+00 -7.581193E-04 9.865050E-01 1.425309E-02
1.526939E+00 9.281343E-04 9.854814E-01 1.359050E-02
1.527940E+00 1.287329E-03 9.855407E-01 1.317200E-02
1.528941E+00 -1.520637E-04 9.874134E-01 1.273866E-02
1.529942E+00 -1.352726E-03 9.892290E-01 1.212376E-02
1.530942E+00 -6.480335E-04 9.891795E-01 1.146852E-02
1.531943E+00 9.470229E-04 9.880456E-01 1.100736E-02
1.532944E+00 1.194549E-03 9.880661E-01 1.073936E-02
1.533945E+00 -2.297857E-04 9.897908E-01 1.043895E-02
1.534946E+00 -1.313915E-03 9.913414E-01 9.972524E-03
1.535947E+00 -5.486592E-04 9.910754E-01 9.473308E-03
1.536947E+00 9.731469E-04 9.898835E-01 9.143318E-03
1.537948E+00 1.115102E-03 9.899137E-01 8.971186E-03
1.538949E+00 -3.060090E-04 9.915505E-01 8.755500E-03
1.539950E+00 -1.285415E-03 9.928978E-01 8.387572E-03
1.540951E+00 -4.561376E-04 9.924613E-01 7.994835E-03
1.541952E+00 1.004329E-03 9.912413E-01 7.754332E-03
1.542952E+00 1.044325E-03 9.913098E-01 7.645877E-03
1.543953E+00 -3.816798E-04 9.928955E-01 7.486178E-03
1.544954E+00 -1.263838E-03 9.940777E-01 7.186102E-03
1.545955E+00 -3.677414E-04 9.934988E-01 6.868935E-03
1.546956E+00 1.039158E-03 9.922689E-01 6.691928E-03
1.547957E+00 9.789481E-04 9.923938E-01 6.627248E-03
1.548957E+00 -4.575385E-04 9.939520E-01 6.505585E-03
1.549958E+00 -1.246799E-03 9.949931E-01 6.253691E-03
1.550959E+00 -2.814663E-04 9.942895E-01 5.991969E-03
1.551960E+00 1.076646E-03 9.930618E-01 5.861579E-03
1.552961E+00 9.165651E-04 9.932556E-01 5.827876E-03
1.553962E+00 -5.341580E-04 9.948016E-01 5.732578E-03
1.554962E+00 -1.232515E-03 9.957168E-01 5.515750E-03
1.555963E+00 -1.957851E-04 9.948999E-01 5.295892E-03
1.556964E+00 1.116054E-03 9.936832E-01 5.200791E-03
1.557965E+00 8.553293E-04 9.939551E-01 5.189554E-03
1.558966E+00 -6.119759E-04 9.954992E-01 5.112765E-03
1.559967E+00 -1.219585E-03 9.962976E-01 4.921963E-03
1.560967E+00 -1.094944E-04 9.953750E-01 4.734537E-03
1.561968E+00 1.156781E-03 9.941763E-01 4.666903E-03
1.562969E+00 7.937630E-04 9.945339E-01 4.672310E-03
1.563970E+00 -6.913208E-04 9.960827E-01 4.608575E-03
1.564971E+00 -1.206843E-03 9.967695E-01 4.437390E-03
1.565972E+00 -2.161765E-05 9.957459E-01 4.275679E-03
1.566972E+00 1.198304E-03 9.945717E-01 4.229992E-03
1.567973E+00 7.306379E-04 9.950214E-01 4.247954E-03
1.568974E+00 -7.724298E-04 9.965791E-01 4.193376E-03
1.569975E+00 -1.193279E-03 9.971561E-01 4.037152E-03
1.570976E+00 6.865822E-05 9.960351E-01 3.896275E-03
1.571977E+00 1.240140E-03 9.948913E-01 3.868564E-03
1.572977E+00 6.648962E-04 9.954390E-01 3.896146E-03
1.573978E+00 -8.554613E-04 9.970076E-01 3.847865E-03
1.574979E+00 -1.177974E-03 9.974748E-01 3.703139E-03
1.575980E+00 1.620249E-04 9.962585E-01 3.579497E-03
1.576981E+00 1.281813E-03 9.951513E-01 3.566862E-03
1.577982E+00 5.955973E-04 9.958025E-01 3.601911E-03
1.578982E+00 -9.405040E-04 9.973827E-01 3.557771E-03
1.579983E+00 -1.160064E-03 9.977381E-01 3.421921E-03
1.580984E+00 2.590804E-04 9.964281E-01 3.312823E-03
1.581985E+00 1.322840E-03 9.953640E-01 3.313128E-03
1.582986E+00 5.218809E-04 9.961241E-01 3.354029E-03
1.583987E+00 -1.027581E-03 9.977152E-01 3.312361E-03
1.584987E+00 -1.138711E-03 9.979553E-01 3.183365E-03
1.585988E+00 3.603470E-04 9.965529E-01 3.086786E-03
1.586989E+00 1.362711E-03 9.955388E-01 3.098444E-03
1.587990E+00 4.429412E-04 9.964131E-01 3.143963E-03
1.588991E+00 -1.116654E-03 9.980132E-01 3.103436E-03
1.589992E+00 -1.113086E-03 9.981334E-01 2.979710E-03
1.590992E+00 4.662832E-04 9.966396E-01 2.894123E-03
1.591993E+00 1.400880E-03 9.956832E-01 2.915956E-03
1.592994E+00 3.580076E-04 9.966769E-01 2.965126E-03
1.593995E+00 -1.207622E-03 9.982830E-01 2.924650E-03
1.594996E+00 -1.082350E-03 9.982774E-01 2.804936E-03
1.595997E+00 5.772904E-04 9.966935E-01 2.729194E-03
1.596997E+00 1.436750E-03 9.958029E-01 2.760331E-03
1.597998E+00 2.663323E-04 9.969213E-01 2.812375E-03
1.598999E+00 -1.300321E-03 9.985293E-01 2.771029E-03
1.600000E+00 -1.045648E-03 9.983913E-01 2.654318E-03
